2.1361,1.5159
2.3457,1.4623
6.0657,1.0571
2.414,1.4585
10.652,0.81009
6.6794,1.0125
3.3361,1.3248
4.3455,1.1995
8.9695,0.8874
4.728,1.1479
7.0017,0.96187
4.5833,1.1636
4.1783,1.2132
4.2906,1.2066
5.575,1.0907
5.0802,1.1283
4.5497,1.1624
1.8741,1.5291
1.9871,1.4945
1.9967,1.5012
2.8218,1.3608
2.3286,1.4521
2.9909,1.368
2.9895,1.363
3.8544,1.2488
7.2707,0.96889
6.0942,1.0245
6.5144,1.0071
6.3222,1.0162
6.0196,1.0355
14.9,0.64919
3.7213,1.2468
3.6362,1.2546
4.6277,1.1615
4.8151,1.1457
6.27,1.0499
9.9131,0.86386
9.7105,0.86081
8.913,0.89351
6.7761,1.0146
5.0739,1.1358
5.8913,1.0633
6.0443,1.0584
5.4517,1.105
7.2695,0.97514
14.556,0.67334
3.36,1.3028
2.6116,1.393
9.0361,0.85385
12.362,0.72552
7.0966,0.98165
12.338,0.7464
9.3985,0.87295
10.285,0.84398
7.2479,0.97921
7.7719,0.94331
6.897,0.98973
7.912,0.92085
8.702,0.87438
12.238,0.73972
4.6091,1.1647
5.6822,1.0701
9.9236,0.82271
6.3269,1.0111
12.216,0.73075
5.3534,1.0838
5.9337,1.0422
7.1336,0.97683
6.2301,1.0282
7.4049,0.9648
9.661,0.84354
4.1827,1.1956
8.652,0.88118
9.0833,0.86821
8.5426,0.89959
8.3036,0.91082
15.123,0.64146
9.7766,0.83003
10.754,0.79252
6.9844,0.97755
6.6753,0.99919
12.078,0.7358
12.747,0.7146
6.5356,0.99893
6.3609,1.0162
18.183,0.56259
13.041,0.70471
10.014,0.80616
6.8633,0.98604
6.1023,1.0473
9.1981,0.86969
15.318,0.64659
8.6476,0.89692
7.9574,0.9158
7.2104,0.94872
5.2719,1.0708
4.9609,1.0845
4.7659,1.1165
6.592,0.99853
5.8787,1.0405
6.5889,0.99691
6.9765,0.97608
7.9419,0.91727
7.7441,0.9179
7.9936,0.89899
7.2409,0.93659
6.0843,1.01
7.2328,0.93619
7.5651,0.94628
6.038,1.0213
6.7087,0.9868
5.6069,1.0637
7.0238,0.95997
7.7722,0.912
6.2944,0.99799
5.7597,1.0332
9.9947,0.80528
7.7706,0.9127
7.4423,0.93826
10.672,0.78032
7.7581,0.90802
5.8092,1.0282
5.9051,1.0115
4.7773,1.1018
9.1685,0.83758
6.4021,0.97295
11.2,0.75578
9.9806,0.80179
9.0253,0.83375
12.496,0.69408
8.6006,0.8365
10.475,0.76091
5.7977,1.0106
7.0331,0.92882
10.422,0.76886
10.539,0.76688
6.4678,0.97492
7.579,0.90171
6.4747,0.9691
11.687,0.71773
13.184,0.66728
12.62,0.68402
13.452,0.65366
16.384,0.57955
15.343,0.6137
14.204,0.64006
15.852,0.59107
15.319,0.59926
16.216,0.57172
16.035,0.57406
15.315,0.59945
15.06,0.6129
14.186,0.63581
14.295,0.63474
14.764,0.61963
11.352,0.73617
13.207,0.67191
12.631,0.68712
14.28,0.64203
11.7,0.71723
13.644,0.65052
16.675,0.56913
16.298,0.59236
17.384,0.56359
15.816,0.60337
12.989,0.66296
16.543,0.58119
17.192,0.56775
14.361,0.63362
13.832,0.64904
14.624,0.62654
15.347,0.609
17.575,0.54629
16.174,0.5821
17.189,0.55297
12.729,0.68523
17.939,0.54286
16.652,0.58186
15.868,0.59136
16.793,0.56027
14.359,0.63557
18.322,0.53609
17.022,0.56651
15.862,0.59332
15.452,0.60414
14.64,0.62084
15.229,0.60433
18.016,0.5322
18.551,0.52672
20.216,0.4976
22.915,0.45987
22.841,0.47074
21.638,0.5069
24.568,0.44773
26.755,0.42627
23.638,0.47103
27.689,0.41364
24.804,0.44399
24.729,0.45162
24.772,0.45
24.627,0.44861
27.391,0.40755
25.366,0.43143
25.65,0.43489
25.457,0.43026
27.391,0.40354
28.11,0.39256
26.541,0.41302
24.203,0.45584
26.016,0.42496
25.897,0.42813
26.612,0.42143
26.744,0.41928
26.826,0.41518
27.846,0.39483
26.826,0.40824
28.5,0.39276
24.382,0.45816
27.593,0.41154
26.461,0.42069
28.716,0.39099
28.836,0.3841
27.957,0.39719
26.874,0.41443
29.71,0.36873
29.46,0.38467
27.866,0.39565
29.271,0.38007
27.203,0.40435
28.134,0.38927
27.026,0.39987
26.492,0.41385
27.828,0.39575
25.104,0.42713
23.865,0.44513
25.281,0.43346
25.285,0.42024
25.055,0.42501
26.067,0.42519
23.896,0.44726
20.5,0.51655
25.837,0.42907
26.514,0.40832
23.057,0.45258
22.158,0.46759
24.162,0.42322
23.008,0.44726
24.053,0.42008
23.078,0.44488
22.396,0.45347
21.141,0.48179
20.065,0.49713
21.51,0.4718
21.191,0.48347
21.92,0.46965
21.889,0.46306
16.472,0.54411
24.476,0.42215
23.403,0.42993
24.493,0.41934
24.249,0.41991
24.031,0.42175
24.881,0.40707
21.721,0.46251
21.045,0.47174
20.011,0.49085
22.694,0.45113
18.896,0.52435
21.774,0.46236
21.419,0.47121
22.462,0.45018
21.016,0.48402
22.434,0.44801
21.165,0.47003
18.894,0.52306
20.984,0.47642
20.964,0.47127
20.167,0.48785
20.065,0.48863
20.032,0.48805
21.656,0.46082
21.475,0.46355
21.899,0.45556
22.26,0.45233
22.54,0.44966
22.687,0.44544
21.275,0.47216
20.887,0.471
17.996,0.54568
20.763,0.48384
20.897,0.47811
19.83,0.50359
18.827,0.52231
20.125,0.49023
19.397,0.51582
17.203,0.54507
15.576,0.58798
19.287,0.50627
20.61,0.47682
19.75,0.49561
18.779,0.52442
17.907,0.55053
17.548,0.54524
16.187,0.57667
19.316,0.52452
21.086,0.49054
17.859,0.54911
21.224,0.47693
20.551,0.48073
21.069,0.47096
21.049,0.47065
22.425,0.44718
20.284,0.48176
20.725,0.48092
22.463,0.4492
20.266,0.48611
22.28,0.44078
19.877,0.48976
21.342,0.45963
20.07,0.49071
20.47,0.47822
20.838,0.46958
21.509,0.45984
19.245,0.50437
21.325,0.46411
18.309,0.52056
20.212,0.4858
21.217,0.46842
18.277,0.52343
18.954,0.51743
18.905,0.51725
23.807,0.43527
18.207,0.52457
19.537,0.49654
20.074,0.48511
21.326,0.47168
22.411,0.43853
21.674,0.4569
20.103,0.48357
20.665,0.47115
21.108,0.46148
20.588,0.47158
20.095,0.48398
18.064,0.52472
18.012,0.52716
20.642,0.47309
19.438,0.49675
19.783,0.48831
19.173,0.50472
21.61,0.45682
18.816,0.51338
18.825,0.50505
19.242,0.4974
21.306,0.46369
19.459,0.49266
20.387,0.47304
19.713,0.48672
19.833,0.4839
18.592,0.51138
18.908,0.5055
19.989,0.48302
20.66,0.4676
19.692,0.48856
19.425,0.49265
19.447,0.49309
18.614,0.51189
20.048,0.48261
19.333,0.49248
18.396,0.51303
19.215,0.50563
21.311,0.45945
19.286,0.49515
20.328,0.47043
20.353,0.46944
19.227,0.49602
20.429,0.47309
18.667,0.50325
18.762,0.50233
18.144,0.51694
19.497,0.489
18.402,0.5088
18.905,0.49889
18.27,0.51012
20.388,0.48071
19.737,0.48712
18.832,0.49853
19.889,0.48816
19.226,0.49112
18.16,0.51289
19.368,0.48944
18.432,0.50711
19.844,0.48101
18.286,0.51204
20.208,0.4799
20.094,0.47677
20.352,0.47508
19.64,0.49114
19.13,0.50216
20.436,0.48545
19.576,0.49263
21.149,0.46856
20.517,0.47415
22.553,0.44011
21.401,0.4624
21.615,0.45782
20.205,0.47862
21.509,0.46018
20.017,0.48304
18.248,0.51296
18.377,0.50796
18.539,0.50427
17.184,0.53463
21.829,0.44733
19.639,0.49504
19.559,0.48894
22.394,0.44783
23.271,0.44257
25.339,0.40593
19.448,0.49166
25.379,0.40532
21.366,0.46872
18.114,0.51313
18.014,0.51877
23.528,0.43226
23.155,0.44029
22.34,0.45339
22.224,0.45768
22.683,0.44506
22.678,0.44625
21.547,0.46437
18.013,0.51332
21.488,0.4632
23.278,0.43674
22.718,0.44424
18.427,0.50804
22.255,0.4494
21.946,0.45536
22.553,0.44639
21.905,0.45733
22.894,0.43894
18.765,0.49387
22.784,0.44145
17.643,0.51914
22.092,0.45051
18.526,0.50361
19.383,0.48644
24.614,0.41297
18.223,0.50806
18.082,0.50955
21.713,0.46283
21.993,0.45409
18.251,0.50773
22.875,0.4417
17.888,0.51595
21.484,0.46402
21.542,0.46524
19.423,0.4777
19.041,0.49426
18.349,0.50461
18.439,0.5037
23.62,0.43106
21.889,0.4592
21.517,0.46651
18.82,0.49876
21.566,0.46775
20.255,0.47318
18.179,0.50822
23.686,0.42317
18.897,0.49977
22.928,0.44535
18.999,0.49769
19.536,0.48174
21.491,0.46792
20.032,0.47419
18.02,0.50991
21.911,0.4583
18.355,0.50384
22.811,0.44415
21.387,0.46493
21.755,0.46184
19.112,0.49316
20.029,0.47226
17.818,0.50933
22.924,0.44133
23.427,0.43558
19.253,0.48899
18.28,0.50411
21.99,0.462
23.1,0.43958
23.197,0.43704
23.895,0.43039
20.831,0.47779
22.253,0.45244
24.719,0.41451
16.443,0.55189
22.629,0.44602
18.13,0.50531
21.451,0.46686
19.634,0.47982
23.847,0.42691
21.438,0.4699
22.638,0.45076
21.38,0.47801
23.041,0.45136
19.815,0.47491
20.955,0.45554
20.823,0.45844
19.949,0.47784
17.932,0.50547
20.642,0.46195
19.96,0.47508
18.364,0.50499
19.648,0.47849
20.929,0.45541
20.65,0.46515
24.404,0.41873
18.356,0.52278
17.715,0.53025
22.246,0.46447
23.168,0.4432
24.298,0.41892
23.548,0.43079
23.535,0.43254
25.795,0.41158
23.418,0.43702
23.33,0.43785
23.567,0.43236
24.634,0.4158
17.211,0.53862
21.409,0.47815
22.08,0.4624
21.91,0.45918
23.481,0.43176
23.843,0.42981
22.596,0.45267
21.915,0.46022
22.25,0.45203
23.279,0.43839
20.004,0.48062
20.311,0.47507
19.929,0.47433
19.704,0.47609
19.791,0.47104
17.53,0.52399
18.835,0.49237
19.661,0.47631
19.555,0.47478
19.241,0.4833
19.603,0.47548
19.231,0.48377
23.6,0.43094
19.167,0.48441
18.5,0.50128
20.511,0.46131
20.218,0.46962
19.603,0.47714
19.993,0.4684
19.327,0.48045
19.782,0.47789
18.163,0.50983
22.612,0.4518
18.531,0.50053
25.675,0.39859
22.825,0.44536
17.944,0.50194
18.822,0.49211
17.829,0.5126
17.182,0.52541
17.693,0.51573
19.952,0.4748
19.042,0.4889
21.375,0.46888
18.943,0.48961
17.861,0.51426
18.786,0.49181
22.352,0.45371
17.531,0.53261
23.686,0.43005
19.219,0.48428
22.766,0.44401
22.909,0.43876
23.526,0.42871
18.418,0.50282
23.033,0.43649
18.78,0.49237
19.01,0.48737
21.202,0.47598
23.517,0.43037
18.974,0.49426
24.16,0.4154
19.393,0.48061
19.007,0.49023
23.572,0.42852
23.478,0.43117
23.372,0.43042
24.75,0.43059
22.227,0.45639
22.493,0.44827
21.833,0.45894
23.379,0.42808
18.311,0.50278
17.838,0.50673
16.804,0.53362
17.349,0.52327
19.141,0.48373
18.426,0.50378
17.728,0.5155
22.813,0.44649
21.524,0.46669
22.178,0.45401
22.209,0.45462
16.646,0.53915
19.142,0.48179
19.303,0.4886
22.906,0.44214
20.484,0.46384
24.947,0.40946
23.144,0.43431
23.758,0.42915
17.178,0.52887
20.148,0.47114
22.444,0.45051
21.372,0.47159
24.195,0.42056
16.17,0.56099
16.072,0.56902
17.118,0.54241
18.879,0.49583
19.07,0.49157
19.693,0.49929
16.192,0.55587
23.12,0.44255
21.958,0.46326
21.319,0.47514
22.622,0.44377
20.82,0.477
17.096,0.53678
18.146,0.51949
24.386,0.41501
23.477,0.42993
25,0.40107
24.635,0.41432
20.255,0.46185
22.539,0.4492
19.97,0.47223
24.023,0.41986
19.416,0.48166
19.8,0.4692
21.929,0.45604
19.527,0.47752
24.338,0.42019
20.915,0.45481
24.034,0.43168
23.309,0.44123
19.208,0.4918
19.147,0.49275
18.337,0.51065
18.553,0.50539
21.795,0.45249
24.506,0.41844
19.35,0.48883
20.532,0.46107
18.723,0.49476
19.025,0.49011
24.562,0.41254
19.799,0.48048
19.289,0.4854
21.869,0.46395
23.157,0.43966
22.431,0.45163
23.288,0.44052
22.374,0.44743
17.254,0.52846
21.78,0.46714
23.229,0.43694
24.56,0.41451
24.798,0.41284
22.828,0.44078
25.299,0.40591
24.14,0.42852
23.912,0.4229
23.408,0.43388
24.569,0.41228
23.09,0.43798
24.517,0.42315
20.553,0.46558
19.078,0.49298
18.497,0.51201
22.673,0.45776
19.69,0.48073
19.831,0.4763
19.581,0.48697
20.099,0.47004
19.977,0.47189
22.923,0.44103
24.452,0.41953
18.817,0.48792
19.01,0.48199
19.794,0.47259
19.916,0.46354
19.942,0.46745
19.022,0.485
19.318,0.47998
17.584,0.51701
18.202,0.50427
18.684,0.49465
24.107,0.41976
19.001,0.48819
19.961,0.47089
19.24,0.48695
22.496,0.45154
21.258,0.46744
18.477,0.49345
18.407,0.49996
18.893,0.48601
17.276,0.52783
18.811,0.49207
18.955,0.48774
18.189,0.50863
19.865,0.4737
22.979,0.45994
17.667,0.53172
20.674,0.4946
19.222,0.48218
23.147,0.4379
23.264,0.42964
18.569,0.49659
17.27,0.52536
23.568,0.43435
23.077,0.44331
23.983,0.42965
24.869,0.41058
18.615,0.50054
19.209,0.48683
19.546,0.48341
17.634,0.51788
19.555,0.48458
17.905,0.52074
21.306,0.44782
23.86,0.42295
24.883,0.41122
24.402,0.4157
23.813,0.42616
24.648,0.41577
23.565,0.422
24.461,0.41648
18.964,0.48578
19.388,0.47957
17.098,0.52156
20.656,0.49105
22.829,0.44105
22.839,0.44457
23.409,0.43486
22.063,0.45916
22.77,0.45579
23.083,0.44076
22.916,0.44281
17.483,0.52595
23.682,0.4291
22.233,0.45739
24.742,0.42069
22.55,0.45529
22.482,0.45733
24.317,0.4206
22.463,0.45449
24.293,0.41668
23.719,0.4311
23.698,0.42821
23.179,0.44135
21.915,0.46431
22.371,0.45447
18.788,0.48986
21.818,0.46434
19.546,0.47953
17.948,0.5106
17.726,0.51697
19.087,0.48889
18.493,0.50187
24.541,0.41674
23.361,0.44563
15.545,0.57698
21.182,0.4852
23.087,0.44188
21.709,0.46662
21.688,0.46617
22.925,0.44839
23.152,0.43557
20.896,0.48412
22.545,0.44293
24.893,0.40886
22.545,0.44335
28.222,0.36955
20.091,0.47017
18.466,0.50226
16.946,0.52861
18.505,0.50249
19.151,0.48621
23.12,0.43629
19.979,0.46943
22.776,0.43588
23.708,0.42572
23.942,0.42224
23.664,0.42643
23.648,0.42847
18.852,0.48531
18.701,0.49005
20.05,0.46317
18.925,0.48827
23.094,0.43687
22.361,0.44515
22.45,0.44553
23.955,0.42139
23.026,0.43731
22.148,0.45235
22.749,0.44156
22.457,0.44673
19.471,0.47744
18.24,0.49886
21.895,0.44992
18.659,0.48865
17.993,0.50374
22.285,0.44853
22.117,0.44789
21.962,0.4507
21.386,0.46297
21.573,0.46038
22.237,0.44364
23.033,0.4337
21.043,0.48577
22.636,0.45125
18.169,0.51195
23.586,0.42687
23.947,0.42112
24.312,0.41258
23.354,0.43218
22.811,0.43902
18.727,0.4942
22.156,0.4531
22.635,0.44616
19.071,0.4844
19.286,0.48203
19.029,0.48659
18.509,0.49338
22.705,0.43999
17.888,0.50607
22.702,0.43818
22.072,0.4532
23.012,0.43599
23.162,0.43257
22.968,0.44133
23.045,0.43896
25.536,0.40443
18.735,0.51388
21.335,0.47765
20.031,0.47346
22.415,0.45249
15.038,0.5812
20.194,0.49873
22.92,0.44772
19.494,0.49073
22.645,0.44841
23.589,0.43511
21.808,0.4661
19.605,0.4793
20.473,0.46195
24.537,0.41077
23.47,0.42772
18.744,0.50032
22.337,0.45372
22.752,0.44408
22.109,0.44971
23.013,0.43622
23.09,0.43949
23.901,0.42391
23.646,0.4272
18.79,0.4899
20.214,0.46664
19.351,0.49532
19.733,0.47723
18.365,0.51091
23.463,0.44212
19.888,0.46996
18.945,0.48868
24.082,0.43048
18.855,0.48959
18.998,0.48666
20.507,0.46389
19.26,0.48076
24.646,0.40695
22.238,0.45374
20.274,0.45962
24.264,0.41463
24.125,0.41887
24.803,0.40634
24.225,0.41532
24.874,0.40511
24.819,0.40787
19.539,0.47945
23.177,0.42998
18.778,0.49355
23.878,0.42894
18.582,0.51543
23.978,0.42455
20.745,0.46542
20.426,0.47208
19.488,0.48079
24.187,0.41737
21.051,0.45011
19.716,0.47245
20.541,0.45625
18.295,0.50327
19.927,0.46948
21.299,0.47522
17.976,0.50596
19.822,0.47006
22.068,0.45953
24.177,0.42095
25.077,0.42282
23.547,0.44518
22.719,0.45083
21.603,0.4729
23.782,0.42421
24.071,0.41911
23.732,0.41923
18.314,0.49478
20.104,0.47631
20.333,0.46942
19.707,0.48186
20.143,0.46491
19.79,0.47786
18.641,0.49656
18.259,0.50443
20.019,0.47103
20.576,0.46445
21.173,0.45369
22.381,0.44279
19.735,0.48799
20.091,0.50868
24.085,0.42135
22.617,0.44875
23.618,0.42488
24.681,0.40722
24.107,0.41828
23.722,0.42853
18.754,0.49016
24.021,0.42169
24.213,0.42402
19.232,0.48068
19.313,0.47564
20.989,0.45059
23.014,0.4362
24.119,0.41908
23.369,0.43023
22.698,0.44471
23.192,0.43707
23.733,0.42489
23.824,0.42293
23.909,0.42551
22.752,0.43969
20.659,0.46242
29.302,0.37172
22.918,0.44371
25.087,0.4083
24.066,0.42964
23.93,0.43309
23.019,0.45238
23.966,0.43357
20.468,0.49345
22.247,0.4537
23.08,0.43583
23.193,0.44143
22.92,0.439
19.227,0.47938
19.238,0.48367
17.012,0.52932
19.253,0.4795
22.453,0.4497
18.841,0.48854
20.767,0.45783
20.376,0.45859
25.373,0.40286
25.108,0.40532
24.366,0.41224
23.768,0.42222
18.54,0.51857
22.374,0.45928
19.097,0.49525
23.394,0.43825
21.682,0.44913
23.729,0.43018
18.55,0.50107
20.111,0.46901
20.198,0.46627
23.288,0.43835
23.677,0.42939
24.073,0.42184
18.769,0.49854
22.057,0.4445
20.161,0.46378
24.388,0.41413
21.386,0.45128
19.111,0.48567
18.037,0.51274
24.504,0.41848
23.95,0.42152
23.887,0.4227
25.743,0.39658
21.479,0.44665
23.217,0.4403
20.099,0.46903
25.042,0.40217
24.634,0.40854
24.238,0.41929
19.665,0.47727
19.259,0.4819
19.245,0.48367
19.341,0.48228
19.711,0.47795
24.498,0.41561
20.749,0.45601
16.707,0.55107
20.807,0.4914
17.77,0.5145
23.107,0.43743
24.098,0.41755
23.481,0.43256
21.638,0.46514
21.355,0.47205
22.574,0.45376
19.679,0.47434
25.401,0.40072
23.365,0.43176
23.835,0.42393
18.209,0.50871
18.297,0.50304
18.998,0.48998
17.935,0.51245
23.536,0.43123
19.399,0.47886
19.781,0.46837
20.219,0.47578
23.734,0.42238
22.885,0.43965
23.964,0.42091
19.191,0.48447
23.054,0.42862
19.073,0.49627
20.447,0.4691
19.461,0.47831
19.619,0.47462
23.407,0.43035
18.865,0.49197
24.559,0.41872
18.88,0.49197
19.258,0.48469
18.703,0.49742
21.402,0.47256
20.824,0.45401
21.223,0.457
20.957,0.45616
20.33,0.46685
19.736,0.47968
18.797,0.48971
20.39,0.46424
19.155,0.48467
19.176,0.48108
20.46,0.46238
23.41,0.43751
20.236,0.45815
21.875,0.46363
23.047,0.43824
22.654,0.4572
22.591,0.45847
23.873,0.42311
22.837,0.44011
22.131,0.46217
22.179,0.46632
23.092,0.44872
20.847,0.48031
23.303,0.4293
22.365,0.45252
19.079,0.50013
23.643,0.42706
16.699,0.53388
23.103,0.43684
17.774,0.50902
20.072,0.45887
20.397,0.4577
19.059,0.48071
23.968,0.41526
23.662,0.425
23.952,0.41719
23.724,0.45181
16.935,0.5394
23.343,0.43693
22.155,0.45356
22.731,0.44107
22.115,0.46559
22.779,0.45721
17.339,0.52553
20.752,0.48387
23.003,0.4441
23.337,0.43178
22.411,0.44766
22.675,0.43291
28.678,0.36612
19.61,0.46602
22.796,0.43713
22.723,0.4358
22.798,0.436
23.036,0.42925
24.235,0.41769
21.53,0.45926
19.9,0.4735
23.275,0.43124
22.993,0.43276
18.571,0.49299
18.405,0.49632
17.243,0.52144
17.841,0.50864
17.539,0.51883
22.406,0.44343
22.067,0.45141
18.104,0.49773
18.329,0.51028
21.811,0.45371
22.592,0.44052
24.205,0.42189
24.451,0.41781
22.446,0.44784
23.28,0.4327
23.67,0.4284
23.137,0.43638
23.729,0.42881
24.275,0.41996
23.771,0.42801
23.417,0.43248
23.48,0.4332
24.289,0.41941
22.72,0.44433
23.992,0.42019
22.462,0.44995
24.056,0.42194
23.408,0.43298
23.86,0.42237
21.957,0.45515
22.501,0.44534
21.635,0.46556
22.099,0.44783
21.348,0.46218
22.467,0.44553
21.308,0.46114
20.012,0.46479
19.031,0.49085
20.507,0.46015
23.361,0.42931
20.649,0.45824
20.723,0.45624
20.926,0.45243
25.217,0.40358
24.772,0.41321
24.744,0.41193
20.097,0.47195
23.834,0.42923
22.991,0.4359
23.195,0.42981
19.618,0.47574
24.128,0.42091
23.569,0.42914
23.096,0.43509
23.864,0.42183
23.849,0.42081
22.638,0.44932
23.894,0.4217
24.252,0.42255
23.147,0.44065
19.62,0.47738
20.187,0.46201
23.888,0.42171
24.059,0.41741
22.657,0.44539
22.242,0.4552
23.635,0.42749
22.322,0.44858
22.295,0.4542
23.401,0.43463
23.247,0.43518
23.539,0.43439
24.198,0.41628
26.902,0.38677
22.941,0.43807
23.077,0.43526
21.866,0.4606
23.893,0.42662
22.721,0.43889
20.638,0.47611
22.616,0.44962
22.891,0.44514
22.165,0.44622
25.61,0.40397
19.163,0.48657
23.434,0.4354
23.795,0.43333
19.386,0.47877
25.085,0.40633
24.764,0.41337
23.654,0.43409
24.264,0.42228
19.506,0.48
23.566,0.42599
23.424,0.42638
23.831,0.42473
20.939,0.48666
22.921,0.44116
22.147,0.46065
23.965,0.4209
23.241,0.42769
23.631,0.42753
19.796,0.47474
24.237,0.42243
23.48,0.44066
21.533,0.46982
23.844,0.42385
23.866,0.42152
18.314,0.50423
17.753,0.52792
18.461,0.51107
21.508,0.46557
16.395,0.5413
21.085,0.47554
23.452,0.44046
24.126,0.41987
21.254,0.47118
22.033,0.4543
22.629,0.45086
23.743,0.42821
18.605,0.50386
19.568,0.48268
22.168,0.46023
19.032,0.49454
23.175,0.43208
22.484,0.45788
23.699,0.42721
22.515,0.45483
23.49,0.43111
23.534,0.43394
22.186,0.45979
17.914,0.50821
19.503,0.47706
17.987,0.49572
21.967,0.45415
16.885,0.52613
20.399,0.491
21.401,0.46348
22.237,0.44382
22.083,0.43956
22.266,0.43783
21.904,0.44623
22.615,0.43578
21.387,0.45763
19.629,0.49117
17.295,0.51313
16.612,0.53285
18.072,0.50122
20.947,0.4697
19.591,0.4676
21.444,0.45047
21.964,0.44363
20.628,0.47217
17.977,0.50685
22.485,0.44529
20.969,0.47775
20.912,0.48114
19.346,0.47091
17.125,0.51858
17.606,0.50602
22.383,0.43608
20.604,0.48425
20.56,0.4754
20.574,0.4733
22.257,0.44597
22.651,0.43851
21.335,0.46497
21.846,0.4516
19.178,0.47235
22.767,0.43477
20.066,0.47064
17.497,0.51715
20.395,0.4788
20.501,0.47764
20.063,0.48656
21.549,0.45039
21.21,0.45778
20.151,0.47576
19.198,0.49325
20.383,0.46979
14.828,0.57311
15.104,0.55979
19.345,0.48953
19.975,0.46816
15.749,0.54288
20.206,0.47292
18.934,0.49287
17.536,0.5217
17.859,0.51185
19.154,0.48021
16.054,0.53008
18.234,0.50664
15.16,0.56745
19.523,0.48334
19.968,0.47687
19.645,0.47961
18.253,0.5052
19.074,0.4905
19.268,0.48838
15.845,0.53725
17.846,0.50453
15.945,0.53279
19.647,0.47886
15.632,0.53656
15.949,0.53983
16.28,0.52123
16.137,0.52031
16.617,0.50932
16.922,0.50156
16.068,0.51707
16.829,0.51251
16.592,0.51995
15.31,0.54444
14.349,0.563
14.91,0.54932
17.575,0.50743
16.665,0.51772
16.001,0.53874
14.196,0.56353
16.132,0.53118
14.112,0.56996
14.618,0.55643
15.107,0.54013
14.051,0.56796
14.063,0.5682
13.985,0.56413
13.85,0.56679
12.775,0.58907
10.308,0.64346
14.84,0.53899
14.678,0.53986
15.447,0.52608
16.267,0.50481
16.846,0.51427
14.903,0.54341
14.783,0.5422
17.848,0.49191
16.83,0.51462
13.532,0.56248
13.434,0.56454
15.704,0.52501
15.591,0.53554
16.845,0.51085
15.947,0.5274
16.01,0.52521
16.452,0.51538
13.027,0.56662
16.399,0.5079
16.291,0.50996
16.041,0.51271
16.412,0.50702
14.754,0.54207
16.382,0.50952
12.97,0.57331
13.129,0.56686
14.463,0.54277
11.849,0.5915
13.057,0.56071
12.499,0.57097
14.459,0.54233
12.128,0.58377
12.204,0.57937
11.585,0.59161
11.494,0.5948
11.841,0.5821
12.114,0.57962
12.033,0.57682
11.765,0.58487
11.428,0.59665
11.401,0.59338
11.759,0.5858
11.828,0.5772
11.623,0.5853
13.977,0.53952
13.727,0.54578
13.016,0.5551
12.087,0.56945
12.329,0.5612
14.336,0.52514
13.795,0.53625
11.995,0.57
11.535,0.57655
13.245,0.54399
13.855,0.53292
13.377,0.54208
10.652,0.60135
13.139,0.55185
13.603,0.54313
13.447,0.54188
13.395,0.54469
11.63,0.58104
11.377,0.58768
14.051,0.53651
13.371,0.5459
13.855,0.53672
13.988,0.53344
11.551,0.58231
14.03,0.53769
13.897,0.53906
14.611,0.51917
14.114,0.53273
13.358,0.54648
13.741,0.53754
11.454,0.58434
13.897,0.53247
13.674,0.53556
13.685,0.53402
12.305,0.56324
10.409,0.60235
11.658,0.57429
12.55,0.55379
10.841,0.59023
12.269,0.55812
10.358,0.60109
12.378,0.55851
12.519,0.55255
10.387,0.60229
12.232,0.5619
12.688,0.55143
12.73,0.55127
11.72,0.57377
12.109,0.5656
12.211,0.5629
12.265,0.56278
12.066,0.5695
9.8699,0.61593
11.967,0.56851
12.427,0.55536
12.497,0.55688
11.599,0.57292
12.559,0.55556
12.312,0.55486
12.368,0.55389
12.855,0.54206
12.652,0.54503
13.124,0.53566
11.526,0.56351
14.163,0.5112
10.797,0.57498
11.519,0.56767
11.958,0.56549
10.554,0.60401
9.7416,0.62653
12.305,0.54334
15.845,0.48414
15.195,0.49114
15.663,0.48315
17.524,0.45928
12.656,0.56182
14.404,0.53257
11.549,0.57802
10.856,0.60117
12.378,0.55454
11.804,0.5733
15.003,0.51063
14.554,0.52198
13.194,0.54366
15.27,0.51274
12.726,0.54674
13.731,0.53052
12.478,0.55313
13.899,0.53963
14.636,0.52017
12.067,0.56134
11.972,0.57411
14.486,0.53131
12.435,0.56349
13.16,0.54764
12.514,0.56505
12.031,0.56994
12.797,0.55425
14.273,0.53057
14.27,0.52463
13.281,0.55154
13.329,0.54726
11.285,0.59232
14.019,0.53885
11.766,0.57952
13.923,0.5332
13.828,0.53096
10.864,0.59173
13.578,0.54385
11.233,0.58673
11.799,0.57509
11.243,0.58476
10.743,0.60434
10.3,0.61376
10.265,0.61933
9.3303,0.63403
9.5726,0.6284
10.806,0.60102
10.514,0.60496
9.4803,0.6311
8.664,0.64799
11.335,0.5833
9.994,0.61171
10.399,0.59461
13.316,0.54761
9.9003,0.60969
8.3879,0.64609
9.017,0.63737
8.852,0.63964
9.8778,0.60862
10.174,0.60154
10.004,0.61065
11.914,0.57385
11.862,0.57419
12.767,0.54306
12.939,0.54686
12.453,0.5559
13.638,0.52322
11.982,0.56723
10.342,0.60332
11.744,0.57237
8.1815,0.65826
11.665,0.57028
10.666,0.59463
11.708,0.56878
10.343,0.60074
10.299,0.60134
11.644,0.57099
11.029,0.58395
10.332,0.59899
10.349,0.59832
12.37,0.55875
10.705,0.59392
11.805,0.56655
8.9377,0.63512
9.8812,0.6136
9.3771,0.62071
9.5416,0.61265
8.8098,0.63373
9.0124,0.62746
8.4763,0.64289
9.4082,0.62012
9.9186,0.60288
9.745,0.60939
9.9453,0.60691
10.528,0.58968
10.467,0.58554
9.3245,0.61814
12.242,0.55137
10.416,0.59112
9.6654,0.60895
8.9373,0.62828
8.4567,0.64632
8.2083,0.65218
11.432,0.56961
8.4642,0.6422
9.4388,0.61524
8.9515,0.62997
9.8341,0.60737
8.9537,0.62907
10.85,0.58437
9.71,0.60622
8.9905,0.6301
9.5995,0.61178
8.5443,0.64114
8.1072,0.65488
8.3858,0.63939
8.611,0.63385
8.0973,0.65034
8.4415,0.63923
7.9684,0.65274
7.6835,0.66505
8.8678,0.62951
8.3153,0.64519
8.372,0.64015
8.9218,0.62637
8.4907,0.63554
7.9988,0.64843
8.3501,0.64007
8.8106,0.62492
6.5049,0.69764
7.4785,0.67306
7.1847,0.67517
6.7688,0.69028
6.4874,0.70005
6.1369,0.71388
6.4034,0.70037
9.3745,0.61384
6.2774,0.69386
7.0631,0.68032
7.127,0.6753
6.3264,0.70507
6.5798,0.69775
6.788,0.68867
6.1541,0.71146
6.4883,0.69847
6.7988,0.68519
6.6413,0.69155
6.8238,0.68476
7.7913,0.65696
9.902,0.59797
7.518,0.66591
6.9633,0.68322
5.5999,0.72719
4.4854,0.77701
7.1282,0.67644
5.1636,0.74673
4.5244,0.77304
7.2404,0.66501
4.1511,0.79218
4.3944,0.78015
5.9631,0.7118
6.5132,0.69099
5.9067,0.71451
5.335,0.73729
5.6989,0.72562
6.0692,0.70897
5.9917,0.7109
6.0103,0.71027
6.2095,0.70426
6.4601,0.69268
5.99,0.71024
5.4627,0.73355
6.1993,0.70104
6.4145,0.69291
6.28,0.69773
6.2728,0.6985
6.0497,0.70662
6.3492,0.69406
6.3297,0.69589
5.5721,0.72439
5.5113,0.72581
5.3499,0.73463
7.0058,0.67048
5.3646,0.73387
5.6174,0.71914
3.9678,0.79903
4.0097,0.79519
5.4896,0.7269
3.9513,0.79742
3.9439,0.79749
5.5735,0.71632
4.2212,0.78454
5.6325,0.7208
4.105,0.78964
5.2023,0.73851
3.9619,0.79744
4.7546,0.75812
4.9826,0.74735
5.3381,0.73156
6.2001,0.69722
4.9824,0.74705
5.4608,0.72583
4.9455,0.7496
5.5512,0.72356
4.8874,0.75188
5.4956,0.72624
5.7024,0.71583
6.0666,0.70373
5.2434,0.73582
6.0589,0.70405
5.9217,0.70873
5.6027,0.72153
5.852,0.71294
6.0615,0.70305
6.0072,0.70485
5.9699,0.70591
5.7655,0.71373
5.7198,0.71608
6.1823,0.69737
5.976,0.70503
6.0635,0.70196
4.7671,0.75536
6.0044,0.70412
6.0535,0.70209
5.2762,0.73113
5.3265,0.72562
5.8394,0.71125
8.059,0.63487
6.1871,0.69745
6.0342,0.70421
5.2629,0.73671
5.7345,0.71479
5.1864,0.73065
4.0981,0.78577
4.1607,0.78157
4.6545,0.75509
3.6889,0.80809
4.1151,0.78467
5.9101,0.70672
5.2825,0.72949
4.2343,0.774
4.461,0.76527
4.7391,0.75345
5.4407,0.7226
7.6958,0.6494
5.2026,0.73173
5.202,0.72844
3.7701,0.80387
5.1167,0.73761
5.3027,0.72794
4.0314,0.7884
5.2478,0.73061
5.347,0.72608
5.1275,0.7354
5.1167,0.73556
5.3407,0.7256
5.5481,0.71771
5.4778,0.71595
6.0274,0.70238
6.1733,0.69169
5.3977,0.72381
5.4324,0.71826
5.2384,0.72676
5.4696,0.71974
5.7689,0.70537
4.7945,0.75058
4.7889,0.75057
4.7772,0.75162
5.9549,0.70557
4.3268,0.7716
5.176,0.73323
4.7327,0.75146
5.4971,0.71806
6.1267,0.69688
5.1708,0.73224
4.7794,0.75096
4.0549,0.78648
4.757,0.75049
5.0026,0.74049
5.4055,0.7213
5.0328,0.73801
5.0595,0.7367
4.2107,0.77701
3.9462,0.79054
4.9019,0.74442
5.1203,0.73418
3.9231,0.79017
5.4375,0.72008
5.3536,0.724
5.2141,0.73227
4.9887,0.7401
4.9566,0.74174
5.3068,0.72014
5.7935,0.7066
3.8329,0.7964
4.0986,0.78161
5.6244,0.71353
4.7736,0.74857
5.6299,0.71253
5.405,0.72182
5.5786,0.71464
5.5313,0.7162
5.5236,0.71694
4.9028,0.74206
6.4532,0.68362
5.7505,0.70805
5.9034,0.7026
5.7836,0.70686
5.5995,0.71443
6.387,0.68541
5.6579,0.71315
5.4809,0.72176
5.6643,0.71051
5.8918,0.70123
5.8547,0.70285
5.5923,0.71329
6.149,0.69422
5.4494,0.71883
5.2938,0.72566
5.4899,0.71684
4.0031,0.78953
5.4818,0.71688
5.4862,0.71637
5.3449,0.72301
5.3513,0.72191
5.4553,0.71831
5.5121,0.71494
5.7156,0.70585
4.0214,0.78489
5.5318,0.70936
5.2902,0.72052
5.6862,0.70684
5.6778,0.70727
5.4745,0.71732
5.4875,0.71723
2.8081,0.87215
5.3686,0.72214
5.1297,0.7313
5.3543,0.72052
5.5367,0.71373
6.8707,0.66853
5.2976,0.72148
4.9379,0.73743
4.8922,0.7402
5.3175,0.72355
5.1938,0.72804
5.6198,0.71013
5.3375,0.71925
5.4719,0.71621
5.7124,0.70709
5.9209,0.69884
5.4261,0.71866
6.135,0.69136
5.2084,0.72534
6.1084,0.68693
4.9724,0.73148
5.8751,0.69761
4.903,0.73501
3.9102,0.78817
5.7111,0.70703
5.1157,0.72875
5.7399,0.70581
5.6851,0.70816
5.5375,0.7134
5.6597,0.70929
5.3224,0.72211
5.4771,0.71733
5.5618,0.71372
5.3921,0.72149
5.6955,0.70807
4.9654,0.73706
5.7259,0.70735
5.2312,0.72632
5.2822,0.72384
5.6061,0.71176
5.4775,0.71542
4.8406,0.74318
4.6676,0.75087
4.7932,0.74399
4.9106,0.74041
4.9646,0.73802
4.7483,0.74696
5.9544,0.69983
6.1067,0.69345
5.8797,0.69616
5.868,0.69642
5.0956,0.72576
4.243,0.77081
5.7347,0.70562
5.305,0.7224
5.3211,0.72187
3.8177,0.79257
5.9392,0.69499
5.8881,0.69763
6.0598,0.69296
5.4808,0.7158
5.5007,0.71499
5.5331,0.7137
5.4963,0.71586
4.6761,0.75122
5.1115,0.73053
4.7192,0.74947
5.0238,0.73379
5.2899,0.72311
5.3048,0.72232
5.1177,0.72913
5.2258,0.72417
5.6857,0.70614
5.5967,0.70931
5.3017,0.723
5.1911,0.72493
5.0731,0.73042
3.9413,0.78511
5.5208,0.71466
5.1812,0.72486
5.1125,0.73116
4.0199,0.7788
5.103,0.72847
4.0087,0.78014
5.4922,0.7124
5.3784,0.71808
5.7227,0.70424
5.5664,0.7115
5.5145,0.71256
5.401,0.71721
5.6385,0.70841
5.5757,0.71032
6.1907,0.68828
6.2154,0.68665
5.4814,0.71268
6.284,0.68303
5.416,0.71532
6.3499,0.66842
7.0093,0.62899
5.5767,0.70771
5.4655,0.71589
4.6773,0.74502
5.0459,0.7318
5.3425,0.72004
5.1488,0.72676
5.3449,0.72021
5.412,0.71658
5.332,0.72015
5.3707,0.71822
5.3884,0.71573
5.6075,0.70873
5.0746,0.72979
5.2318,0.72064
6.0318,0.69401
5.2237,0.72256
5.2742,0.71968
5.6204,0.70767
5.641,0.70618
5.656,0.70603
7.2445,0.64706
5.38,0.70437
6.7453,0.66718
5.0511,0.72844
5.4635,0.7143
3.6772,0.79937
4.7911,0.74237
4.9532,0.73449
5.375,0.72063
3.5947,0.80411
5.2951,0.71568
4.9947,0.7349
4.7698,0.74535
5.3045,0.71771
4.646,0.74949
4.0395,0.7772
5.0984,0.72882
3.6499,0.80058
5.4633,0.71429
5.3524,0.71924
5.5255,0.71122
5.3517,0.71482
5.358,0.71892
5.3151,0.72098
4.8019,0.74697
5.5071,0.7123
5.496,0.71206
5.3121,0.71956
5.5318,0.70994
5.4471,0.71391
5.3157,0.72136
5.5445,0.71097
4.9674,0.73053
4.7654,0.7385
3.5572,0.80686
5.6097,0.7077
4.8852,0.73853
5.3958,0.71739
5.6515,0.70611
5.6013,0.70817
5.512,0.71158
5.5229,0.71077
4.7491,0.74438
4.8419,0.73931
4.928,0.73468
4.7833,0.74263
4.6984,0.74708
4.8399,0.73951
4.8157,0.74078
4.6592,0.74961
5.0781,0.72878
5.0257,0.73182
5.0049,0.73292
6.283,0.6827
5.1965,0.71924
4.8369,0.73391
5.0241,0.72422
5.2906,0.71961
5.1567,0.72572
5.1357,0.72637
5.0889,0.72898
5.0866,0.72883
5.254,0.72162
5.5189,0.71209
5.0811,0.7303
4.9442,0.73362
5.0352,0.73165
5.3403,0.71818
5.1192,0.72766
5.0661,0.73039
5.144,0.72635
3.7169,0.79668
5.0975,0.72874
4.9706,0.73326
5.1463,0.72523
5.1808,0.72309
5.1188,0.72613
5.028,0.73081
5.1473,0.72377
5.078,0.7266
4.9459,0.73431
5.0519,0.7278
5.0597,0.72842
4.9515,0.73381
5.0367,0.72955
4.4513,0.7568
4.4129,0.75986
4.7753,0.74373
3.4283,0.81412
4.873,0.73799
5.4167,0.71601
5.0335,0.73314
5.0678,0.72917
5.2197,0.72192
4.8788,0.73843
5.1327,0.72636
5.2092,0.7223
5.5198,0.71002
5.3798,0.71512
5.3845,0.71724
5.2769,0.71996
5.4801,0.71239
3.9333,0.78134
4.224,0.76719
4.9457,0.72883
5.9799,0.6925
4.217,0.7677
5.0307,0.7312
5.0164,0.7318
4.2105,0.76765
5.0434,0.72958
5.4618,0.71109
5.3706,0.71491
4.7292,0.73722
4.6642,0.74964
4.8141,0.73827
4.8925,0.73787
5.102,0.72763
4.822,0.74189
5.1663,0.72488
5.0907,0.72875
5.0896,0.72914
5.0757,0.72848
4.9728,0.73312
5.0604,0.72878
4.9612,0.73157
4.4069,0.75979
5.0422,0.72853
5.1414,0.72316
5.1106,0.72497
5.1923,0.72069
5.0311,0.7304
4.8585,0.73692
5.4367,0.71385
5.2958,0.72039
5.4837,0.71197
5.4107,0.71563
5.3993,0.71559
5.3463,0.71803
3.5943,0.8024
7.0448,0.65365
5.3664,0.7164
5.3809,0.71528
5.3464,0.71659
4.6568,0.74186
4.0653,0.77504
4.7925,0.73831
4.0059,0.78061
4.7717,0.7419
5.0142,0.73112
4.8886,0.73261
4.9756,0.7285
4.8604,0.73436
4.9194,0.732
4.8737,0.73428
4.8859,0.73361
4.8823,0.73439
4.9501,0.73239
4.7185,0.74375
5.3298,0.71878
3.4251,0.81377
5.4242,0.71367
5.0835,0.72917
4.8244,0.74013
5.1711,0.72412
5.3456,0.71565
5.5059,0.70832
5.2375,0.72109
5.2249,0.72089
5.1871,0.72404
4.9212,0.73666
5.3483,0.71576
5.1119,0.72697
4.9536,0.73652
4.8785,0.73773
5.3621,0.71685
4.9594,0.73384
4.9905,0.72685
4.8827,0.73753
5.0504,0.73084
5.169,0.72439
4.9061,0.73558
4.9454,0.73369
5.1799,0.72418
4.7501,0.74295
5.1704,0.7241
6.2269,0.68217
4.8918,0.735
4.8253,0.74051
4.7471,0.74277
4.8273,0.74093
5.1742,0.72297
5.0612,0.72909
4.983,0.73274
5.1527,0.72488
5.0927,0.72825
4.9857,0.73316
4.9414,0.73533
5.1385,0.7223
5.0247,0.72689
4.4795,0.75458
4.7754,0.74031
4.4911,0.75373
4.7164,0.74428
5.1026,0.72454
4.9293,0.73355
4.8912,0.73485
4.8009,0.74097
4.527,0.75195
4.8293,0.73919
5.1408,0.72445
4.9207,0.73348
5.0596,0.72829
4.8968,0.73569
5.1027,0.72489
5.0256,0.72906
5.8444,0.69769
5.178,0.72241
5.0924,0.72703
5.1412,0.72363
5.209,0.72082
4.7162,0.7426
3.3317,0.81851
4.8935,0.73109
4.9937,0.72974
4.7532,0.74309
5.2244,0.72357
5.0256,0.73103
4.2706,0.76608
3.3686,0.8177
3.698,0.79782
3.9654,0.78194
4.0051,0.77962
5.1918,0.725
4.9253,0.72982
4.8202,0.73579
5.0768,0.72958
5.2936,0.7187
4.8475,0.73693
4.7457,0.74249
5.0769,0.72127
3.7323,0.79361
5.0363,0.72488
4.6865,0.74708
4.8996,0.73538
5.0509,0.72795
6.5188,0.67339
4.6776,0.74436
4.7099,0.74176
4.1423,0.77255
4.6531,0.74493
4.6055,0.74966
4.4719,0.75579
4.4654,0.75601
4.5934,0.74908
4.5524,0.75135
4.4515,0.7569
3.9524,0.78177
5.1784,0.72343
5.2231,0.72115
4.9671,0.73469
4.9917,0.73415
5.0718,0.72973
3.7513,0.79179
5.0964,0.72848
5.1246,0.72663
4.9986,0.7327
5.0877,0.72805
5.1791,0.72319
5.1575,0.7247
4.7668,0.73976
4.824,0.73667
5.1518,0.72498
5.0139,0.73202
5.0931,0.72822
4.9705,0.73013
4.9147,0.73313
4.5711,0.7461
4.942,0.73614
4.8821,0.73831
4.588,0.74782
5.0254,0.73152
4.858,0.73933
5.0309,0.73057
5.2899,0.71755
5.3422,0.7155
5.1286,0.72581
4.9839,0.73263
5.2945,0.71819
5.0769,0.72867
5.178,0.72334
5.1745,0.72307
5.1923,0.72273
4.9744,0.7322
4.917,0.7358
5.2139,0.72081
5.1265,0.7255
5.1206,0.72477
5.0721,0.72726
5.1063,0.7262
5.1144,0.72488
4.7137,0.74058
5.0665,0.71962
4.8595,0.73764
5.0338,0.7289
5.1118,0.72478
4.8012,0.74083
4.7667,0.74246
4.7596,0.74274
5.09,0.72428
4.972,0.73224
4.7671,0.74253
4.7546,0.74323
5.1063,0.72456
4.9447,0.73287
4.8051,0.74039
4.879,0.73666
5.1735,0.72359
5.133,0.72573
5.0397,0.73022
5.1271,0.72654
5.0588,0.72907
5.0275,0.72939
5.1702,0.723
5.1008,0.72634
5.1706,0.72326
5.1888,0.72217
5.0823,0.72736
5.3086,0.71652
5.1056,0.72657
4.7291,0.73999
4.2467,0.76867
4.973,0.73375
4.4726,0.75302
4.1942,0.76878
4.8215,0.73541
4.485,0.75541
4.5713,0.75046
4.4285,0.75876
4.3404,0.76584
4.3229,0.76598
4.3481,0.76409
5.2347,0.71919
5.0055,0.73115
4.6509,0.74378
4.3522,0.75975
4.3095,0.76105
4.9045,0.7346
4.5059,0.75051
5.3053,0.71728
5.0593,0.7271
5.1085,0.72496
4.356,0.75987
5.1458,0.72595
5.7087,0.69131
5.441,0.70348
4.9253,0.73641
5.6141,0.69954
5.5108,0.70252
5.839,0.6829
5.3207,0.71118
5.0884,0.72654
5.2514,0.71862
4.9942,0.73164
5.0461,0.72909
4.8778,0.73425
4.4864,0.7563
4.6941,0.74378
5.1898,0.71308
4.7816,0.73994
4.8951,0.73286
4.8778,0.73551
4.8057,0.73828
4.7804,0.74016
4.6797,0.74636
4.6376,0.74837
4.8335,0.73835
4.8728,0.73436
4.8729,0.73182
5.2015,0.72175
4.907,0.73441
5.0511,0.72902
5.1773,0.72301
5.1741,0.72024
5.0468,0.72819
4.9053,0.73539
5.1065,0.7248
5.1629,0.72457
4.9535,0.7328
5.1134,0.7244
4.7224,0.74036
4.575,0.74803
6.1767,0.67187
7.3858,0.61331
4.7774,0.73095
4.1471,0.76805
4.8502,0.7334
4.7477,0.74183
4.5233,0.75168
4.7476,0.73963
4.7736,0.74099
4.4907,0.75303
5.0057,0.73043
5.0115,0.73015
5.0625,0.72891
5.6598,0.69203
5.037,0.72897
4.9762,0.73158
5.1337,0.72355
5.0343,0.72954
3.4092,0.81764
4.8358,0.73756
4.791,0.74013
4.8375,0.7378
4.1704,0.76493
4.8055,0.73425
3.7652,0.79228
4.3884,0.75517
4.777,0.73565
5.108,0.726
5.0139,0.73046
4.8383,0.73319
4.8954,0.72801
4.8254,0.73172
5.1943,0.72063
4.7147,0.7344
4.4614,0.75349
4.8375,0.73507
5.3022,0.71637
4.6582,0.74557
4.7218,0.74169
4.6084,0.7479
4.5887,0.74876
4.6438,0.74586
4.4299,0.75817
4.5323,0.75212
4.4615,0.75633
4.7482,0.73938
5.2295,0.7206
4.388,0.76042
4.4325,0.75568
4.8707,0.72625
4.5271,0.74916
4.2106,0.77162
4.3869,0.76063
4.4747,0.75538
4.2163,0.77125
4.3918,0.76083
4.3629,0.76279
4.3724,0.7621
4.885,0.73247
4.5669,0.74898
4.3635,0.76192
4.5098,0.75282
4.3063,0.76657
5.0754,0.72824
4.6551,0.74542
4.7886,0.73486
4.6488,0.74464
4.722,0.74061
4.6971,0.74201
4.7436,0.73963
4.8977,0.73264
6.417,0.66876
4.6967,0.74036
4.8618,0.73403
4.5601,0.74846
6.7277,0.66195
5.1363,0.72431
4.5619,0.7473
4.608,0.7446
5.1734,0.72101
4.549,0.7472
5.1851,0.72121
4.672,0.74244
4.74,0.73503
4.692,0.74359
4.4254,0.75558
4.4369,0.75626
4.7612,0.73907
4.5394,0.75028
4.473,0.75441
4.4182,0.75791
4.6443,0.74441
6.3168,0.64813
4.9585,0.71706
9.452,0.5422
9.7756,0.53546
5.3838,0.69561
4.9039,0.72589
4.8767,0.72925
4.995,0.72388
3.7666,0.7905
5.0154,0.72394
5.1006,0.72641
3.6836,0.79599
5.0568,0.72854
4.5755,0.75012
4.2688,0.76853
4.6683,0.74452
4.6606,0.7481
4.6259,0.74583
4.6598,0.74493
4.9194,0.72676
4.0605,0.77678
4.3738,0.75754
4.9257,0.73485
3.4705,0.80967
5.0244,0.73071
4.6845,0.74594
5.1278,0.72557
4.4533,0.75361
4.6594,0.74355
4.5566,0.74971
4.5397,0.74422
3.3101,0.81884
4.7885,0.73454
3.6239,0.79948
4.5192,0.74695
3.7112,0.79476
4.5121,0.75129
4.8389,0.73948
4.5696,0.74466
4.4524,0.75152
4.6339,0.74557
4.4547,0.75566
4.5303,0.75047
4.8624,0.73539
4.6148,0.74506
4.5982,0.74899
4.6276,0.74605
4.8553,0.73358
4.7095,0.74094
4.642,0.74492
4.627,0.7443
4.602,0.74768
4.5447,0.74954
3.8197,0.78699
3.6869,0.7953
4.594,0.74653
4.4975,0.7518
4.4239,0.7547
4.4222,0.75459
4.6394,0.74368
4.5027,0.7515
4.6069,0.74504
4.5248,0.74964
4.7064,0.7402
4.9194,0.73326
5.1776,0.7201
4.8003,0.73941
4.9248,0.72395
4.6191,0.74286
4.6085,0.74383
5.1055,0.72255
4.7328,0.7377
4.8379,0.73685
5.3678,0.71318
4.5544,0.74621
4.6943,0.73905
4.4452,0.74962
3.9595,0.77766
4.5331,0.74718
4.9752,0.72874
4.3472,0.75667
4.5482,0.7389
4.2461,0.76153
4.4007,0.75436
4.577,0.74661
6.1361,0.68007
4.6026,0.73745
4.408,0.75375
4.4175,0.75272
4.6218,0.741
4.4099,0.75322
4.463,0.74913
5.1369,0.70517
4.41,0.74281
4.4803,0.74276
4.906,0.72171
5.3016,0.68839
5.2434,0.69748
5.1703,0.70308
5.2634,0.70051
4.6374,0.74048
4.8311,0.73327
4.3906,0.75256
4.5848,0.74212
4.6144,0.74005
4.6487,0.73743
4.5737,0.74198
4.4255,0.74936
4.7903,0.73363
4.4855,0.74636
4.4596,0.74564
4.5197,0.74218
4.5215,0.74115
4.4969,0.74394
4.6961,0.73566
4.4278,0.74612
4.3785,0.7488
4.3135,0.7524
4.3912,0.74778
4.2964,0.75266
4.3876,0.74701
4.6547,0.73616
3.248,0.81105
5.4149,0.69055
5.5706,0.6738
4.6724,0.73344
4.4038,0.74843
4.0406,0.76831
4.5583,0.73923
4.3321,0.74943
4.3809,0.74656
4.4823,0.74416
4.5199,0.74201
3.2016,0.81393
5.3698,0.69145
5.2501,0.69691
4.1077,0.76233
4.9978,0.71226
7.4044,0.62772
4.2039,0.75775
4.652,0.72787
4.3251,0.75002
4.2814,0.75258
4.5069,0.73748
4.4884,0.73935
4.4122,0.74347
4.0473,0.76178
4.4242,0.74312
4.5113,0.72683
4.3295,0.74005
4.0633,0.75313
3.9794,0.75454
4.1009,0.74548
4.0878,0.74459
4.1583,0.7418
4.1459,0.73926
4.2413,0.73685
4.07,0.74505
4.3705,0.73295
4.2976,0.73835
4.4264,0.73169
4.3039,0.73908
4.1944,0.74473
4.0625,0.75286
4.2332,0.74231
4.0493,0.75318
4.2383,0.73997
4.2414,0.73905
4.1163,0.74621
4.2067,0.73915
4.2946,0.73316
4.2119,0.73754
5.7585,0.66746
4.2868,0.73266
4.0939,0.74374
4.1194,0.73891
5.7279,0.66708
4.0866,0.74157
4.1545,0.73691
3.9852,0.74697
4.0811,0.741
4.0021,0.74668
3.9719,0.74472
4.1813,0.73617
3.8716,0.75229
4.4503,0.7131
3.7423,0.75882
3.7333,0.75863
3.6992,0.76142
3.9211,0.74846
4.4991,0.70737
4.3027,0.71749
4.3555,0.71739
3.8644,0.74801
3.9373,0.74613
3.7939,0.75122
3.9106,0.74491
3.9348,0.74363
4.4254,0.71015
5.1099,0.67736
4.6872,0.69608
3.964,0.74248
3.9454,0.74206
3.9312,0.74225
4.5023,0.70423
3.9265,0.74402
3.9359,0.73253
3.8854,0.74296
3.9899,0.73867
3.9455,0.74155
3.7895,0.74921
3.6961,0.75603
3.7692,0.74926
3.7818,0.74738
3.8927,0.74011
3.7389,0.75033
3.9087,0.73795
3.7702,0.74593
4.853,0.69429
3.9418,0.73886
3.9512,0.73717
3.6412,0.75422
3.6064,0.75629
4.006,0.73342
3.6227,0.75434
3.6679,0.74987
3.6137,0.75329
3.5616,0.7551
3.5506,0.75853
3.5505,0.75757
3.8281,0.73905
3.8458,0.73826
3.6599,0.7512
3.714,0.74738
3.5858,0.75248
3.3372,0.76748
3.5729,0.75233
3.4724,0.75935
3.454,0.76122
3.585,0.75143
3.5508,0.75293
3.5008,0.75488
4.0007,0.7186
3.5414,0.75446
3.3078,0.7703
3.3306,0.76686
5.5825,0.65251
5.1966,0.66906
5.5373,0.65454
3.8717,0.72354
3.8173,0.72644
4.6125,0.66522
3.3786,0.75768
3.288,0.76683
5.8208,0.63454
3.2757,0.75513
3.1994,0.75995
3.0855,0.76985
3.0173,0.77614
2.9646,0.78032
3.6438,0.74275
3.4599,0.75172
3.0607,0.77466
3.4098,0.75438
3.3743,0.7566
3.05,0.77221
3.2858,0.7591
3.1422,0.76434
3.0412,0.77235
3.1039,0.76823
3.0991,0.7685
3.0857,0.76871
3.41,0.74528
3.0391,0.77301
2.9393,0.77838
2.9045,0.78119
2.9171,0.78143
2.9465,0.77519
3.5496,0.73814
3.407,0.7476
3.5051,0.73999
3.5638,0.73688
3.4452,0.74427
3.397,0.74756
3.4329,0.7444
2.8185,0.77739
3.7634,0.71938
3.4846,0.73955
4.103,0.70271
4.7574,0.66846
2.7785,0.78461
3.166,0.75507
2.8162,0.78005
2.9592,0.77067
2.8029,0.78207
2.9943,0.76726
2.7681,0.78049
2.9834,0.76726
2.9307,0.77057
2.8711,0.77581
2.8452,0.77751
2.8226,0.77822
3.3384,0.74375
3.3993,0.73886
3.3656,0.74167
2.9319,0.76743
2.9759,0.76052
4.0447,0.69619
3.1563,0.75248
3.0224,0.7589
2.8602,0.77237
2.8214,0.77455
2.8858,0.76784
2.7989,0.7759
5.5671,0.62704
2.9448,0.76251
3.1976,0.74262
2.8835,0.76578
3.0081,0.75488
3.0116,0.75541
2.3917,0.80329
4.434,0.66809
2.5197,0.78697
3.1721,0.73822
2.3637,0.80288
2.5925,0.78157
3.0272,0.74806
2.4637,0.79269
2.3813,0.80143
2.5945,0.78528
3.7814,0.70094
2.4163,0.79648
2.4182,0.79891
2.823,0.76467
2.4375,0.79532
2.37,0.80076
2.4546,0.79281
2.9762,0.75027
2.5706,0.78272
2.4203,0.79355
2.4295,0.78695
3.5178,0.70779
2.4885,0.78355
2.4247,0.79171
2.2604,0.8063
2.5613,0.7756
2.3806,0.79573
3.7197,0.69443
2.551,0.77245
2.6614,0.76317
2.77,0.76755
2.5502,0.77577
3.0126,0.75004
2.1928,0.81067
3.1752,0.73182
2.5092,0.78535
2.7884,0.75935
2.5556,0.77482
3.8798,0.683
3.0834,0.7413
2.4914,0.77813
3.2264,0.72736
2.7411,0.76143
2.7958,0.75613
2.7492,0.76041
2.8812,0.75158
2.2678,0.7976
2.2085,0.80674
2.3087,0.79679
2.9185,0.74779
2.3238,0.79429
2.3675,0.79352
2.3821,0.79121
2.2907,0.79509
2.9059,0.74632
2.7273,0.76245
2.8849,0.74903
2.4895,0.77634
2.2934,0.7957
2.9211,0.7448
3.1237,0.7281
3.6812,0.68733
2.487,0.77712
2.5146,0.77275
2.8279,0.75098
2.8701,0.74687
2.8522,0.75009
2.8795,0.74444
4.5001,0.64749
2.3916,0.78005
2.997,0.73247
4.1487,0.66669
3.5101,0.70496
4.2689,0.66061
2.4281,0.77944
2.8083,0.75212
2.1612,0.80447
2.3298,0.78714
2.7447,0.75699
2.0287,0.81295
1.9344,0.82512
2.4149,0.77928
4.0397,0.67016
1.9287,0.82105
2.8026,0.74663
2.2829,0.78453
2.6834,0.75616
2.7865,0.74813
2.6725,0.75774
2.5599,0.76743
3.5708,0.69175
1.8365,0.83497
2.0475,0.81282
4.2816,0.65275
5.5612,0.58957
5.1315,0.61188
5.445,0.59858
3.9278,0.6643
5.4523,0.59577
2.2456,0.78814
1.6832,0.84482
1.9456,0.81716
2.1234,0.79222
2.3219,0.77962
4.0428,0.65493
3.6375,0.67504
1.8236,0.82567
3.6525,0.67076
1.8615,0.82179
1.7929,0.82974
2.6205,0.74798
1.6668,0.83769
3.232,0.70242
4.3159,0.6435
2.5532,0.75883
2.799,0.73626
5.3931,0.59166
3.1028,0.71236
2.7717,0.74336
5.4785,0.59091
3.3823,0.69442
3.3259,0.69737
3.292,0.69875
3.3854,0.69188
1.5783,0.85481
2.0057,0.80636
1.7337,0.83484
1.6023,0.85191
1.6478,0.84561
1.861,0.8153
2.0731,0.79366
1.7894,0.82591
1.8389,0.82046
3.3548,0.70119
2.8773,0.7252
1.8618,0.81688
1.8686,0.81556
1.8631,0.81597
3.7148,0.67723
4.9577,0.60977
1.8502,0.81755
3.7525,0.67306
1.8365,0.81858
5.234,0.59674
1.9073,0.80976
1.6287,0.84031
5.1843,0.59674
2.1821,0.77889
1.9756,0.80476
4.8089,0.61385
2.4063,0.76617
1.9936,0.79912
1.919,0.80923
2.1465,0.78755
2.1395,0.78855
2.156,0.78686
1.5628,0.8526
2.0634,0.79954
2.0342,0.79843
1.6994,0.83747
1.9842,0.80376
1.5694,0.85537
2.6387,0.7504
2.6121,0.75047
2.1399,0.78903
1.9688,0.80882
2.0611,0.79772
1.7942,0.83166
2.0176,0.80203
2.0911,0.79405
2.1529,0.78671
2.1084,0.79324
2.0354,0.80242
1.9615,0.812
2.2117,0.7842
2.1946,0.78501
2.1576,0.78228
1.9338,0.81205
4.7787,0.61311
2.1536,0.78904
3.439,0.69048
2.5788,0.75192
3.3298,0.69708
1.8338,0.82346
1.9153,0.81446
1.85,0.82333
3.1508,0.70721
2.5728,0.75214
2.0734,0.80008
1.7874,0.82958
2.531,0.75641
1.9836,0.81032
3.5878,0.68207
2.0602,0.79958
2.0222,0.80424
3.8972,0.66518
3.7876,0.66947
2.1751,0.78671
2.236,0.7796
2.1262,0.792
1.9637,0.80724
2.0687,0.7965
1.972,0.80692
3.6701,0.67387
1.9564,0.80853
3.2072,0.70792
2.1218,0.79063
3.37,0.69734
1.8464,0.8244
3.2223,0.70719
2.785,0.73666
2.1015,0.7952
2.0507,0.80019
2.0776,0.79598
2.0975,0.79184
3.4491,0.68688
2.0771,0.7936
2.0786,0.79299
2.1628,0.78287
2.2094,0.77917
1.969,0.8065
2.8269,0.72813
2.6355,0.74381
2.3692,0.76471
2.1746,0.78457
2.0459,0.79795
1.9803,0.80427
1.8307,0.82181
2.1093,0.79051
2.0492,0.79792
3.8636,0.66362
1.9595,0.80878
2.1542,0.78756
2.1366,0.79065
2.1609,0.78625
2.1168,0.79128
2.0249,0.80266
2.0611,0.79745
2.4637,0.7592
2.456,0.75807
2.4611,0.75805
2.0138,0.79903
2.4953,0.7522
2.2472,0.77266
2.242,0.77603
2.2252,0.77799
2.2256,0.77757
2.209,0.78206
2.157,0.78627
2.1122,0.7896
2.0903,0.79118
2.1187,0.78681
2.0421,0.79421
2.115,0.78539
2.0401,0.79392
2.0947,0.78735
2.0973,0.78736
2.0949,0.78874
1.9699,0.80438
3.2873,0.6969
2.0175,0.80023
2.1935,0.78276
1.9459,0.80712
2.1094,0.78948
1.8983,0.81303
1.9364,0.80796
1.8098,0.8222
2.0511,0.79273
2.1392,0.78398
2.091,0.78709
2.0882,0.78827
1.9952,0.79918
2.062,0.79163
1.947,0.80461
2.0126,0.79665
2.0377,0.79483
2.4405,0.75779
2.0277,0.79814
1.8232,0.82379
1.9226,0.81082
2.0472,0.79805
1.8519,0.81637
2.053,0.79451
2.0454,0.79593
1.8357,0.82268
1.7977,0.82559
2.054,0.79538
2.0117,0.80058
2.0181,0.79824
1.984,0.80255
1.8999,0.81198
2.0445,0.79306
1.998,0.79849
2.0502,0.7921
1.992,0.80186
1.7963,0.8252
1.5699,0.85609
1.9402,0.80441
2.3692,0.76495
1.8387,0.8173
2.2109,0.77899
1.8674,0.81858
1.949,0.80655
1.8172,0.82342
1.7813,0.831
2.0727,0.79306
1.8198,0.824
2.1455,0.78964
2.0824,0.79649
2.2274,0.78176
2.2996,0.77776
2.1588,0.78943
1.9374,0.81009
1.9215,0.81223
2.1671,0.78663
1.8679,0.81765
1.9884,0.80085
1.7929,0.82491
2.0176,0.79559
1.978,0.80317
1.7488,0.83223
1.8571,0.81782
1.9135,0.81044
1.8499,0.82037
1.8735,0.81771
1.8809,0.81672
1.8736,0.81528
1.9133,0.81397
1.8285,0.82139
1.9367,0.81051
2.6515,0.74702
2.8053,0.73479
3.055,0.7134
1.8102,0.82824
1.8404,0.82393
1.8925,0.81747
2.098,0.79869
1.8358,0.82437
1.7054,0.84246
1.8948,0.81547
1.7639,0.83412
1.784,0.83019
1.9132,0.81238
1.9648,0.80457
1.7774,0.82811
1.5262,0.86509
1.9432,0.80708
1.6295,0.84841
1.9618,0.80465
1.758,0.83158
2.9616,0.71951
1.8388,0.82196
2.7832,0.73579
1.8701,0.81735
3.3296,0.69507
1.8642,0.81557
1.694,0.83818
1.8868,0.81595
1.5651,0.85606
1.8494,0.82047
1.7966,0.82443
1.8061,0.82378
1.7772,0.82698
1.968,0.80153
1.9097,0.80938
1.7316,0.83538
2.1169,0.79243
2.0236,0.80377
1.9372,0.81462
2.1204,0.79366
2.2193,0.78126
2.2803,0.77467
2.2302,0.77966
1.7926,0.82688
1.8105,0.82445
1.9942,0.80558
2.1199,0.78921
2.0754,0.7955
1.9547,0.80546
1.8594,0.81855
1.75,0.83165
1.8466,0.82088
1.9161,0.81118
1.7586,0.83013
1.706,0.83774
1.9952,0.79843
1.846,0.81738
2.0775,0.79272
1.7506,0.83036
1.7578,0.82737
1.888,0.81227
1.8921,0.80907
1.7688,0.82505
1.723,0.83142
2.2752,0.77374
2.2354,0.77881
2.1867,0.78491
2.403,0.76414
2.0957,0.79422
2.2056,0.78254
1.9762,0.80774
2.1932,0.78261
2.2093,0.77647
2.1412,0.78482
2.1367,0.78411
2.2182,0.7747
2.129,0.78741
2.0723,0.79136
1.8884,0.81047
2.303,0.76825
2.5276,0.74951
1.6724,0.84204
1.6031,0.84706
1.9845,0.80023
2.2068,0.77748
1.6902,0.8354
1.4469,0.86899
1.8724,0.81421
2.1233,0.78347
1.4581,0.86458
1.7542,0.82378
1.4642,0.8659
1.6107,0.84854
1.7085,0.83587
1.905,0.81222
1.5433,0.85975
1.8347,0.82102
1.7788,0.82906
1.8113,0.82223
1.7048,0.83791
1.7919,0.82414
1.8524,0.81566
1.8786,0.81232
1.9442,0.80471
1.7827,0.82675
1.6951,0.83696
1.8096,0.8232
1.8471,0.81843
2.2701,0.77369
1.808,0.82226
3.6924,0.66643
1.8258,0.81584
1.8227,0.81484
2.1518,0.78153
2.4332,0.75783
1.7323,0.82635
1.999,0.79902
1.7082,0.8317
2.0188,0.80055
1.6314,0.84614
2.8206,0.72735
1.9961,0.79715
2.1279,0.7827
1.8288,0.81874
2.0476,0.79418
1.5698,0.85052
1.9792,0.80008
1.6508,0.83705
1.8021,0.82494
1.8326,0.81943
1.7763,0.82692
1.6863,0.83761
1.7511,0.82261
1.7295,0.83162
1.7544,0.8267
1.7952,0.81967
1.6468,0.84082
1.7287,0.83062
1.8419,0.81541
1.6382,0.84057
1.7572,0.8274
1.7586,0.83038
1.7892,0.82608
1.9657,0.80129
1.9322,0.80498
2.2585,0.77427
2.3151,0.76762
2.1415,0.78338
2.0344,0.79665
1.9012,0.80544
2.055,0.79298
1.8011,0.81652
1.7289,0.82926
2.4024,0.75589
1.6007,0.84521
1.3286,0.88337
2.7496,0.72868
1.6892,0.83463
1.7267,0.82904
1.6851,0.83069
1.8122,0.8149
1.5526,0.85118
1.6965,0.8302
1.8781,0.808
1.7253,0.8259
1.8891,0.80908
1.8583,0.81341
1.7396,0.82768
1.8799,0.81744
1.9145,0.8106
2.0062,0.79938
2.1158,0.78336
2.0381,0.79248
1.5596,0.84731
2.5642,0.73796
1.5482,0.8473
1.541,0.85078
1.8801,0.81031
1.6401,0.83834
1.7009,0.82958
2.3123,0.76762
1.6369,0.84064
2.0743,0.79163
2.0711,0.792
1.8871,0.81212
1.9961,0.79778
1.682,0.83377
1.8284,0.81138
2.195,0.7715
1.8101,0.81382
2.1552,0.78299
1.6635,0.83652
2.206,0.77826
2.1432,0.78793
2.1804,0.78482
2.1781,0.7839
2.1916,0.78156
2.1889,0.78092
2.1585,0.78299
1.4903,0.85889
1.5241,0.85301
1.3996,0.87269
1.8179,0.81711
1.509,0.85651
1.8548,0.81084
1.6932,0.83291
2.0981,0.79216
1.7398,0.82956
1.6965,0.83523
1.8255,0.81665
1.7589,0.82639
1.7046,0.83295
1.7041,0.83181
1.7332,0.82789
1.8432,0.80894
1.8361,0.8114
1.6554,0.83422
1.8546,0.81282
2.1131,0.78711
1.7639,0.82533
2.5095,0.74646
2.2092,0.77622
1.8186,0.82535
1.995,0.80249
2.014,0.79865
3.1301,0.70291
1.989,0.80016
2.0339,0.79499
2.1024,0.78705
2.1611,0.77684
1.5875,0.84657
1.7637,0.8224
1.7863,0.81899
1.626,0.84084
1.7257,0.82549
1.7611,0.82311
1.4791,0.8655
1.6952,0.83247
1.4386,0.86462
2.0376,0.78945
2.9402,0.71218
1.788,0.81735
2.8203,0.72308
2.9951,0.70832
2.8361,0.72075
2.1232,0.78467
2.5154,0.75272
2.567,0.74634
2.0825,0.78877
1.7397,0.82597
2.3118,0.76383
2.2816,0.76787
1.7905,0.81692
1.516,0.85136
1.5907,0.84618
1.8448,0.81119
1.8186,0.81575
1.7572,0.82203
1.9074,0.80257
2.2471,0.77057
1.8813,0.80799
1.7222,0.82919
1.7104,0.83128
1.5854,0.85123
2.9964,0.71257
1.9857,0.8026
2.8469,0.72129
2.044,0.79059
2.6809,0.73535
2.0258,0.79527
1.7023,0.8326
1.485,0.86658
1.717,0.83177
2.0556,0.7947
1.8855,0.80694
1.9885,0.8015
2.3904,0.75667
2.0004,0.79129
3.2636,0.69004
1.7478,0.82168
1.7027,0.82817
1.8516,0.81122
1.7859,0.82125
1.8325,0.81526
1.6293,0.842
2.0025,0.79596
1.6637,0.83399
3.256,0.69432
2.1812,0.78062
2.272,0.76818
1.4909,0.85532
1.7294,0.82676
1.8408,0.81161
1.914,0.80221
1.7566,0.82259
1.3707,0.87682
1.7002,0.83274
3.733,0.66212
1.894,0.80396
3.584,0.67132
2.0817,0.79108
1.9523,0.80078
2.1983,0.77701
1.9092,0.80571
2.0211,0.79175
2.1086,0.78208
3.0518,0.70584
1.8256,0.81807
2.361,0.75843
1.6132,0.84426
1.3356,0.88256
1.2592,0.89332
2.0624,0.7883
1.9976,0.79709
1.9417,0.80335
2.1612,0.77717
2.044,0.7942
2.1079,0.78612
2.0643,0.79123
2.0834,0.78887
2.0567,0.79195
2.1729,0.7777
1.8552,0.8146
2.8238,0.72756
1.9854,0.79971
2.0871,0.78545
1.9552,0.80159
2.165,0.77545
1.9843,0.79958
2.0278,0.79071
1.8523,0.8125
1.9068,0.80561
1.7873,0.82367
1.8089,0.82203
1.9936,0.79624
1.9413,0.8014
1.8381,0.81157
1.9321,0.80147
1.7136,0.83166
1.5376,0.85547
1.7353,0.82687
3.0684,0.70582
2.8323,0.72599
3.0546,0.70789
1.7087,0.82935
2.7662,0.72812
3.0128,0.70845
3.0292,0.70803
2.2511,0.77148
3.1746,0.69703
2.8676,0.72213
2.9742,0.71599
2.5759,0.75053
2.6146,0.74332
3.0331,0.71021
3.148,0.69726
1.8806,0.80917
1.7465,0.82713
1.8641,0.8102
1.7289,0.8275
2.4225,0.75354
1.9565,0.80006
2.2446,0.76763
2.9155,0.71577
2.9046,0.71866
3.0385,0.70686
1.8971,0.80989
1.9803,0.79885
2.0524,0.78982
2.3753,0.76185
2.8545,0.71778
2.0553,0.78768
2.3095,0.76354
2.2984,0.76262
2.1653,0.77698
1.9757,0.80045
2.6136,0.738
2.0119,0.79628
2.0545,0.79222
2.0116,0.79616
1.9641,0.8024
2.1303,0.78226
2.0617,0.79034
1.9819,0.79817
2.112,0.77713
1.6919,0.83131
1.9622,0.79633
1.82,0.81503
1.741,0.82706
1.7367,0.82688
1.7494,0.82525
1.7585,0.82452
1.8262,0.81716
1.8149,0.81775
1.8995,0.80612
1.7405,0.82443
2.77,0.72349
2.084,0.77897
1.7885,0.8083
1.7028,0.82433
2.2551,0.76563
1.7111,0.82847
1.5908,0.84438
1.7753,0.82185
1.6571,0.8384
1.7263,0.82719
1.8645,0.8076
1.75,0.81987
2.1182,0.7838
1.9974,0.79545
1.9951,0.79632
1.9954,0.79679
1.8316,0.81613
1.8583,0.81214
1.8728,0.81292
1.9348,0.80195
1.9359,0.80169
2.1328,0.78093
2.0269,0.79161
2.2143,0.7713
2.4837,0.74885
1.8848,0.80595
1.8389,0.81225
2.0118,0.79231
2.0193,0.79155
1.9398,0.80255
1.8883,0.80791
2.0529,0.78848
1.938,0.80357
1.8562,0.81346
1.8817,0.80871
1.5938,0.84329
1.9529,0.79664
2.8359,0.7188
2.0194,0.78739
2.7332,0.72878
2.7673,0.72784
1.8324,0.8157
1.7887,0.82235
1.8499,0.8144
1.887,0.80899
1.768,0.82441
1.8966,0.80711
1.9591,0.80071
3.0846,0.6997
1.8539,0.81016
1.8454,0.80837
3.156,0.69879
1.5089,0.8589
1.6226,0.84057
1.4378,0.86511
1.5585,0.85225
1.6474,0.83749
1.4939,0.85901
1.6279,0.84445
1.8841,0.80882
2.4472,0.7539
2.6078,0.73669
2.5211,0.74494
2.4817,0.74763
2.4242,0.75266
1.9598,0.79783
2.0491,0.78627
1.987,0.79386
2.0346,0.78884
1.841,0.81365
1.9153,0.80493
1.8529,0.81312
2.4451,0.75386
2.1191,0.77963
2.6181,0.73766
2.1405,0.7778
2.1584,0.77537
1.9272,0.80065
1.917,0.80244
2.406,0.7543
1.9716,0.79737
2.2316,0.76865
2.203,0.77097
2.0863,0.7846
2.2219,0.774
2.309,0.76701
2.8029,0.72668
2.0775,0.7905
2.1848,0.7787
2.7786,0.72808
2.2483,0.77106
2.168,0.77839
2.3099,0.75897
2.2298,0.76902
2.1277,0.78007
1.9745,0.79527
2.6592,0.73018
1.7048,0.82645
1.9087,0.79934
1.5037,0.85259
1.7289,0.82682
1.7487,0.82195
1.6231,0.83529
3.1119,0.70103
1.7093,0.82772
1.738,0.82196
1.4987,0.85271
1.5773,0.84296
2.2265,0.76549
1.9269,0.79979
1.8187,0.81421
1.8441,0.81133
2.9023,0.71338
2.667,0.7361
1.9981,0.79136
1.9503,0.79602
2.8329,0.72216
1.572,0.85241
1.8178,0.81639
1.9757,0.79513
1.8891,0.80792
1.9171,0.80717
1.8724,0.81045
1.8404,0.8109
1.9229,0.80083
1.9823,0.79541
1.8751,0.80974
2.6526,0.73657
1.7785,0.82136
2.3157,0.76882
2.6113,0.73818
1.9752,0.79639
3.3516,0.68285
1.777,0.81787
2.6911,0.73158
1.9385,0.80161
3.0911,0.70081
2.8647,0.71946
2.8581,0.71862
1.7896,0.81788
1.8088,0.8172
1.8227,0.8143
1.7782,0.81857
2.9337,0.71141
2.8883,0.71385
2.0565,0.78317
2.1417,0.77631
1.9872,0.79475
2.0407,0.78829
2.0793,0.78474
2.103,0.78165
2.9176,0.71197
1.9287,0.80155
2.0022,0.79151
1.7817,0.81931
2.5566,0.74241
2.6546,0.73222
2.3864,0.75239
2.8873,0.70959
2.0723,0.78433
2.8386,0.71582
2.3462,0.75608
2.5081,0.74738
2.3508,0.76187
2.467,0.75209
2.3401,0.76293
2.1182,0.78578
1.7726,0.82136
2.3444,0.75452
2.2944,0.75795
1.8016,0.81067
1.9229,0.79554
2.2928,0.75913
1.7321,0.8198
1.7641,0.81628
1.9289,0.80024
1.6611,0.8344
1.712,0.82504
1.6959,0.83036
1.5439,0.85081
1.8937,0.8017
1.8451,0.80886
2.0715,0.7818
1.7232,0.81974
1.9926,0.79116
1.9215,0.79973
1.7853,0.81056
1.7817,0.81299
3.0242,0.70238
1.5773,0.84333
1.96,0.79472
1.735,0.82139
2.7096,0.7222
2.0779,0.78069
1.788,0.81627
1.7419,0.82297
1.6696,0.83404
1.6436,0.83802
1.7018,0.83004
1.6712,0.83495
1.7214,0.82772
1.7413,0.8256
1.6049,0.84315
1.769,0.82163
2.0819,0.78313
2.3289,0.75978
1.9841,0.7926
3.0423,0.69982
1.9944,0.79324
3.5007,0.67004
3.3399,0.68413
2.3129,0.76424
2.1017,0.78426
2.2637,0.77009
2.9547,0.7107
2.695,0.73163
2.1045,0.77955
1.8597,0.80856
2.0103,0.78919
2.0866,0.78081
1.5591,0.84605
1.8069,0.81409
1.8764,0.80632
2.5132,0.74806
2.1344,0.78132
2.7478,0.73113
1.5837,0.84733
1.5026,0.85922
2.1054,0.78655
1.7634,0.82547
1.8955,0.80784
2.1624,0.77507
2.1618,0.77498
1.8862,0.80595
2.1208,0.77996
1.9434,0.80144
2.2331,0.76802
1.9825,0.79499
1.7544,0.82671
1.8797,0.80973
2.3991,0.75494
1.9973,0.79903
2.0588,0.78991
1.9407,0.80369
2.1767,0.77603
2.1241,0.78212
1.8982,0.8085
2.131,0.77995
2.0529,0.79005
1.7844,0.82266
1.911,0.80793
2.2201,0.77507
2.1416,0.78145
1.9777,0.80008
2.0214,0.79718
2.0365,0.79575
2.0091,0.79879
2.0115,0.79845
1.8341,0.81957
2.0266,0.79331
2.0615,0.79014
2.7661,0.72758
2.5473,0.74779
2.5897,0.7437
2.0624,0.79249
1.8642,0.81544
1.9147,0.80887
1.8014,0.82505
1.5878,0.84954
1.8013,0.82238
1.6274,0.84402
1.7252,0.83276
2.7863,0.73314
1.7662,0.82586
1.6712,0.83915
1.7788,0.82458
2.1325,0.78745
2.0974,0.79359
1.9295,0.80908
1.9207,0.80974
1.9167,0.81079
1.7706,0.82627
1.9364,0.80954
1.7208,0.8324
1.8567,0.81828
1.8315,0.81716
1.6221,0.84643
1.5244,0.86145
2.3499,0.76491
1.9523,0.80777
2.2514,0.77192
1.9287,0.80949
2.0783,0.79098
2.1291,0.7849
2.0038,0.80045
2.0469,0.79553
2.7577,0.73621
1.8579,0.81955
1.8981,0.81481
2.7561,0.73766
2.0827,0.8001
2.4076,0.76641
2.0997,0.79279
2.3434,0.77353
2.3041,0.77851
2.0952,0.79713
1.9191,0.81551
2.0081,0.80236
1.6691,0.83991
1.9422,0.80959
1.6127,0.84966
1.9887,0.80573
2.2793,0.77871
2.2165,0.78171
1.6442,0.84702
1.5865,0.85739
1.7761,0.83154
1.778,0.83102
1.6554,0.84943
1.7286,0.83816
1.9202,0.81852
1.8859,0.82324
1.6728,0.84533
1.7761,0.83121
2.3246,0.77457
1.7824,0.83364
2.1321,0.78996
2.113,0.79235
1.7193,0.84273
1.8892,0.82016
2.503,0.7621
1.906,0.81912
2.0039,0.80695
2.508,0.75947
1.981,0.80822
1.8724,0.82328
1.9092,0.81273
1.7411,0.83496
1.6119,0.85286
1.5773,0.85915
1.8946,0.81915
1.932,0.81541
1.8818,0.82187
2.0281,0.80656
1.9549,0.81502
1.7548,0.83949
1.9662,0.81487
1.77,0.83951
2.6438,0.75602
3.1155,0.71641
2.8074,0.74056
1.9622,0.81479
1.8858,0.8256
1.9302,0.81893
1.886,0.82005
1.6706,0.84961
1.9168,0.81731
1.9016,0.81662
1.9292,0.81846
2.9028,0.73107
2.318,0.78156
1.8263,0.83107
1.9657,0.81374
1.6814,0.85118
1.5985,0.86248
1.6966,0.8465
2.7173,0.74886
2.9419,0.72879
2.9032,0.7339
2.9066,0.7333
3.1403,0.71453
1.663,0.85273
2.0305,0.81097
2.1973,0.79188
1.9055,0.82777
1.9096,0.82739
1.9458,0.82298
2.0816,0.80814
1.8523,0.83609
2.0585,0.80957
2.4919,0.76709
2.4303,0.77303
2.5592,0.76113
2.2597,0.78499
2.0805,0.80558
2.0056,0.80995
2.2486,0.78201
1.8894,0.82695
2.0389,0.81078
2.1503,0.7983
2.0464,0.81259
2.1599,0.79855
2.1013,0.80575
1.8057,0.84021
1.9405,0.82187
1.834,0.83568
2.1634,0.79876
1.937,0.82055
1.9487,0.82089
1.6154,0.86731
1.9055,0.82939
1.5975,0.86981
1.8448,0.83492
1.8613,0.83301
2.0494,0.81298
2.2056,0.79492
2.7488,0.74942
1.9089,0.82432
2.1321,0.80349
2.2252,0.79832
1.9211,0.8311
1.9159,0.83217
1.9347,0.8283
2.317,0.78941
2.4867,0.77409
2.0825,0.81425
2.176,0.80359
2.2283,0.79709
2.2584,0.79375
2.3606,0.78291
2.4307,0.77634
2.1574,0.80158
2.1674,0.80137
3.1071,0.72525
2.8181,0.74694
2.9656,0.73703
1.8925,0.83248
2.0416,0.81404
2.0163,0.81875
2.0369,0.81526
2.1891,0.80115
1.8147,0.83695
2.3111,0.78841
1.72,0.85338
1.6163,0.86803
2.0063,0.82217
2.0735,0.81513
1.682,0.86127
1.5493,0.8812
2.0173,0.82417
2.116,0.81309
2.0796,0.8182
2.1814,0.80624
2.4058,0.78209
2.2597,0.7953
2.1598,0.80499
2.1836,0.80242
2.2646,0.7931
2.318,0.78796
1.9822,0.82811
2.2945,0.79292
2.0163,0.82429
1.962,0.83049
1.6871,0.8602
2.1712,0.8081
2.1787,0.8074
2.1443,0.81058
1.8945,0.83613
1.9831,0.82316
1.9003,0.83313
2.1473,0.8032
2.1079,0.80768
3.1556,0.72323
1.9329,0.8286
1.9477,0.82778
2.1089,0.81285
1.9466,0.83269
1.9949,0.82301
1.7798,0.84938
2.3074,0.79751
1.9429,0.82683
1.6966,0.85775
2.387,0.78679
2.2455,0.80132
1.913,0.83128
2.0384,0.81974
1.6761,0.86023
1.7333,0.85332
1.9262,0.83212
1.8994,0.83892
2.3908,0.78852
1.9612,0.82953
2.05,0.81836
2.0659,0.82017
1.9592,0.83003
1.9315,0.83379
2.3414,0.79213
2.1846,0.80564
2.1588,0.80908
2.1875,0.80667
2.1619,0.80937
2.2062,0.80271
2.1947,0.80127
2.0298,0.82094
1.8913,0.83791
1.851,0.84339
1.8662,0.84256
1.8819,0.83986
1.8563,0.84499
1.9823,0.83239
1.9896,0.82781
1.9976,0.83014
1.9296,0.83697
2.4398,0.78553
2.0996,0.82
2.254,0.80194
1.9992,0.83297
2.0421,0.82708
2.3096,0.79584
2.1687,0.81221
2.183,0.814
2.1017,0.82217
2.1608,0.81588
2.4176,0.78624
2.2373,0.80694
2.1227,0.82121
2.649,0.77157
2.205,0.80546
2.9733,0.74386
2.0831,0.8215
2.0145,0.83025
2.4528,0.78748
1.9743,0.8343
2.0254,0.82939
2.0129,0.83034
2.0767,0.82889
1.8965,0.84165
2.1797,0.81585
2.5237,0.7801
2.615,0.77154
2.8111,0.75311
2.5691,0.7776
2.4917,0.78598
2.4357,0.7919
2.5035,0.78587
2.4687,0.78765
2.3644,0.80054
2.2814,0.8104
2.6123,0.77682
2.5059,0.78628
2.6329,0.77048
2.4915,0.78529
2.3706,0.79825
1.9547,0.83703
1.8966,0.84494
2.389,0.7959
2.4571,0.78971
2.4392,0.79195
2.295,0.80705
2.3947,0.79569
2.51,0.78397
2.2869,0.80807
3.394,0.71906
1.9359,0.84078
2.0931,0.82185
3.3583,0.72367
2.0304,0.83148
1.9858,0.8359
1.7426,0.86943
3.1919,0.73699
1.9893,0.83685
2.001,0.83643
2.5331,0.78484
2.8288,0.76457
2.611,0.77697
2.2761,0.80437
2.3015,0.80114
1.9732,0.83882
2.1526,0.81811
2.4047,0.7922
2.3294,0.79845
2.3484,0.79575
2.5015,0.78658
2.0412,0.83224
2.6783,0.77091
2.3319,0.8015
2.5948,0.77977
2.2344,0.81178
2.2196,0.81365
2.66,0.77769
2.3468,0.80048
2.4237,0.79966
1.92,0.84936
2.5696,0.78431
2.4804,0.79381
2.6633,0.77635
2.5105,0.78929
2.5437,0.78905
2.3395,0.8009
2.6399,0.77845
2.0023,0.84007
1.9936,0.84016
2.0779,0.82952
1.8696,0.85619
1.9898,0.84144
2.0313,0.83618
2.0665,0.832
1.9599,0.8459
2.0784,0.83093
2.7333,0.77054
2.565,0.77908
2.7736,0.76809
2.8645,0.76043
2.8252,0.76319
2.5986,0.78494
2.6399,0.78128
2.9155,0.75816
2.5349,0.79069
2.6619,0.77775
2.5037,0.79272
2.518,0.79217
2.029,0.83679
2.5965,0.78092
2.3749,0.80161
2.4528,0.79478
2.4619,0.79262
2.3426,0.80685
2.394,0.80287
2.7209,0.7758
2.3663,0.80671
2.3036,0.81236
2.3573,0.80884
2.6819,0.77968
2.6119,0.78591
2.0782,0.83321
2.0547,0.83563
2.0302,0.83944
2.2504,0.81303
2.3916,0.79757
2.212,0.81758
2.2457,0.81451
2.1668,0.82297
2.1403,0.82708
2.0788,0.83462
1.9531,0.84996
2.0927,0.83491
2.1942,0.82126
2.2084,0.82273
2.2009,0.81889
2.0411,0.83932
2.0741,0.83708
2.3955,0.79778
2.1386,0.82654
2.2601,0.81483
2.3888,0.80384
2.4401,0.79692
2.4403,0.79579
2.2051,0.81991
2.7677,0.76841
1.9903,0.84239
1.9772,0.84022
2.185,0.8203
2.2086,0.82245
2.023,0.8435
2.4782,0.79413
2.3142,0.8122
2.3685,0.80555
2.1604,0.83064
2.4694,0.79664
2.2029,0.82444
3.5617,0.72208
2.2316,0.82225
3.751,0.70774
2.4398,0.79885
2.0958,0.83636
2.2975,0.8136
2.4275,0.80056
2.4625,0.79588
2.3472,0.80914
2.206,0.82511
2.2814,0.81688
2.3128,0.81407
2.2585,0.81674
3.0734,0.74916
2.1594,0.82878
2.3094,0.81208
1.8501,0.85891
2.1044,0.83535
2.156,0.82844
2.2123,0.82603
2.1878,0.82489
2.2754,0.81866
3.0764,0.74717
2.771,0.77407
3.4305,0.72787
2.4238,0.80173
2.201,0.82606
2.3861,0.80696
2.4612,0.79926
2.6177,0.78355
2.452,0.80077
2.3411,0.81171
2.3749,0.80919
2.2424,0.82346
2.1697,0.83175
2.5178,0.79505
2.5087,0.79408
2.3469,0.81201
3.1655,0.74213
2.5142,0.79928
2.2966,0.81452
2.9853,0.75834
3.5236,0.72567
2.2418,0.81999
2.9544,0.7597
2.9008,0.76627
2.769,0.77693
2.5754,0.79456
3.7631,0.71083
3.3684,0.73807
3.4597,0.73245
2.3719,0.80991
2.7706,0.77299
2.3008,0.82114
2.2151,0.83002
4.0706,0.69399
2.5424,0.79345
2.856,0.77316
2.1734,0.83453
2.3069,0.81709
2.4062,0.80579
2.6765,0.78145
2.4322,0.80356
2.4989,0.80043
2.1408,0.83426
2.2081,0.82709
2.5587,0.79354
2.4164,0.80891
2.3376,0.81193
2.2815,0.81909
2.3057,0.81671
2.4845,0.80567
2.4079,0.80639
2.1496,0.8308
2.3838,0.81131
3.6516,0.72293
2.3535,0.81387
2.2054,0.83045
2.2752,0.82326
2.3707,0.81238
2.207,0.8286
2.0079,0.8522
2.1969,0.82969
2.2349,0.82431
3.0081,0.76346
3.2388,0.74492
2.4307,0.80612
2.8977,0.76305
2.8004,0.7719
2.5987,0.78876
2.3978,0.80628
2.6124,0.78819
2.4036,0.81054
2.5647,0.79409
2.4104,0.81114
2.4362,0.8079
2.4978,0.80039
2.4284,0.80656
2.5137,0.79935
2.6483,0.78641
3.1603,0.75279
2.6778,0.78681
2.4108,0.81162
2.8957,0.77475
2.2975,0.82161
2.8246,0.78075
2.3901,0.81192
2.3978,0.81118
2.4359,0.80155
2.3294,0.80651
4.8596,0.65494
2.3205,0.81673
3.5841,0.72687
4.2857,0.68655
2.1156,0.84061
2.353,0.81342
2.4207,0.80752
2.0796,0.84326
2.2675,0.82466
2.2911,0.82149
2.3067,0.81829
2.4214,0.80781
4.5812,0.67081
4.3402,0.68417
2.4485,0.80264
2.4329,0.80624
2.3582,0.81306
2.2237,0.82644
2.644,0.78784
2.7422,0.77928
2.735,0.77919
2.5282,0.79898
2.4149,0.80899
2.4086,0.80901
2.4612,0.80561
2.4751,0.80517
2.5738,0.79505
2.4386,0.80748
3.0404,0.75844
2.879,0.77237
2.9833,0.76442
2.5595,0.80203
2.7676,0.7829
2.6814,0.78975
3.0674,0.75868
2.255,0.82363
2.079,0.84508
2.4265,0.81042
2.0722,0.84955
2.8111,0.77852
3.1842,0.74778
2.6449,0.78704
2.4514,0.80709
2.0964,0.84504
2.1914,0.83273
2.727,0.78373
2.4953,0.79778
2.4211,0.80933
2.4774,0.80411
2.5761,0.79424
2.1193,0.83781
2.1872,0.83041
2.2339,0.82563
2.3504,0.81392
3.0731,0.76228
2.4597,0.80893
2.3764,0.81522
2.4265,0.81001
2.627,0.79438
2.8236,0.7783
2.0678,0.85436
2.5595,0.80599
2.5895,0.79731
2.4022,0.81655
2.374,0.81853
2.5289,0.80251
2.4785,0.8075
2.3482,0.82105
2.3965,0.81411
2.0138,0.85817
3.1803,0.74966
2.8396,0.77796
2.9894,0.76544
3.3547,0.74054
3.0917,0.7623
2.8555,0.78128
2.9936,0.76663
2.7639,0.78324
2.7024,0.79582
3.0903,0.76372
2.8025,0.77875
2.8209,0.77829
3.0919,0.75882
3.1973,0.75611
3.0483,0.76606
2.993,0.77171
2.3446,0.82003
2.6744,0.79715
2.1211,0.8433
2.8438,0.78312
2.9849,0.77007
2.9196,0.77618
3.0225,0.76746
2.8252,0.78407
2.4802,0.81045
2.7159,0.78615
2.3967,0.81511
2.7665,0.781
3.4171,0.7397
3.017,0.77091
3.054,0.76729
2.4732,0.80896
3.0524,0.76335
2.8367,0.78651
3.2678,0.75218
2.4963,0.81391
2.4123,0.81475
2.3125,0.82399
2.6871,0.79032
2.4523,0.81024
2.2015,0.83555
2.3732,0.81859
2.6346,0.79435
3.0191,0.76634
2.7822,0.78323
2.9229,0.77474
2.8534,0.78453
2.924,0.7794
2.4817,0.80874
2.5161,0.80355
2.7799,0.78074
2.7233,0.78542
2.5708,0.79881
2.4971,0.80582
2.8139,0.78117
3.7392,0.71759
2.4318,0.81227
4.5332,0.67842
2.3635,0.82136
2.4402,0.81313
3.0876,0.76536
3.1335,0.76054
3.3035,0.74868
3.2727,0.75063
3.1848,0.75942
2.5753,0.80051
2.6381,0.79424
2.8235,0.7845
3.115,0.75975
2.9749,0.77167
2.8932,0.78015
2.9295,0.77433
2.5416,0.80226
2.8563,0.77809
3.336,0.74675
2.5588,0.80917
2.7704,0.78993
2.1558,0.84489
2.4889,0.80801
2.6571,0.79235
2.3714,0.8201
2.536,0.80655
2.6607,0.79465
2.7214,0.78832
3.0764,0.76047
2.6494,0.79329
2.6549,0.7931
2.7918,0.78297
2.7853,0.78398
2.6094,0.79745
2.8048,0.78264
2.6923,0.79242
2.7077,0.79055
2.5791,0.80307
2.6988,0.79174
2.5495,0.80683
4.72,0.67112
2.1724,0.83682
2.9519,0.7695
2.3123,0.82474
2.6171,0.79743
2.6889,0.79174
3.3053,0.74827
2.747,0.7855
2.6688,0.79314
2.5938,0.80186
2.5545,0.80332
2.6881,0.79101
3.4836,0.73766
2.1837,0.8393
3.581,0.73248
3.2146,0.75919
2.5926,0.80011
2.2382,0.83346
2.6292,0.79726
2.6923,0.79072
2.3625,0.82291
3.4806,0.73999
3.0394,0.77355
2.4117,0.81945
2.612,0.80312
2.0873,0.85252
2.1879,0.84054
2.3078,0.82789
2.3702,0.82122
2.9853,0.7767
2.969,0.77855
2.5985,0.80013
2.223,0.83662
3.2199,0.75785
3.1595,0.7643
3.215,0.75967
3.2933,0.75403
2.5796,0.8036
2.6908,0.79343
2.6449,0.79701
2.5835,0.80306
2.4903,0.81211
2.6641,0.79388
2.4146,0.81839
