9.1378,0.81563
9.3578,0.80383
9.7614,0.79057
10.044,0.7823
10.333,0.77775
8.5351,0.82763
11.308,0.75048
12.718,0.70409
11.859,0.71472
11.138,0.74311
10.455,0.77086
10.416,0.7731
11.765,0.73883
11.424,0.74231
11.669,0.73741
11.89,0.73362
11.817,0.73325
11.739,0.73478
12.067,0.72738
11.852,0.73228
10.494,0.76345
10.473,0.75962
11.196,0.74265
8.5741,0.82399
10.317,0.77071
10.996,0.75229
11.356,0.74047
10.409,0.76472
11.528,0.73531
10.087,0.77386
10.334,0.7668
10.771,0.75529
10.775,0.75487
11.258,0.74584
10.726,0.7609
11.703,0.7331
10.409,0.76956
10.155,0.77401
11.706,0.73729
10.131,0.7863
10.456,0.77775
10.153,0.78427
10.834,0.76592
11.218,0.7556
12.281,0.72452
11.976,0.7336
11.616,0.74395
11.519,0.74728
11.431,0.74998
12.195,0.73084
7.7865,0.86665
11.743,0.74208
11.686,0.74533
12.397,0.72632
12.778,0.71614
12.107,0.73463
12.761,0.71725
11.903,0.74186
11.733,0.73985
12.597,0.72553
8.5148,0.84353
11.968,0.74305
12.044,0.74147
10.662,0.77394
12.225,0.73746
12.223,0.73624
10.96,0.76997
12.499,0.72886
12.381,0.73387
12.667,0.72861
12.066,0.74474
13.324,0.7112
11.089,0.77099
10.941,0.77644
12.526,0.73501
9.2384,0.82653
14.26,0.70698
11.594,0.76116
11.774,0.75663
11.899,0.75272
11.76,0.75379
11.589,0.75655
12.03,0.74654
12.276,0.74225
14.902,0.68002
14.301,0.69191
13.177,0.72091
13.041,0.72278
12.857,0.72614
12.534,0.72362
13.112,0.72034
13.841,0.69262
12.97,0.72558
12.179,0.74378
12.74,0.73334
13.309,0.71569
14.283,0.69062
12.115,0.74068
11.14,0.76394
11.014,0.77451
15.594,0.64358
15.786,0.62963
11.881,0.75565
13.85,0.70797
12.263,0.74329
12.028,0.75124
12.032,0.75232
12.455,0.73632
13.253,0.71487
13.224,0.72009
13.577,0.71232
12.845,0.73073
12.825,0.72319
13.475,0.716
12.73,0.72752
14.506,0.69156
12.023,0.74276
12.805,0.7302
12.171,0.73984
13.77,0.71027
15.112,0.68046
15.116,0.67988
13.054,0.72124
14.679,0.68995
15.887,0.6637
11.032,0.76901
13.575,0.71223
12.7,0.72457
13.653,0.70938
16.217,0.65902
16.429,0.65362
14.05,0.70247
14.099,0.69621
11.817,0.74918
11.058,0.7694
12.599,0.72931
11.269,0.76207
12.533,0.73205
11.736,0.75079
11.172,0.77035
12.395,0.73568
12.474,0.7358
10.999,0.77385
12.708,0.72575
15.011,0.67111
15.23,0.67804
15.369,0.67247
11.846,0.74717
15.153,0.67649
13.772,0.71062
14.755,0.68664
15.242,0.67981
13.767,0.71139
11.208,0.75905
12.082,0.74383
14.718,0.69175
12.841,0.7235
14.604,0.69123
13.969,0.70608
13.895,0.70814
14.51,0.69443
13.603,0.71685
14.713,0.69103
13.773,0.71012
12.92,0.73275
14.304,0.69826
15.017,0.67816
12.097,0.75424
14.24,0.6956
13.731,0.70203
14.32,0.69712
13.947,0.70754
12.643,0.73468
12.749,0.73434
12.691,0.73452
11.598,0.7651
14.196,0.69883
13.209,0.72412
13,0.73014
12.114,0.7496
14.652,0.69092
10.704,0.78337
13.093,0.7255
11.643,0.75927
12.878,0.72852
16.217,0.66235
15.295,0.67985
14.412,0.70143
15.085,0.68837
14.24,0.70472
14.226,0.70146
14.303,0.69786
13.695,0.68978
15.357,0.67621
14.297,0.70346
13.916,0.70809
13.377,0.72293
14.491,0.69411
13.664,0.71595
13.983,0.70818
13.917,0.71039
13.422,0.72137
13.786,0.71383
13.566,0.71796
11.872,0.75159
12.446,0.7365
13.292,0.72096
13.586,0.71331
12.975,0.73059
14.084,0.70356
12.856,0.73035
11.992,0.75276
11.713,0.76024
12.267,0.74585
11.722,0.76236
11.661,0.7616
13.32,0.70626
12.253,0.73842
11.145,0.76951
11.562,0.75752
11.12,0.77607
12.533,0.73859
12.579,0.73588
10.835,0.78087
11.04,0.77415
9.3952,0.81856
10.953,0.77762
9.4687,0.82054
12.071,0.74299
10.665,0.77626
13.128,0.71853
13.557,0.70565
10.876,0.77062
10.05,0.79721
14.015,0.70439
10.129,0.79387
10.642,0.77802
13.361,0.7163
10.688,0.77628
11.869,0.74297
14.031,0.69431
13.495,0.70908
10.788,0.77031
11.009,0.76607
11.18,0.75979
11.578,0.74638
10.689,0.77138
10.834,0.77357
11.099,0.76622
11.289,0.76416
10.204,0.78655
11.321,0.74933
11.779,0.74245
14.102,0.68908
11.487,0.74843
12.345,0.73086
12.165,0.73832
10.877,0.76475
11.16,0.76015
12.083,0.73638
11.244,0.75907
10.743,0.77209
10.805,0.7676
10.978,0.76247
10.487,0.77542
10.84,0.77156
11.292,0.75898
11.936,0.74355
11.589,0.74775
11.333,0.75488
11.546,0.75166
10.87,0.76216
10.376,0.777
11.194,0.75888
9.8573,0.79196
10.985,0.7642
11.21,0.75839
11.268,0.7557
12.797,0.71847
12.224,0.73091
10.564,0.77281
9.8167,0.79174
9.9922,0.78826
11.953,0.73065
11.425,0.74214
9.591,0.79439
10.228,0.77525
10.127,0.7793
11.184,0.74888
10.891,0.75294
11.222,0.7461
11.869,0.72715
10.776,0.75279
11.582,0.73515
10.229,0.76622
10.744,0.75852
10.58,0.75687
10.647,0.76007
10.116,0.76719
10.076,0.76792
10.725,0.75762
12.186,0.71993
11.221,0.74279
11.553,0.72949
9.7571,0.78285
10.88,0.7503
11.111,0.73972
11.637,0.7257
10.778,0.74929
10.835,0.74602
9.8347,0.77952
10.469,0.75613
10.845,0.73527
9.7074,0.77249
9.9988,0.76369
9.7806,0.76863
9.2969,0.77999
10.055,0.76576
9.8272,0.77039
10.232,0.7602
11.044,0.73105
9.0256,0.78768
10.194,0.75993
9.9099,0.76552
11.253,0.72372
10.977,0.73171
9.567,0.77078
9.9901,0.75615
9.2722,0.77747
10.07,0.75586
10.47,0.74008
10.14,0.74973
10.264,0.74845
9.8679,0.75638
9.6633,0.7622
10.755,0.72771
7.8468,0.82178
8.3809,0.7974
8.5025,0.79619
8.5043,0.79334
9.103,0.77708
8.3063,0.7994
8.3345,0.79221
7.6271,0.81896
8.585,0.78342
8.9599,0.77426
9.022,0.76973
8.1097,0.79735
7.2621,0.8204
8.7491,0.77297
7.9519,0.79081
12.001,0.68631
11.811,0.68863
10.607,0.70734
12.861,0.65815
10.022,0.71743
10.25,0.70809
9.7882,0.7178
9.8442,0.71483
9.634,0.71876
10.141,0.70537
9.9842,0.7074
9.838,0.70935
10.434,0.69549
10.014,0.70627
10.379,0.69436
9.686,0.70795
9.5559,0.71081
9.6107,0.71093
9.5578,0.71138
12.45,0.64793
9.3668,0.71304
9.5688,0.70994
10.226,0.68963
10.087,0.69304
9.282,0.7113
9.9225,0.69599
10.074,0.69138
9.6599,0.69784
10.186,0.68691
9.4645,0.70047
9.496,0.69831
8.6232,0.72355
10.134,0.68226
10.127,0.68109
9.6126,0.69459
9.6982,0.69115
10.317,0.67203
9.9245,0.67999
9.8665,0.68062
9.7151,0.68492
9.535,0.68903
9.3686,0.693
9.206,0.69592
9.8412,0.67982
8.8625,0.70059
9.0165,0.69865
9.0606,0.69748
9.3502,0.6882
8.9534,0.69867
9.3098,0.68778
9.4097,0.68768
9.1614,0.69184
9.015,0.69388
9.5384,0.67921
9.3641,0.68221
9.1454,0.68718
10.357,0.65617
7.5777,0.72811
8.61,0.69843
10.108,0.6609
9.3783,0.67678
8.9407,0.69001
10.039,0.6614
9.9102,0.66171
9.6244,0.66928
9.7282,0.66526
9.5646,0.67012
9.7746,0.66355
9.186,0.67832
9.5823,0.66722
9.602,0.66604
9.7692,0.66214
9.7512,0.66242
9.7258,0.66133
9.2355,0.67646
9.4829,0.66941
8.536,0.68962
9.444,0.6662
10.007,0.6531
8.6972,0.68297
8.7127,0.68067
9.3461,0.67219
9.0996,0.67918
8.8542,0.68314
9.1068,0.67738
8.7852,0.68557
8.9952,0.68027
9.0466,0.67856
8.8086,0.68297
8.7558,0.68672
9.2502,0.67033
8.678,0.68718
8.7563,0.6859
9.3024,0.66674
9.5108,0.66207
9.2371,0.67059
9.3789,0.66533
9.4039,0.6642
9.1467,0.67107
9.1136,0.67272
8.608,0.68626
8.8492,0.6774
9.256,0.66609
9.6553,0.65512
9.5468,0.6575
8.7853,0.68088
8.8532,0.67853
9.5992,0.65844
9.3188,0.66652
9.1461,0.67123
9.1298,0.67034
9.0832,0.67107
9.6427,0.65606
9.2839,0.66472
9.3121,0.66285
9.3201,0.66194
9.2043,0.6649
9.6238,0.65402
9.1176,0.66732
9.4028,0.65973
9.5131,0.65474
10.21,0.63801
10.356,0.63491
10.421,0.6331
9.5816,0.6531
9.8033,0.64719
9.6893,0.65164
9.8039,0.64663
9.1119,0.66637
8.5552,0.67554
8.1678,0.68661
9.1732,0.66188
8.1582,0.68642
8.3882,0.67938
8.9743,0.6679
8.9896,0.66513
9.3238,0.65709
9.1323,0.6622
9.0268,0.66468
8.634,0.67575
9.1957,0.66036
8.9799,0.66727
9.2844,0.65831
8.3435,0.68633
9.4181,0.65545
9.0137,0.66598
8.7932,0.6723
8.9513,0.6682
8.4396,0.68122
8.2901,0.68696
9.1715,0.66016
8.4204,0.68375
8.4222,0.68306
7.6755,0.69885
7.5053,0.70239
7.5015,0.70237
7.9364,0.68865
9.0215,0.66405
9.4852,0.65057
7.9766,0.68668
8.4297,0.67763
8.9573,0.6637
11.443,0.61067
9.1653,0.65786
9.5005,0.65509
8.9891,0.66208
8.7729,0.67149
8.7301,0.67222
9.5986,0.64642
10.154,0.63284
7.9096,0.68924
9.2064,0.65631
8.4682,0.67834
9.4908,0.64928
9.3779,0.65004
9.4947,0.65034
9.6764,0.64483
8.416,0.67502
8.7729,0.6655
8.1247,0.67969
7.2721,0.70781
7.8744,0.68555
7.7902,0.69359
8.1192,0.68134
7.4377,0.70034
8.1367,0.68118
9.2533,0.65443
8.6281,0.66834
8.8366,0.666
8.7382,0.67114
8.8202,0.66698
8.1743,0.68377
10.285,0.63056
9.0303,0.66036
9.4558,0.64863
8.3558,0.67868
8.3438,0.67751
9.3538,0.65235
8.6333,0.66969
9.0763,0.66095
8.745,0.66556
8.9905,0.65871
9.374,0.64622
8.8343,0.66535
8.6454,0.66776
9.0033,0.65724
9.1242,0.65656
9.3269,0.65042
9.1084,0.65703
9.4896,0.64461
9.7211,0.63831
9.6217,0.64321
8.9681,0.65876
7.9716,0.68498
9.0643,0.65723
8.929,0.66108
9.3827,0.64792
9.4161,0.64828
9.6919,0.64015
8.5955,0.67077
8.8583,0.66168
9.2883,0.6504
9.1192,0.65598
7.3384,0.70268
9.2053,0.65284
8.4291,0.67464
8.1034,0.6802
8.3934,0.67698
8.0893,0.67972
8.2835,0.68093
8.3338,0.67818
8.6887,0.66694
8.6206,0.66846
8.2604,0.67852
8.7589,0.66533
8.8811,0.66167
8.2938,0.67889
7.3116,0.70611
8.582,0.67037
7.4082,0.7021
8.2514,0.67993
8.3262,0.67758
8.4855,0.67279
7.8464,0.68804
8.6586,0.66735
8.0085,0.6826
8.5484,0.66972
8.4344,0.66959
10.255,0.63062
8.8812,0.66048
8.3214,0.67341
9.246,0.65137
8.2279,0.6767
9.0787,0.65558
9.4014,0.6469
8.7552,0.66094
9.1495,0.6521
8.8287,0.65855
9.062,0.65555
11.49,0.60256
8.7421,0.66505
9.333,0.64929
9.3762,0.6474
9.3722,0.64723
9.5496,0.64331
9.7566,0.63729
9.6778,0.64052
9.5756,0.64253
7.7702,0.68696
9.4515,0.64386
9.3452,0.64716
9.6012,0.64076
9.7899,0.63542
8.5472,0.6623
8.9239,0.65792
8.2153,0.6742
9.9897,0.63023
9.0694,0.65439
7.944,0.67857
9.6352,0.6405
11.479,0.6005
8.3894,0.67602
8.5201,0.66994
9.3361,0.64643
8.8303,0.65987
8.7407,0.66142
8.7122,0.66358
8.6851,0.66159
8.7104,0.66152
8.6503,0.66603
8.4597,0.67188
8.3846,0.67408
8.7991,0.65862
8.7744,0.66029
8.9969,0.65372
8.9959,0.65578
8.8444,0.65593
7.9246,0.68409
8.3943,0.67217
8.4954,0.66964
10.5,0.62253
8.5824,0.66693
8.9713,0.65371
9.075,0.65366
8.6687,0.66362
8.7581,0.66253
9.2708,0.64801
9.5683,0.63967
9.3909,0.64485
8.7498,0.66258
9.32,0.64703
7.8334,0.68262
9.5314,0.64155
9.2382,0.64809
9.38,0.6457
8.9051,0.6582
8.9909,0.65628
9.3785,0.64471
9.0046,0.65393
8.7647,0.66048
8.6293,0.66539
8.7123,0.66203
9.2972,0.64787
7.6041,0.69021
8.7695,0.66395
8.9657,0.65724
8.6388,0.66429
8.4419,0.67069
8.8426,0.66034
8.2704,0.67586
8.1102,0.67762
8.9073,0.65909
8.0907,0.67875
9.8326,0.6312
7.5677,0.68875
10.041,0.62945
9.6573,0.63583
7.5404,0.69115
9.145,0.65064
8.5228,0.66887
8.8853,0.65773
9.0161,0.65299
9.6443,0.63695
9.803,0.63258
9.4129,0.64251
8.539,0.66663
8.5613,0.66824
6.9882,0.70866
8.5048,0.66869
8.2425,0.67607
10.992,0.61244
8.4874,0.6698
8.2066,0.67882
8.3138,0.67351
8.7615,0.66031
8.3268,0.67271
7.2566,0.7008
11.152,0.60794
8.3732,0.66632
8.1871,0.67364
7.0579,0.70951
9.443,0.64463
8.1069,0.67556
8.8031,0.65931
8.9601,0.65532
8.6583,0.66488
8.6341,0.66686
8.825,0.6591
9.0817,0.65236
8.5133,0.66756
8.2473,0.67101
7.8194,0.68771
8.6821,0.66435
7.9877,0.68205
8.7149,0.66338
8.6165,0.66632
8.5018,0.66986
8.5852,0.66859
8.6931,0.66199
8.7632,0.66254
9.0749,0.6541
10.414,0.61749
9.4209,0.64199
9.504,0.64152
9.3095,0.64573
8.9877,0.65365
8.8493,0.65765
8.7522,0.66165
9.0279,0.6524
8.9516,0.6541
9.9027,0.63046
9.266,0.64659
9.0748,0.65135
8.1908,0.67167
9.1929,0.64842
8.8519,0.65728
9.0332,0.65244
9.1453,0.64887
8.8452,0.65882
7.887,0.68266
8.7051,0.66324
8.8483,0.65732
8.5335,0.66629
8.406,0.66816
8.9997,0.65317
7.5939,0.6897
9.2358,0.64434
7.7196,0.68515
8.739,0.66062
9.2673,0.64606
9.2438,0.64796
9.3753,0.64241
9.1543,0.65039
9.2226,0.64621
9.7323,0.64044
9.4122,0.64296
9.1614,0.64879
8.6821,0.65662
8.7163,0.65904
9.1875,0.64956
9.215,0.64868
9.0273,0.65358
8.9967,0.6522
8.9841,0.65032
9.3469,0.64445
9.2966,0.64574
9.3376,0.64461
8.9389,0.65457
9.0415,0.65155
7.8423,0.67809
8.7295,0.65567
9.2772,0.64663
8.6892,0.65743
9.0144,0.65148
9.3692,0.64198
8.4465,0.66527
8.2796,0.66846
8.6587,0.65841
9.5383,0.63852
9.0759,0.65061
8.1326,0.67272
7.9372,0.67879
8.7112,0.65614
9.4592,0.64008
8.4181,0.66344
8.7683,0.65902
9.624,0.63593
9.4222,0.64246
8.8992,0.65837
9.7326,0.63427
9.633,0.63751
7.8948,0.68698
8.115,0.67681
7.6508,0.68975
6.8913,0.71124
7.7699,0.68604
8.21,0.67561
8.4241,0.66852
7.3673,0.70063
8.3289,0.66713
7.7434,0.68588
7.8698,0.6853
7.6756,0.6908
8.074,0.67766
8.6562,0.66065
8.0832,0.67395
8.9424,0.65286
8.2275,0.67693
8.9895,0.65348
8.5125,0.66328
8.5755,0.66624
8.4772,0.66698
8.8255,0.65813
9.0763,0.65054
8.1664,0.67314
8.1575,0.67364
7.5742,0.69369
7.2534,0.69976
8.7979,0.65629
8.5493,0.66428
9.0078,0.65233
8.4835,0.66727
8.9031,0.65581
9.0062,0.65205
9.0857,0.64982
9.6133,0.63485
8.8471,0.65504
11.221,0.60435
10.61,0.61766
8.7157,0.658
8.3033,0.6718
9.3481,0.64168
6.8668,0.71034
8.2331,0.67122
8.2184,0.67307
8.7208,0.6581
8.5344,0.66486
8.5796,0.66354
8.9479,0.65297
7.9154,0.67799
8.1873,0.67269
7.7053,0.68798
8.6295,0.66317
8.796,0.65658
9.0303,0.65126
8.7923,0.65795
11.203,0.60354
8.2295,0.67037
10.94,0.61082
10.945,0.60978
11.131,0.60547
11.49,0.59729
11.141,0.60601
10.077,0.62554
9.5403,0.63567
9.9371,0.62721
9.3029,0.64002
7.3857,0.69557
10.947,0.60877
10.23,0.62709
8.7975,0.65936
9.9439,0.63457
10.614,0.61682
10.313,0.62557
8.5743,0.66244
7.5512,0.68903
8.5043,0.666
8.13,0.67587
8.2131,0.67153
9.1938,0.64682
7.136,0.70152
7.8553,0.67979
8.0161,0.6751
7.6181,0.6876
7.5042,0.69105
7.6862,0.685
8.9302,0.6544
7.3703,0.69181
9.5054,0.63746
9.7843,0.63197
9.471,0.63886
9.3406,0.64288
8.9776,0.65203
9.4956,0.63862
7.2887,0.69489
9.235,0.64564
8.3022,0.66829
9.2004,0.64471
7.6029,0.68713
8.8241,0.65499
8.829,0.65728
8.9212,0.65229
8.8626,0.65679
7.063,0.70603
8.8705,0.65684
9.2786,0.64212
9.7244,0.63177
8.8864,0.6552
9.1856,0.64702
9.8298,0.62869
9.2432,0.64469
9.3552,0.6408
7.8004,0.68563
8.9783,0.6518
9.0828,0.64978
9.4526,0.6378
8.9235,0.65242
8.5212,0.66355
8.8851,0.65283
8.654,0.66065
9.5484,0.63823
9.2561,0.64361
8.8078,0.65669
10.608,0.61629
8.7011,0.6612
8.8376,0.65654
9.2143,0.64478
9.3093,0.64271
8.3863,0.67128
8.7662,0.65832
9.1112,0.64885
9.1424,0.64871
9.3431,0.64229
9.4329,0.64035
8.7208,0.6608
8.5568,0.65938
8.373,0.66538
8.3357,0.6669
9.0946,0.64873
9.5346,0.63695
9.602,0.635
9.2055,0.64684
9.569,0.63639
9.299,0.64142
8.8947,0.65423
9.0013,0.65106
9.0832,0.64786
9.0929,0.64898
9.1736,0.64629
9.228,0.64492
9.2626,0.64249
8.7857,0.65583
9.2771,0.64492
9.0625,0.64881
12.226,0.58164
11.788,0.59155
9.4701,0.63672
9.3145,0.64143
9.2001,0.64484
10.147,0.6292
9.7937,0.63822
8.2002,0.67391
10.62,0.61607
9.8629,0.63436
11.108,0.60493
9.9259,0.63211
9.5036,0.6436
9.8795,0.63556
10.746,0.613
10.702,0.61349
9.9538,0.63176
8.2937,0.66843
8.5229,0.66391
8.5194,0.66319
8.8514,0.65429
9.0857,0.64772
8.8316,0.65541
8.7471,0.65718
9.302,0.64227
9.123,0.64736
7.4929,0.69106
9.3829,0.64068
9.2662,0.6443
8.5958,0.66329
8.8953,0.65276
8.8693,0.65417
9.2508,0.64403
9.5702,0.63463
8.6774,0.66058
8.8417,0.6549
9.0638,0.64889
8.948,0.6534
8.0663,0.67311
9.1952,0.64613
9.0188,0.65019
9.1589,0.64507
9.9292,0.626
8.4114,0.66876
8.5442,0.66365
10.313,0.62366
8.7179,0.65889
8.8575,0.65411
8.6084,0.66139
9.0634,0.64846
7.1027,0.70152
8.8346,0.6553
11.041,0.6076
8.0111,0.67515
8.8077,0.65644
8.0992,0.67486
10.589,0.61673
10.43,0.62324
10.483,0.61937
11.245,0.60233
8.2136,0.67035
7.8317,0.68068
7.9823,0.67732
9.0987,0.64906
9.1885,0.64745
8.5105,0.66111
8.9152,0.65251
8.2943,0.66759
8.4237,0.66349
8.926,0.64992
9.1592,0.64758
8.7351,0.65031
8.868,0.65451
8.5175,0.6647
9.7896,0.62903
8.552,0.66372
9.5654,0.63565
7.2039,0.69873
9.3302,0.64282
9.1116,0.64803
9.5097,0.63802
8.6245,0.66228
9.9383,0.62646
9.6879,0.63251
9.9489,0.62613
10.118,0.62187
9.8651,0.62881
12.401,0.5779
9.0559,0.64592
8.6493,0.66145
8.7835,0.6565
9.3902,0.6402
9.773,0.6294
9.5885,0.63568
8.1877,0.67232
9.3363,0.64171
8.8144,0.65423
7.4088,0.68955
10.734,0.61181
11.089,0.60364
10.313,0.62319
8.3524,0.66766
7.8696,0.68083
8.7152,0.65617
8.2362,0.66978
6.6142,0.71925
8.0298,0.67486
6.9948,0.70425
9.642,0.63287
7.1948,0.69886
6.9222,0.70627
8.7325,0.65839
9.4835,0.64251
9.5777,0.63824
9.8235,0.63102
9.0973,0.64987
9.0992,0.64916
9.4417,0.63912
8.4892,0.66604
9.2995,0.64233
8.9412,0.653
9.0051,0.65033
9.5457,0.63647
8.8135,0.65677
9.184,0.64636
7.7702,0.67937
8.1806,0.66959
8.5333,0.66351
9.2973,0.64156
8.806,0.65593
8.8166,0.65483
8.0507,0.67771
9.3268,0.64103
9.0827,0.64653
9.1494,0.64531
9.5299,0.63545
8.575,0.66375
8.6831,0.65916
8.4759,0.66398
8.5318,0.66343
8.7674,0.6577
8.7474,0.65881
8.7906,0.65715
8.9062,0.65329
9.0465,0.64838
8.9871,0.65075
7.1957,0.69893
8.3542,0.66761
7.677,0.67842
8.8079,0.65255
11.31,0.59925
11.114,0.60448
11.988,0.58404
10.615,0.61502
9.0622,0.64768
9.0525,0.64899
8.0976,0.67536
9.3382,0.64062
11.206,0.60203
11.285,0.59966
11.091,0.60429
8.8952,0.65354
8.8671,0.65388
9.2084,0.64383
8.5785,0.65981
8.42,0.66372
8.4022,0.66223
8.2864,0.66952
7.9878,0.67682
9.097,0.6493
8.9955,0.65121
7.9123,0.67511
9.0671,0.65008
8.4925,0.66005
7.6034,0.68683
7.6249,0.68611
9.2037,0.64608
7.6566,0.68537
8.3468,0.66378
7.8077,0.6811
9.2913,0.64101
9.4067,0.63939
8.6613,0.65785
8.9903,0.65012
9.3556,0.6423
9.6949,0.63224
9.2776,0.6432
8.779,0.65564
9.1675,0.6455
7.6516,0.68686
8.8471,0.65438
9.0566,0.64912
9.426,0.63712
8.6336,0.66001
8.6488,0.65975
9.5415,0.63502
8.2108,0.67325
7.5201,0.69226
7.5129,0.69193
9.2811,0.64473
9.126,0.64759
8.3722,0.66702
8.3455,0.66997
9.3666,0.6405
7.7618,0.68662
9.2961,0.64253
9.21,0.64474
9.2119,0.64491
9.1662,0.64708
7.6292,0.68591
7.8598,0.67882
8.4175,0.66455
8.3235,0.66472
7.7433,0.68142
8.3891,0.66544
8.3454,0.66851
8.1697,0.67095
7.8235,0.68141
8.888,0.65498
8.7247,0.65953
8.3597,0.66762
11.499,0.59486
11.375,0.59787
11.417,0.59727
9.9348,0.62236
9.2681,0.64278
9.8463,0.6272
9.8113,0.62856
9.5545,0.63523
9.2905,0.64223
9.4881,0.638
9.2035,0.64568
9.3727,0.63999
8.6849,0.65647
8.7909,0.65429
8.6232,0.66134
8.8769,0.65175
8.9512,0.65223
8.1086,0.67619
9.0218,0.64951
8.383,0.66758
9.1366,0.64651
8.1657,0.67431
9.51,0.63671
8.4387,0.66682
8.6213,0.65926
8.8717,0.65176
9.5247,0.63617
8.7671,0.6548
9.6652,0.63203
8.494,0.66461
8.9947,0.65164
8.877,0.65316
8.7638,0.65487
8.7099,0.65944
8.666,0.66076
8.4879,0.66572
8.3986,0.66608
7.8696,0.67841
8.0121,0.67651
7.3154,0.69691
8.1311,0.67202
9.3204,0.64249
9.1001,0.6481
8.7547,0.65692
8.5957,0.65984
9.4685,0.638
9.0233,0.64998
9.181,0.64722
9.4141,0.63865
7.816,0.68229
9.4452,0.63944
8.1435,0.67402
9.2786,0.64257
8.8667,0.65423
9.1282,0.64564
8.1399,0.67696
8.5769,0.66262
8.705,0.65947
8.6228,0.66186
9.403,0.64049
8.7235,0.65959
11.103,0.60554
11.638,0.59275
9.3414,0.64064
11.966,0.58386
8.3186,0.66546
9.1985,0.6434
9.3252,0.64082
10.947,0.60683
7.7596,0.67795
8.9952,0.65082
11.378,0.59774
9.9722,0.62394
9.792,0.62628
9.5977,0.63304
9.7175,0.62833
8.73,0.65773
9.4925,0.63485
9.5298,0.6352
9.365,0.63882
9.6273,0.63097
9.4207,0.63749
9.0419,0.64721
9.3292,0.63743
8.4912,0.6598
9.1486,0.64255
8.866,0.64951
7.9053,0.67801
7.7486,0.68382
8.1182,0.6718
8.0996,0.67276
8.1664,0.66957
8.4372,0.66062
8.5831,0.658
8.1346,0.67042
9.1491,0.64189
8.4082,0.65946
8.2479,0.66849
8.5357,0.65867
8.6261,0.65354
8.2143,0.66799
9.1486,0.64063
8.0808,0.67097
8.496,0.65593
8.7235,0.64984
8.6829,0.65302
7.9233,0.66947
8.0039,0.66922
8.1824,0.6591
9.7027,0.62392
9.0581,0.64042
10.716,0.60488
9.8519,0.61939
9.5533,0.62669
9.3066,0.63295
9.5316,0.62666
11.058,0.59519
9.0084,0.63947
9.015,0.63979
10.792,0.60029
10.324,0.61239
10.105,0.617
7.5147,0.6801
7.6509,0.67787
8.2154,0.66305
8.5412,0.64821
8.1465,0.66337
8.7055,0.64487
8.2014,0.66103
8.5521,0.64944
11.042,0.59227
10.531,0.60483
7.9703,0.66593
8.1542,0.65968
9.0375,0.64128
9.1218,0.63786
9.7873,0.62023
9.2364,0.6351
9.7233,0.62092
9.8134,0.61809
9.2826,0.63046
9.7838,0.61733
8.5446,0.64544
8.4916,0.64648
8.049,0.65903
7.9747,0.66167
8.0084,0.66045
7.8442,0.66505
8.2764,0.65215
8.9244,0.63262
9.4242,0.62278
7.9166,0.66037
8.2944,0.6477
7.3656,0.67248
8.0031,0.65607
8.0828,0.65234
7.9293,0.65021
8.3339,0.64032
10.594,0.58948
7.5807,0.66495
9.9683,0.60492
7.8538,0.65397
8.3665,0.64071
8.2069,0.64378
8.3092,0.63851
8.9105,0.62337
7.9256,0.6508
6.6999,0.68282
7.5415,0.66013
7.7982,0.6548
7.9905,0.64676
7.8869,0.6491
8.0433,0.64267
8.0352,0.64318
7.7018,0.65258
8.1721,0.63962
7.7248,0.65127
6.892,0.67801
8.2944,0.63336
6.6073,0.67894
8.1475,0.63756
8.114,0.63802
8.0698,0.63808
8.2014,0.63467
6.6329,0.67782
7.8969,0.64282
7.6974,0.64622
8.058,0.63855
6.4164,0.68149
8.0833,0.6345
7.9895,0.63695
7.8065,0.64141
8.8565,0.61289
8.3179,0.62932
8.3879,0.62188
8.1392,0.63388
7.8129,0.6402
8.0167,0.63451
8.4124,0.62147
8.6403,0.61517
8.6431,0.61411
8.7445,0.61043
8.0413,0.62821
8.2812,0.61995
8.6333,0.61358
7.1013,0.65252
8.2495,0.6227
8.4728,0.61778
8.6035,0.6123
8.3495,0.62023
7.8903,0.63242
8.3069,0.61983
8.7534,0.60703
7.9882,0.62801
8.1038,0.6236
7.7617,0.63297
8.5185,0.61093
8.5336,0.61074
8.0961,0.62363
7.9938,0.62496
8.3638,0.61371
8.3336,0.61253
8.2973,0.61495
8.3176,0.61487
8.3993,0.61122
7.9802,0.62324
8.2471,0.61463
7.8356,0.62691
6.8501,0.65181
6.8925,0.65031
7.5893,0.63368
7.7696,0.62582
7.7416,0.62744
8.0346,0.61722
7.9859,0.6187
7.7609,0.62415
6.658,0.65435
6.5766,0.65556
6.0435,0.67053
7.8835,0.61761
8.6322,0.5979
7.6694,0.62541
9.2742,0.58455
7.9858,0.61365
7.8827,0.61615
7.9594,0.6112
9.1431,0.58712
9.4509,0.57937
7.5237,0.6257
8.8621,0.59433
8.407,0.59778
7.7686,0.61788
8.6817,0.59299
8.2243,0.60548
8.1575,0.60455
8.0592,0.60699
8.1666,0.60273
6.8955,0.64174
8.2318,0.60173
8.0628,0.60559
8.2579,0.59925
7.9901,0.60755
7.9578,0.60868
7.8028,0.61124
8.9384,0.586
8.3937,0.59276
8.0168,0.60469
8.6435,0.59177
8.9769,0.5792
9.1504,0.5782
8.9369,0.58385
8.9167,0.58397
8.8425,0.58504
9.1529,0.57019
8.9118,0.57498
6.4278,0.65202
8.4365,0.58922
8.0476,0.60644
8.6762,0.58887
8.64,0.58923
8.4295,0.59399
8.6905,0.58584
6.9873,0.62978
8.3243,0.58631
8.9021,0.57315
8.3773,0.58615
8.5594,0.57916
8.1964,0.58714
6.5877,0.64091
7.8852,0.59871
7.8114,0.59944
8.8285,0.57005
8.3895,0.58516
8.0993,0.59335
8.7216,0.57242
8.8555,0.56838
8.392,0.58131
8.1106,0.58844
7.4331,0.60885
7.5831,0.60231
8.0955,0.58762
8.7427,0.56772
9.0022,0.56401
8.8192,0.57131
8.9205,0.56893
8.7339,0.57324
7.9542,0.59065
7.7643,0.59696
8.153,0.58381
8.1631,0.58313
8.3176,0.57912
8.1884,0.58213
8.2955,0.58046
8.8412,0.56321
7.8123,0.59173
8.1817,0.5793
8.2424,0.57772
8.2789,0.57538
8.0393,0.58209
8.1025,0.58174
7.8057,0.58881
7.6728,0.59156
8.1718,0.57876
7.8931,0.58598
7.936,0.58325
8.0109,0.58156
8.4433,0.56954
8.1717,0.57682
8.1321,0.57757
8.0501,0.57913
8.1302,0.57602
8.1141,0.57572
8.0784,0.57773
8.3562,0.56888
8.61,0.55942
8.4075,0.5665
8.0046,0.57694
8.8496,0.54669
8.5758,0.5569
8.4579,0.56285
8.3723,0.56656
8.395,0.56441
8.4011,0.56284
8.4604,0.56124
8.2952,0.56647
8.3973,0.56336
8.3134,0.56389
8.2882,0.56578
9.5235,0.5408
8.3448,0.55864
7.9681,0.5725
7.9582,0.57397
10.394,0.51825
8.706,0.55309
8.4239,0.56071
8.5638,0.55647
8.6324,0.55436
8.844,0.54781
7.7627,0.58385
8.2924,0.56159
8.4034,0.55716
8.2727,0.5616
8.4605,0.55547
8.5171,0.55336
10.056,0.52229
9.793,0.52868
9.9283,0.52443
9.888,0.52628
9.9094,0.52567
8.0076,0.56666
10.032,0.52133
8.0928,0.56273
7.9417,0.56739
7.9434,0.5669
8.3637,0.55513
7.6623,0.57587
7.9074,0.56818
7.8009,0.57104
8.1988,0.55848
8.3492,0.55371
9.838,0.52248
8.1411,0.55921
8.3002,0.55538
8.2585,0.55578
9.8161,0.52202
10.035,0.51639
10.151,0.51408
9.607,0.52696
9.422,0.53112
9.7742,0.52277
9.8087,0.52282
9.8614,0.51962
9.8568,0.52153
10.553,0.50509
10.203,0.51107
8.403,0.54908
10.102,0.51278
10.213,0.51007
10.445,0.50428
8.0467,0.55292
10.411,0.50473
10.36,0.50666
10.328,0.50684
10.365,0.50522
10.03,0.51353
8.212,0.55101
10.478,0.50205
10.267,0.50639
8.215,0.54705
8.0753,0.54849
8.3575,0.5424
8.327,0.54325
10.163,0.50757
9.8237,0.51603
10.306,0.50321
9.5985,0.51791
9.2867,0.52539
9.5893,0.51666
9.5841,0.51731
9.6471,0.51509
7.2902,0.5682
8.1334,0.54887
7.7852,0.55732
7.9673,0.5538
8.1769,0.54748
7.7442,0.55711
7.4251,0.56387
7.6824,0.55706
8.2214,0.544
10.02,0.50572
9.8292,0.50852
7.6523,0.55682
7.8136,0.55181
7.7884,0.55321
7.8657,0.55025
7.7438,0.55489
7.7542,0.55331
7.787,0.55321
8.1741,0.54179
8.0337,0.54539
7.8801,0.55065
8.0389,0.54729
7.9613,0.55085
8.0522,0.54712
8.9893,0.52705
7.8813,0.55025
8.9867,0.52994
7.662,0.55769
9.1565,0.52411
9.2778,0.52094
9.5496,0.5134
9.517,0.51465
7.7725,0.55468
8.9217,0.52925
8.5461,0.53354
9.6107,0.51137
7.5789,0.5593
7.6825,0.55588
7.7118,0.55309
7.6278,0.55768
7.554,0.55927
7.8239,0.55382
7.5613,0.56081
7.3883,0.56404
7.5858,0.56111
7.8133,0.55308
9.0318,0.52538
7.6321,0.55808
8.3385,0.53613
8.3819,0.53575
8.5325,0.53322
7.9801,0.54552
8.1917,0.54102
7.7231,0.55333
8.0759,0.54287
7.9848,0.54581
8.1481,0.54068
7.9253,0.54703
7.9138,0.54747
8.123,0.54116
7.7482,0.55519
7.2078,0.56772
7.5754,0.55549
7.2707,0.56416
7.3221,0.56699
7.8686,0.55098
7.3701,0.56331
7.6097,0.55676
7.5716,0.55648
7.2992,0.5633
7.359,0.56354
7.2427,0.5655
8.9257,0.52662
9.0529,0.52364
9.0247,0.52497
8.9728,0.52583
8.8316,0.52974
9.0161,0.5252
9.048,0.52297
9.0378,0.52398
9.083,0.52196
9.3041,0.51681
9.2233,0.51909
9.1733,0.5205
9.5818,0.51094
9.5399,0.51227
9.4326,0.51557
9.4306,0.51562
7.7212,0.55337
9.2377,0.51884
7.7188,0.55395
9.0662,0.52493
9.2748,0.51929
9.1594,0.52209
7.4845,0.56056
9.4467,0.51491
7.5729,0.55411
7.4092,0.55871
7.9866,0.54112
7.616,0.55719
7.6727,0.55404
7.9471,0.5468
7.7075,0.55203
9.3421,0.51744
9.5938,0.51029
7.5705,0.5556
9.5122,0.51342
7.6855,0.55365
7.6115,0.55717
7.6016,0.55826
7.8163,0.5499
7.9641,0.54667
7.5946,0.55768
7.5687,0.55648
7.7261,0.55111
7.4226,0.56001
7.3884,0.56117
7.3151,0.56622
7.4698,0.55978
7.4312,0.56007
7.2765,0.56478
7.3594,0.56268
9.1876,0.52082
7.5981,0.5558
7.4338,0.56041
9.2441,0.51893
7.526,0.55716
9.2464,0.51826
7.4401,0.56129
7.4823,0.55814
7.3681,0.56176
7.477,0.55871
9.6629,0.50987
9.4017,0.51656
9.4306,0.51613
9.3352,0.51796
9.066,0.52611
9.0856,0.52546
7.4024,0.56299
9.2265,0.52119
9.1912,0.52132
9.2111,0.5206
9.4009,0.51508
9.6514,0.50885
8.764,0.53106
7.4878,0.56106
8.8884,0.52706
9.0987,0.52171
9.0162,0.52417
9.0941,0.52169
9.1233,0.52083
9.1843,0.51958
9.0873,0.52229
9.0796,0.52165
8.9495,0.52592
9.237,0.51748
7.931,0.54535
7.3251,0.56135
7.1579,0.56721
7.2713,0.56546
7.2091,0.56725
7.3872,0.56166
7.6584,0.5519
7.291,0.56391
7.2379,0.56522
7.4221,0.56
7.2656,0.56405
7.3744,0.56118
7.4417,0.56087
7.4137,0.56074
7.2175,0.56594
7.2027,0.56591
7.2677,0.56616
7.7263,0.55057
8.2391,0.53613
7.1638,0.56357
7.4398,0.55834
7.5126,0.55615
7.2464,0.564
7.1288,0.56988
8.7927,0.52744
7.2333,0.5652
8.8609,0.52632
8.7833,0.52737
8.926,0.52324
9.0005,0.52191
8.881,0.52509
8.6733,0.53222
8.8344,0.52687
8.9309,0.52359
8.7634,0.52798
8.811,0.5275
7.2903,0.56414
7.3974,0.5608
8.924,0.52531
7.4832,0.5589
7.4708,0.55709
7.6475,0.55167
7.7111,0.55024
7.2112,0.56544
7.4791,0.55606
7.6294,0.55212
7.4707,0.5575
7.6444,0.55188
7.5352,0.5568
7.1141,0.57022
7.7712,0.54869
7.483,0.55793
7.0691,0.57034
7.5031,0.55606
7.3411,0.55923
7.2656,0.56207
7.3798,0.55944
7.3427,0.56065
7.203,0.56174
7.1581,0.56623
7.5449,0.55492
7.5624,0.55441
7.5625,0.55279
7.751,0.54766
7.3856,0.55937
7.4547,0.55738
7.4139,0.5578
7.5411,0.55377
7.4006,0.55866
7.4022,0.55909
7.3644,0.55937
7.4936,0.55621
7.6068,0.55416
7.0999,0.57091
8.986,0.5218
7.0858,0.5668
7.1967,0.56429
7.4592,0.55664
7.3946,0.55834
7.262,0.56238
6.9556,0.5718
6.9715,0.5738
8.5461,0.53301
7.2465,0.56164
7.5406,0.54987
7.7824,0.5455
7.7412,0.55054
8.6359,0.52669
7.4518,0.55559
7.4896,0.55502
7.325,0.55972
7.4427,0.55717
7.524,0.55398
7.466,0.55644
8.8362,0.52447
7.6707,0.54917
7.3391,0.56011
7.4429,0.55674
8.9403,0.52178
8.6609,0.52907
7.2738,0.56218
9.0259,0.51826
7.2612,0.56097
8.6137,0.5308
7.427,0.5569
7.3905,0.55476
8.4018,0.53668
7.0983,0.56926
7.3165,0.55975
7.2198,0.56022
7.1942,0.55908
7.7213,0.54763
7.6686,0.54902
7.4864,0.55387
7.3952,0.55701
7.6427,0.55016
7.6852,0.5497
7.8742,0.54201
7.5893,0.55154
7.5506,0.54965
7.4084,0.55654
7.7254,0.54907
7.4251,0.55556
7.4234,0.55587
7.3265,0.56138
7.4831,0.55535
7.3932,0.55706
7.3158,0.55989
7.1093,0.56542
7.2164,0.56285
7.4791,0.55452
7.0815,0.56653
7.1284,0.56051
7.4883,0.55321
7.3859,0.55526
7.3625,0.55722
7.4536,0.55441
7.4025,0.55866
7.6082,0.55162
7.391,0.55724
7.5972,0.54863
7.4539,0.55359
7.5007,0.55428
7.5234,0.55274
9.5176,0.50624
9.3324,0.51048
9.0785,0.51856
9.273,0.51271
9.2673,0.51312
9.6075,0.50431
9.0587,0.51839
8.5625,0.53165
8.9263,0.52379
8.9073,0.52355
9.2642,0.51342
9.4582,0.50823
7.8063,0.54567
7.1336,0.56272
7.3368,0.55548
6.9579,0.57015
7.0975,0.56446
6.995,0.56814
7.2996,0.56059
7.2773,0.56199
7.3309,0.56027
7.2906,0.56244
7.3023,0.56006
7.3291,0.55738
7.2139,0.56138
7.1739,0.56368
7.1242,0.56472
6.9798,0.56915
7.0174,0.56901
7.2051,0.56214
7.6012,0.55023
7.4487,0.55504
7.0758,0.56667
7.1552,0.56453
6.9661,0.56809
7.0576,0.56754
7.1951,0.56243
7.2136,0.56275
7.6606,0.54829
7.461,0.55435
7.2329,0.56307
7.2363,0.56175
7.5509,0.55016
7.1842,0.56349
7.3155,0.55848
7.2612,0.56034
7.4954,0.55195
7.1311,0.56186
7.2126,0.55904
7.4424,0.55403
7.4099,0.55475
7.389,0.55608
7.524,0.55335
7.6858,0.54894
7.7466,0.54396
7.657,0.54709
7.478,0.55544
7.6011,0.54985
7.3401,0.56
7.5641,0.55179
7.5832,0.55166
7.3472,0.55879
7.0884,0.5621
7.3288,0.55941
7.3419,0.5574
7.4474,0.55506
7.4653,0.55492
7.4785,0.55563
7.5034,0.5536
7.5999,0.5502
7.5671,0.55269
7.9129,0.53896
9.5357,0.50645
7.5907,0.55017
7.7191,0.54331
7.4559,0.5517
7.2128,0.56157
7.4021,0.55447
7.5925,0.55123
7.7255,0.54452
7.7349,0.54613
7.8215,0.54394
7.525,0.5523
7.8607,0.54237
7.2811,0.562
7.5795,0.55119
7.3737,0.55752
7.3346,0.5588
7.4668,0.55548
7.4354,0.55768
7.1315,0.56683
7.7667,0.54904
7.342,0.56056
7.4515,0.55793
7.5094,0.55399
7.6092,0.54979
7.3843,0.55601
7.1578,0.56131
7.2052,0.55992
7.6206,0.55094
7.2256,0.56208
7.0805,0.56591
7.6369,0.55149
7.533,0.55415
7.0964,0.56654
7.2099,0.56337
7.5017,0.55454
7.557,0.5534
7.525,0.55017
7.5351,0.55111
7.2548,0.56094
7.4041,0.55472
7.2482,0.56161
7.1192,0.5646
7.6788,0.54805
7.2683,0.56013
7.4008,0.55641
7.3589,0.55788
7.7325,0.54688
7.4252,0.55374
7.6335,0.55039
7.287,0.5576
7.2949,0.55953
7.3176,0.55907
7.3001,0.56063
7.2994,0.55923
7.4647,0.55199
7.4165,0.55504
7.5695,0.55025
7.3511,0.55784
7.2624,0.56104
7.3483,0.5576
7.2987,0.55907
7.3125,0.55825
7.5621,0.55166
7.3892,0.5566
7.589,0.55066
7.2748,0.56205
7.3397,0.55728
7.4072,0.55488
7.3269,0.55788
7.546,0.55173
7.3931,0.55536
7.6187,0.54743
7.4031,0.55761
7.4426,0.55553
7.5406,0.55361
7.5871,0.55159
7.6434,0.54865
7.4159,0.55451
7.4004,0.55496
7.4034,0.55499
7.2887,0.55924
7.3687,0.5565
7.4365,0.5573
7.0435,0.56145
7.3214,0.56031
7.2524,0.5614
7.2597,0.56098
7.2391,0.5586
7.4109,0.55603
7.1313,0.56535
7.2211,0.55894
7.2202,0.56317
7.5312,0.55223
7.1837,0.56327
7.3343,0.55867
7.246,0.56175
7.3783,0.55561
7.3847,0.55615
7.1582,0.56074
7.0144,0.56562
6.9907,0.56876
7.2066,0.56132
7.007,0.56811
7.1434,0.56509
7.099,0.56425
7.4148,0.55381
7.2045,0.56092
7.0154,0.56817
7.3049,0.55991
6.8627,0.57228
7.1237,0.56385
7.207,0.56139
7.4193,0.55414
7.1476,0.56226
7.3903,0.55477
7.2528,0.55876
7.3106,0.56031
7.2013,0.56246
7.1822,0.56275
7.4068,0.55386
7.2981,0.55884
7.3303,0.55508
7.0074,0.56635
7.2181,0.56066
7.3131,0.5577
7.3623,0.55436
7.3702,0.55541
6.9984,0.56698
7.0495,0.56644
6.9394,0.57263
7.3283,0.55902
7.1636,0.56209
7.8463,0.54264
8.9828,0.52011
9.111,0.51649
9.1518,0.51501
7.3246,0.55498
7.1193,0.5637
7.2987,0.55829
7.5503,0.54946
7.2906,0.55723
8.9821,0.52047
8.9608,0.52077
7.3031,0.55801
7.3556,0.55793
7.2791,0.5587
7.4262,0.55353
7.2672,0.55997
7.4808,0.55343
7.3511,0.557
7.3757,0.55567
7.3103,0.55724
7.1604,0.56311
7.1922,0.56239
7.0574,0.56714
7.1983,0.56302
7.3608,0.55652
7.0588,0.56681
8.0488,0.54139
7.1338,0.56515
7.1623,0.56291
7.1881,0.56237
7.1767,0.56256
8.3516,0.53482
7.3419,0.5567
7.2706,0.56106
7.3439,0.55759
7.1839,0.56397
6.5827,0.57855
7.0408,0.56754
7.0402,0.56855
6.931,0.57199
8.7377,0.52736
7.2666,0.5592
6.8352,0.57521
7.2873,0.55809
7.0734,0.56374
7.0534,0.56489
7.0565,0.56523
8.5201,0.53328
7.3679,0.5559
7.4839,0.55259
7.1499,0.5645
7.2042,0.56302
7.3038,0.55859
7.4789,0.55282
7.2046,0.5613
6.8264,0.57402
6.9585,0.57019
7.0439,0.56604
6.94,0.56944
6.9874,0.5673
7.3002,0.55832
7.446,0.55014
7.5255,0.54916
7.2499,0.55556
7.4289,0.55365
7.4557,0.55417
7.8094,0.53771
7.4079,0.55523
7.4723,0.55078
7.514,0.55026
7.4331,0.5524
7.2921,0.55885
7.1641,0.56211
7.2462,0.55728
7.0677,0.56404
7.1378,0.56174
7.2008,0.56147
7.3352,0.55595
7.1386,0.56355
7.1014,0.56486
7.3884,0.55563
7.4037,0.55503
7.3102,0.55602
7.262,0.55813
7.4813,0.5536
6.9832,0.56939
7.1414,0.56258
7.2501,0.5597
7.0488,0.56709
7.2745,0.55961
7.0195,0.56819
6.9234,0.57056
7.0766,0.56663
7.1487,0.56342
7.2044,0.55875
7.1291,0.5652
7.2724,0.5614
7.0669,0.56453
7.299,0.55877
7.1876,0.56135
7.3099,0.55607
7.1921,0.55993
7.0872,0.56382
7.4735,0.5504
7.4918,0.55005
7.1754,0.56047
7.5303,0.54886
7.3206,0.55577
7.1984,0.56121
7.2998,0.55806
7.2821,0.55925
7.444,0.55211
7.1653,0.56246
7.3953,0.55243
7.2343,0.55929
7.4574,0.55245
7.2901,0.55756
7.4906,0.55141
7.3743,0.55309
7.3707,0.55463
7.2195,0.55996
7.284,0.55621
7.1715,0.5622
7.5622,0.54937
7.0987,0.5643
7.1327,0.56361
7.3259,0.55783
7.3996,0.55433
7.3088,0.55773
7.2934,0.5579
7.2701,0.55811
7.2094,0.56041
7.4367,0.5516
6.9783,0.56962
8.753,0.52481
7.4603,0.55286
7.1043,0.56358
7.1104,0.56481
7.3456,0.55413
6.7261,0.57792
7.2622,0.55832
8.8402,0.52268
7.194,0.55963
7.0941,0.56323
7.1805,0.55924
7.2108,0.56128
7.234,0.55969
7.171,0.56172
7.4596,0.55191
7.1709,0.56213
7.2406,0.55977
7.4023,0.55348
7.3081,0.55744
7.3341,0.55578
7.3275,0.55724
7.1154,0.56274
7.3027,0.55578
7.8609,0.54037
7.2527,0.55978
7.3179,0.55555
7.526,0.55089
7.2331,0.56041
7.0695,0.56569
7.579,0.54827
7.3148,0.55742
7.4259,0.55397
7.4098,0.55506
7.1078,0.56472
7.3699,0.55324
7.4911,0.55058
6.9532,0.56822
7.0294,0.5665
7.0085,0.567
7.3739,0.55457
6.9598,0.56377
7.3393,0.55598
7.1321,0.5581
6.7494,0.57045
6.7605,0.57131
7.2294,0.55812
7.435,0.55232
7.3871,0.55396
7.5067,0.55108
7.4893,0.55327
7.1845,0.56216
7.2825,0.55715
7.4983,0.55151
7.3887,0.5557
7.1386,0.56261
7.2138,0.56016
7.6461,0.54783
7.5165,0.55008
7.1279,0.56341
7.2659,0.55961
7.4135,0.55432
8.1996,0.53737
7.1084,0.56513
7.4132,0.55479
7.447,0.55254
7.2236,0.56114
7.3205,0.55758
7.3057,0.55846
7.2327,0.56118
7.4799,0.5519
6.9553,0.56716
7.3515,0.5578
7.4382,0.55322
7.2526,0.56088
7.4702,0.55151
7.0596,0.56628
7.2159,0.56188
7.4148,0.55405
7.3704,0.55518
6.9868,0.56874
7.2576,0.55835
7.3404,0.55586
7.389,0.55481
7.1404,0.56106
7.525,0.55161
7.1816,0.5615
6.9827,0.56852
7.3338,0.55599
7.0298,0.56465
7.0315,0.56545
6.9071,0.56872
7.0587,0.56388
6.9655,0.56939
6.9711,0.56739
7.0527,0.56396
8.8127,0.52252
8.4308,0.5336
7.2254,0.55689
7.1774,0.56214
7.7002,0.54079
8.8349,0.52193
7.2006,0.5591
7.9534,0.53865
7.0634,0.5641
9.027,0.51632
8.5175,0.53138
7.0134,0.56415
7.2808,0.55633
7.4388,0.5544
7.6741,0.54702
7.0672,0.56308
7.104,0.5637
7.6697,0.54716
7.0236,0.56583
7.286,0.55658
7.078,0.56007
7.0928,0.55853
7.0248,0.56482
8.9516,0.51971
7.7199,0.54567
8.6543,0.52724
7.5596,0.55076
8.7954,0.5235
7.6786,0.54657
7.8414,0.54151
7.7052,0.54632
7.4681,0.55453
7.5363,0.55126
7.6798,0.54706
7.4679,0.5539
7.238,0.55801
7.2096,0.55977
7.0556,0.56319
7.2359,0.55835
7.3859,0.55427
7.1943,0.5591
7.2809,0.55531
7.1805,0.56036
6.9116,0.56882
7.1361,0.56319
7.4499,0.54987
6.8936,0.57012
6.9788,0.56811
7.1469,0.56204
7.2398,0.55797
7.2064,0.56068
7.1352,0.56263
7.0512,0.56518
6.886,0.56851
6.9844,0.56694
6.9837,0.56724
6.9351,0.5699
6.8431,0.57312
7.1484,0.56107
6.9838,0.56457
6.9203,0.56577
6.8475,0.57014
6.8818,0.5697
7.0206,0.56434
7.003,0.56496
7.255,0.55707
7.1999,0.55973
6.8688,0.56658
6.9335,0.56898
7.1205,0.56091
7.0725,0.56318
7.3409,0.55355
7.2424,0.55765
7.407,0.55326
8.7989,0.51902
7.2037,0.55776
7.4637,0.54973
7.4651,0.55043
7.51,0.5508
7.1131,0.5641
7.4394,0.55216
7.215,0.55938
7.1796,0.55901
6.9732,0.56636
7.3605,0.55458
7.1731,0.56068
7.7412,0.54469
7.1467,0.56138
7.3634,0.55503
7.4058,0.5542
7.061,0.56477
7.5674,0.54704
7.2176,0.55902
7.1875,0.55969
7.3077,0.55605
7.2766,0.55563
7.0808,0.56264
7.3008,0.55742
8.1701,0.53744
7.1714,0.56115
7.1685,0.5602
7.1788,0.56026
7.1384,0.56025
7.4231,0.5522
7.0112,0.56635
7.1055,0.56189
7.1497,0.5617
7.1971,0.55849
8.3412,0.53398
7.3209,0.55499
7.1035,0.56297
7.2988,0.55606
7.0121,0.56498
7.1538,0.55884
7.1822,0.55891
7.199,0.55959
7.2464,0.55798
7.0635,0.56393
7.0011,0.56448
7.9084,0.53998
7.9911,0.53633
8.1172,0.53331
7.8987,0.54001
7.2362,0.55847
7.3274,0.55508
7.3074,0.55479
6.9506,0.56723
7.0073,0.56387
6.911,0.56935
7.3319,0.55397
6.9959,0.565
7.0569,0.5626
6.9605,0.56673
7.0218,0.56493
7.1033,0.56135
7.1053,0.56012
7.0106,0.56377
7.0675,0.56209
7.4803,0.54936
6.8839,0.56807
7.0799,0.56081
7.0352,0.56271
7.0733,0.56071
7.0606,0.56303
7.5115,0.54845
7.0581,0.56277
7.2851,0.55378
7.1682,0.55884
7.1867,0.55921
7.2547,0.55402
6.9039,0.56588
7.0119,0.56147
7.1496,0.5575
6.8425,0.56874
7.2389,0.55538
6.9184,0.56875
7.0892,0.56133
6.9523,0.56679
6.8605,0.56873
7.1724,0.55764
6.8824,0.56656
7.1084,0.55849
8.2327,0.53272
6.9466,0.56383
7.126,0.55753
7.0598,0.55937
7.0254,0.56124
6.8256,0.57063
6.7048,0.57041
6.6777,0.57089
6.7764,0.56732
6.7506,0.56883
6.6103,0.57266
6.7136,0.56923
6.8527,0.56502
6.9591,0.5629
6.7808,0.56743
6.555,0.57629
6.7314,0.56984
6.7944,0.57028
8.0714,0.5378
6.76,0.56969
7.3038,0.54793
6.7847,0.56805
7.056,0.55986
6.813,0.56836
6.9215,0.5623
6.9353,0.5619
6.6172,0.57349
6.7304,0.56977
6.6417,0.57296
7.5194,0.54576
6.6376,0.57017
6.4664,0.57381
6.6465,0.56967
6.8649,0.56252
7.0382,0.55858
7.869,0.54108
6.6386,0.57103
6.6136,0.57445
6.9946,0.56026
6.8607,0.56473
6.696,0.56733
6.6625,0.56814
6.5611,0.57178
6.8688,0.56031
6.8393,0.56182
6.7902,0.56256
7.1097,0.55253
7.2054,0.55129
6.793,0.56279
6.9153,0.56082
6.9258,0.56111
6.6659,0.56627
6.7687,0.56288
7.8587,0.53928
8.1136,0.53137
7.9764,0.53393
8.4529,0.51991
8.08,0.53156
6.7823,0.5632
6.7738,0.5631
6.7079,0.56346
6.6385,0.56507
6.5289,0.57
6.8478,0.55755
6.3901,0.57422
6.9838,0.55516
7.2202,0.54935
6.1431,0.5777
6.5477,0.5659
6.3545,0.57437
6.593,0.56573
6.6108,0.56535
6.5939,0.56484
6.4537,0.57123
6.5156,0.56796
6.463,0.56992
6.4679,0.57031
6.4337,0.57369
6.5973,0.5667
6.5964,0.5674
6.4984,0.56817
6.1927,0.58161
7.7295,0.53667
6.5869,0.56501
7.6917,0.53797
7.6659,0.5385
7.6436,0.53904
7.6633,0.53893
7.8727,0.53134
6.2054,0.58153
6.506,0.56882
6.4921,0.56646
6.4857,0.56636
6.2536,0.57576
6.8013,0.55056
6.8804,0.55121
6.4336,0.56956
6.2084,0.57654
6.2015,0.57633
6.4074,0.56458
6.2435,0.57441
6.0605,0.58236
7.0061,0.54817
6.4876,0.56698
6.404,0.57003
6.2408,0.57507
6.2201,0.57257
6.3397,0.57166
6.0143,0.58278
6.3221,0.57042
6.1149,0.57994
6.0238,0.58159
6.06,0.58121
7.4944,0.54076
6.6539,0.56197
6.3293,0.57453
7.4108,0.54312
5.7307,0.59192
7.3459,0.54536
7.6324,0.53577
7.3385,0.54576
7.185,0.55143
7.4864,0.54016
7.0516,0.55572
7.3247,0.54532
5.8203,0.58623
5.7614,0.58835
6.2701,0.57493
5.9319,0.58405
5.9216,0.58567
6.1095,0.57743
5.8654,0.58697
5.9261,0.58733
6.0272,0.58135
5.8893,0.58701
5.9468,0.5847
5.895,0.58535
5.7945,0.58754
6.5623,0.56287
5.6103,0.59589
5.6923,0.59218
6.2455,0.5716
5.7418,0.58734
5.7894,0.58591
5.636,0.59449
5.3536,0.60425
5.6645,0.58952
5.2698,0.60767
5.9174,0.58616
5.5117,0.59976
5.8719,0.5862
5.7657,0.58707
6.6238,0.56773
6.7108,0.56131
6.5556,0.56784
6.5351,0.56811
6.4259,0.57137
6.6676,0.563
6.5078,0.57014
6.5622,0.56698
6.3314,0.57683
6.7455,0.56073
6.3883,0.57449
5.5824,0.59759
5.9583,0.58249
5.0723,0.61191
5.9316,0.57902
5.4926,0.59887
5.651,0.59196
5.8613,0.58606
5.6334,0.59696
6.7901,0.55854
6.7509,0.55959
5.5212,0.59102
5.2613,0.60931
5.4828,0.6024
5.0241,0.62105
5.0236,0.62271
5.3731,0.60454
4.9762,0.62312
5.1256,0.61418
5.2877,0.60824
5.3091,0.60796
5.47,0.6001
5.4384,0.60065
5.2464,0.61238
5.3692,0.60807
5.5961,0.59615
5.5176,0.59704
4.8289,0.62467
5.3998,0.60413
4.8655,0.62234
4.1677,0.64963
5.6369,0.59175
5.5012,0.59728
4.5872,0.63094
5.6213,0.59335
6.2669,0.56762
6.0389,0.57103
5.7499,0.5856
5.9865,0.57975
5.5786,0.59272
4.7749,0.62453
4.983,0.62151
4.9504,0.62306
5.0578,0.61709
5.3124,0.60726
5.3533,0.60717
5.0915,0.61587
5.4376,0.60258
5.0579,0.61376
5.5068,0.59655
5.1087,0.61699
5.5859,0.5926
5.4202,0.60282
5.3446,0.60528
4.9461,0.61866
5.3016,0.60773
5.29,0.60785
5.2361,0.61207
4.7529,0.62765
4.8757,0.62776
5.0582,0.61798
4.9856,0.62336
4.8371,0.62831
4.6225,0.64408
4.3274,0.64991
4.9367,0.61909
4.579,0.64438
4.8382,0.62662
5.0082,0.61689
5.0653,0.61664
4.652,0.63731
4.335,0.66475
4.6765,0.64234
4.261,0.66118
4.6041,0.64948
5.3736,0.60691
4.5443,0.64206
4.0401,0.6774
4.6841,0.62978
4.6624,0.64377
4.6263,0.64492
4.5803,0.64654
4.1759,0.66626
4.3641,0.65059
3.8307,0.67472
4.3836,0.64821
4.3526,0.65536
4.2499,0.66061
4.7234,0.63529
4.1228,0.66535
4.4987,0.64614
4.5252,0.64431
4.7715,0.63354
4.3657,0.64867
4.7137,0.63645
3.719,0.69828
3.6994,0.70414
3.3911,0.72789
3.8951,0.68809
3.3758,0.72269
3.8448,0.68728
4.3151,0.65012
3.7024,0.69045
3.3094,0.72621
3.8158,0.68078
4.0632,0.67011
3.5366,0.69918
3.4772,0.71041
3.6075,0.70148
3.4262,0.7111
3.936,0.6738
3.7614,0.69349
3.682,0.69587
3.4157,0.71575
3.305,0.72902
4.0993,0.67501
3.3499,0.71753
3.7822,0.69442
3.6943,0.69582
3.8946,0.7039
3.3213,0.7213
4.2968,0.66427
3.9795,0.68113
3.937,0.67858
4.348,0.65128
4.6568,0.62386
3.4687,0.70699
3.3027,0.73728
3.7328,0.69451
3.8533,0.68848
4.0753,0.67945
3.2821,0.72875
3.4799,0.72005
3.1471,0.737
3.4427,0.72199
3.4352,0.71143
3.4854,0.72091
3.571,0.70512
3.7074,0.70296
3.4649,0.71256
3.1568,0.74009
3.1956,0.73815
3.1931,0.74169
3.2946,0.7334
3.1361,0.75116
2.8748,0.778
1.8631,0.86977
2.5728,0.79289
3.7665,0.70133
3.4297,0.72934
3.6065,0.71228
3.2605,0.74031
3.3498,0.7318
3.3646,0.73193
2.8631,0.78063
2.763,0.79227
2.3822,0.83204
2.385,0.83897
2.7579,0.79053
3.6868,0.69718
3.4664,0.71226
3.6096,0.70175
2.2173,0.85257
2.0985,0.8689
2.2975,0.84801
2.2356,0.8523
2.3387,0.83719
2.3819,0.83718
2.5057,0.82309
2.3455,0.84166
2.5456,0.81964
2.6541,0.80905
2.4876,0.82528
2.3578,0.8371
2.3221,0.84106
2.3813,0.83556
2.5201,0.81853
2.4486,0.82559
2.5836,0.81195
2.4332,0.82094
2.2419,0.83651
2.7432,0.77918
2.5408,0.81637
2.4235,0.82847
1.7918,0.90154
2.4399,0.82647
2.2433,0.84874
2.647,0.79626
2.2236,0.84897
2.5482,0.80646
1.913,0.88515
2.2417,0.84922
2.1778,0.85658
2.2942,0.83868
2.3288,0.8359
2.3482,0.83529
2.3359,0.83739
2.6315,0.78152
2.2431,0.84554
2.574,0.80913
2.5081,0.81827
0.084139,1.5914
2.2154,0.85029
2.3715,0.82922
2.8577,0.77721
2.4869,0.81886
3.1426,0.74324
2.9731,0.75375
4.5623,0.62804
3.3086,0.71953
3.5947,0.69574
2.3393,0.83101
2.4024,0.82807
2.4544,0.81924
2.4775,0.8235
3.4171,0.74597
3.4157,0.73364
2.6013,0.79404
2.1949,0.8567
2.9441,0.75413
2.1663,0.85788
2.3236,0.83602
2.292,0.83906
2.2627,0.84939
2.4246,0.82795
2.2516,0.84441
3.0792,0.74853
2.3169,0.84123
2.4056,0.82452
2.339,0.83877
2.7975,0.79005
2.8696,0.78692
1.9771,0.87893
2.871,0.78551
2.4656,0.82917
2.0075,0.88222
2.2165,0.85275
2.2197,0.85112
1.9938,0.88353
2.5078,0.82261
4.3669,0.64332
4.0101,0.68432
2.3733,0.82849
2.3719,0.83661
2.5142,0.81718
2.5262,0.81218
2.2411,0.84562
2.1239,0.85511
2.3761,0.81334
1.9476,0.88634
2.7072,0.78205
1.9841,0.87561
2.0745,0.86613
3.2288,0.75251
1.8618,0.89677
2.1784,0.84841
3.1232,0.76584
2.1928,0.85441
1.9154,0.88476
2.7159,0.80157
4.2538,0.65044
3.5804,0.6925
3.6021,0.68953
5.4283,0.57897
2.3349,0.83536
2.9244,0.78
2.7106,0.79364
2.6457,0.8026
2.695,0.79975
2.6422,0.80129
2.7348,0.79088
2.2156,0.84595
2.6862,0.79546
2.6329,0.80167
2.6779,0.7985
2.2077,0.84319
3.0126,0.77281
3.062,0.76158
2.3471,0.8368
2.456,0.82019
3.0552,0.76681
1.9009,0.88966
2.6228,0.79539
2.8666,0.75768
4.1844,0.66436
2.5378,0.81287
2.3895,0.83034
2.8961,0.77604
3.237,0.75089
3.9739,0.67926
2.919,0.77389
3.1712,0.74999
2.9651,0.76947
3.3644,0.7289
3.3866,0.72415
3.4544,0.72691
3.2038,0.75257
2.4584,0.81669
2.6211,0.7997
2.3889,0.82364
3.2462,0.75116
2.8957,0.77795
2.7656,0.79287
3.0771,0.76037
3.5016,0.73176
3.5615,0.70843
2.9776,0.7674
2.9286,0.76948
2.5013,0.80873
2.9836,0.76229
2.2904,0.83176
2.7943,0.78676
3.0813,0.76078
2.1541,0.847
2.244,0.8409
2.224,0.84232
2.2334,0.84242
2.061,0.86257
2.1211,0.85186
2.2952,0.83113
2.2589,0.83595
2.2561,0.83801
2.2412,0.83754
2.7844,0.7883
3.0836,0.75739
2.9806,0.76778
2.8415,0.78227
2.9531,0.76791
2.9415,0.76816
2.9563,0.77
2.8112,0.78589
2.357,0.82206
3.3662,0.73931
2.9479,0.77155
3.0066,0.76081
2.1994,0.84492
2.3953,0.82396
3.4504,0.72825
3.0694,0.76105
2.4316,0.82279
2.8956,0.77537
2.4477,0.8178
2.711,0.79274
2.8864,0.77579
2.4802,0.81128
2.364,0.82403
3.889,0.69256
2.2424,0.84171
2.6676,0.79555
2.351,0.82722
2.3185,0.83007
2.3731,0.82616
2.1573,0.85119
2.3112,0.83103
2.5628,0.8085
2.9621,0.76658
2.5629,0.80459
2.4708,0.81212
2.4649,0.81112
2.1866,0.84981
1.9193,0.88085
2.7149,0.7922
2.0759,0.86113
2.7125,0.77816
2.1756,0.84557
2.2058,0.83949
3.0144,0.74116
3.5261,0.69995
2.278,0.83461
2.4129,0.81437
2.2386,0.83697
2.1766,0.84964
3.1385,0.73651
2.1071,0.8549
2.4787,0.81231
2.2853,0.83413
3.092,0.75657
2.7453,0.78399
3.3412,0.73654
3.4058,0.72902
2.3481,0.82635
2.9196,0.77654
2.2242,0.84437
2.9427,0.77274
2.9452,0.77022
2.3407,0.82683
2.5135,0.80736
2.3244,0.82802
2.2378,0.83309
2.9348,0.74897
2.3309,0.82244
2.2433,0.83679
2.4251,0.81689
2.0634,0.86444
2.3526,0.81754
2.5902,0.78964
2.9792,0.76571
2.22,0.84069
3.8195,0.6814
2.422,0.80885
2.7246,0.78142
2.0962,0.84607
3.1534,0.74901
2.5391,0.79948
3.1414,0.74819
3.2416,0.74397
3.4852,0.72285
2.1163,0.85703
2.9785,0.76705
2.1548,0.8499
3.0661,0.75735
3.1053,0.75291
2.8922,0.7719
3.1493,0.75041
2.2288,0.8326
2.0979,0.85082
2.5577,0.79697
2.7356,0.776
2.4665,0.79399
2.0635,0.86075
2.241,0.83711
2.2105,0.83394
2.1663,0.84944
2.346,0.8289
2.2408,0.83783
1.7535,0.89155
2.3961,0.82025
2.3961,0.8176
2.2915,0.82756
2.4549,0.80986
2.3206,0.82466
1.6793,0.90849
2.4659,0.81125
2.4368,0.8091
2.4713,0.80999
3.1135,0.75432
2.5069,0.81033
2.5912,0.79955
2.9154,0.76625
2.3056,0.82521
2.2375,0.83268
2.3576,0.82284
3.2443,0.71812
2.454,0.80998
2.9197,0.76264
2.3387,0.81866
2.7539,0.78173
2.3206,0.82193
2.9868,0.75724
2.388,0.81849
2.3037,0.82829
2.6477,0.79199
3.6096,0.71119
2.9796,0.75827
2.379,0.81667
1.9472,0.86944
2.1523,0.8383
2.1296,0.84386
2.2802,0.82606
2.1009,0.84891
2.2319,0.8337
2.296,0.82384
2.2008,0.83481
2.2441,0.83165
2.329,0.82071
2.2139,0.83632
2.2974,0.82483
1.8089,0.89113
2.3065,0.82676
2.9801,0.76071
2.8799,0.7703
2.4453,0.80896
2.7692,0.77462
2.6788,0.77588
2.95,0.75776
2.3154,0.82434
3.0957,0.74816
3.1725,0.74484
2.3919,0.81453
2.2568,0.83437
2.3666,0.82115
2.114,0.8511
2.2476,0.83568
2.4545,0.80956
2.2672,0.83107
2.7587,0.77415
2.319,0.82155
2.5442,0.79719
1.9611,0.87289
3.1566,0.71945
2.5974,0.79289
2.3428,0.82099
2.485,0.80177
2.5144,0.79989
2.4696,0.80335
2.4141,0.81478
2.9019,0.7464
2.2039,0.83534
2.3412,0.82007
2.5901,0.79668
2.3721,0.81729
2.2307,0.82868
2.7796,0.76345
2.8061,0.78156
2.7501,0.78371
2.3661,0.8113
2.0961,0.84879
3.2977,0.72208
2.8797,0.74312
3.411,0.71791
2.0125,0.8581
2.768,0.76965
2.0513,0.85288
2.8777,0.77444
1.8826,0.87737
1.6776,0.90831
2.2249,0.83249
2.9707,0.75386
2.2168,0.83202
3.6803,0.69503
2.9893,0.76382
2.753,0.78164
3.2862,0.73494
3.4273,0.71879
2.7374,0.77931
2.205,0.83256
3.3877,0.72832
1.7668,0.89925
2.8177,0.7744
3.1538,0.74495
2.7249,0.78335
2.8923,0.77022
2.7126,0.771
3.2393,0.73661
1.9747,0.86385
1.9079,0.87049
2.4519,0.80649
2.306,0.82229
2.4465,0.80713
2.1425,0.84944
2.2006,0.83453
2.5942,0.79132
2.6735,0.78855
1.8463,0.87391
2.5895,0.79232
2.6918,0.78213
2.3311,0.81941
2.1603,0.83688
2.3814,0.81634
2.224,0.83258
2.4555,0.80137
2.2949,0.82487
2.108,0.84735
2.2147,0.83279
2.3741,0.81552
2.3739,0.81439
2.3404,0.81727
2.5391,0.79526
2.4892,0.80025
2.3608,0.81147
2.1354,0.83756
2.2869,0.82036
1.944,0.86501
2.4553,0.80683
2.1605,0.83901
2.2442,0.82985
2.1738,0.83336
2.2158,0.82122
2.6384,0.77944
2.7575,0.77361
2.495,0.79976
1.9503,0.86576
2.6839,0.78347
2.1085,0.84322
1.8758,0.87058
2.2076,0.83563
1.9039,0.87516
2.653,0.78868
3.7032,0.69812
2.3437,0.81842
3.2363,0.73857
2.7977,0.77337
3.3462,0.72877
2.3408,0.81662
2.7512,0.77344
2.573,0.79084
2.3387,0.82656
2.1316,0.84584
1.8108,0.88561
2.1615,0.8368
2.4067,0.81387
2.0505,0.85283
2.2947,0.81941
2.231,0.82362
2.034,0.85528
2.4915,0.80198
2.2584,0.83044
2.2896,0.82547
2.3275,0.81872
2.0511,0.84309
1.7787,0.88278
2.836,0.77003
2.052,0.84753
2.064,0.84606
2.1618,0.83347
2.1022,0.84167
2.0262,0.85
2.2416,0.8225
3.1269,0.74089
2.1923,0.83734
2.9977,0.75446
2.3328,0.82205
1.938,0.86623
1.96,0.86564
2.1811,0.8363
2.2509,0.8314
2.3416,0.81829
2.289,0.82556
2.3368,0.8179
2.1736,0.83804
2.0567,0.84925
2.0715,0.85235
3.6608,0.69601
2.8369,0.76965
3.0062,0.75266
2.5835,0.79181
2.1664,0.83811
2.0773,0.84576
2.2201,0.82722
2.2157,0.82427
2.5252,0.79445
2.3105,0.81984
2.2874,0.81715
2.3796,0.80092
2.1356,0.83752
2.289,0.82111
2.2365,0.82814
2.397,0.80509
2.8733,0.77056
2.958,0.75741
2.3215,0.81667
2.1804,0.82972
2.7128,0.78088
2.7523,0.77238
2.6853,0.7841
2.1356,0.83328
2.8093,0.77121
2.3239,0.81781
2.4825,0.79414
2.1211,0.83996
1.7624,0.89267
1.9439,0.85825
2.1388,0.83859
2.1844,0.83467
1.6736,0.89451
2.1331,0.83223
2.0755,0.84611
2.3849,0.80487
2.2106,0.82767
2.2041,0.83472
2.3055,0.81997
2.3242,0.81981
2.2982,0.81722
2.1102,0.84252
2.2811,0.82
2.308,0.81353
2.1643,0.83351
2.2006,0.83286
2.3657,0.81096
2.5964,0.78068
2.4512,0.7987
1.9751,0.86418
2.1353,0.84426
2.2213,0.83099
2.2372,0.83229
2.713,0.77486
2.2523,0.83257
2.2791,0.82437
2.4596,0.79864
3.2068,0.74052
2.069,0.84894
2.1689,0.8357
3.2296,0.73432
3.4028,0.72443
2.4385,0.79836
2.1097,0.8415
3.3017,0.7238
2.2078,0.80869
2.062,0.84601
2.8856,0.7625
2.3281,0.81223
3.488,0.71314
2.0849,0.83694
2.8241,0.76518
2.2141,0.8178
3.0686,0.75205
3.3248,0.72849
2.8803,0.76685
2.7688,0.76752
1.8827,0.87605
3.0434,0.7525
2.5302,0.78857
2.1321,0.83465
2.7955,0.7701
3.3091,0.72286
2.5815,0.78292
3.2623,0.73341
2.2116,0.83183
2.4615,0.79979
3.1742,0.72966
3.2816,0.72736
3.238,0.73302
3.0496,0.75313
2.4199,0.80799
2.574,0.78436
2.3917,0.81274
3.149,0.74349
3.1287,0.74407
2.8129,0.76618
2.08,0.8516
3.2075,0.72166
2.4621,0.80318
2.5251,0.79914
2.725,0.77861
2.92,0.76094
1.9067,0.86991
1.9766,0.86093
2.1631,0.83176
2.1826,0.83322
2.5949,0.78633
2.4679,0.80095
2.1647,0.83518
2.0501,0.84338
2.408,0.80457
2.3869,0.81266
2.3439,0.80845
2.2309,0.81927
2.4945,0.79468
2.2093,0.82312
2.4773,0.79686
2.5952,0.78764
2.0588,0.84447
2.5773,0.78608
2.1092,0.84282
2.2089,0.82736
3.3478,0.72466
2.2747,0.81595
2.1925,0.82845
2.7749,0.76633
2.623,0.77756
2.7359,0.76794
2.5107,0.79159
2.1333,0.83776
2.6479,0.78044
2.1203,0.84152
2.5219,0.79289
2.4939,0.79659
2.8903,0.75972
1.9497,0.85263
2.5763,0.78632
2.5621,0.79042
2.905,0.76223
2.5738,0.79032
2.4558,0.79693
2.8643,0.76177
2.0431,0.85088
2.3362,0.80997
2.4763,0.79144
2.3578,0.80863
2.1533,0.83201
2.9717,0.75057
2.7983,0.75954
2.2336,0.82589
2.1873,0.83403
2.2864,0.82044
2.1787,0.83187
2.4635,0.79507
2.3707,0.80969
2.2214,0.82464
2.4461,0.80775
2.2941,0.8198
2.1769,0.83671
2.4126,0.80424
2.4535,0.78455
2.1926,0.81937
2.0228,0.84818
2.0066,0.84588
2.3556,0.80398
2.3037,0.81818
2.3808,0.80153
2.3638,0.80631
1.9983,0.8598
3.4827,0.71601
2.2201,0.82943
2.4178,0.78883
2.6043,0.78788
2.9326,0.75493
2.9868,0.75187
1.9747,0.85877
2.2668,0.8173
2.2221,0.82716
2.3065,0.81375
3.1595,0.74258
2.3839,0.80876
2.6216,0.78392
2.5386,0.79157
2.1066,0.83859
2.1365,0.8321
2.4037,0.80116
2.3414,0.80753
2.4374,0.79254
2.2086,0.8235
2.2628,0.8174
2.6607,0.77399
2.1837,0.82086
2.0316,0.84417
2.5703,0.78346
3.0684,0.74036
3.1489,0.73611
2.3607,0.80361
2.5604,0.78613
2.1697,0.82714
2.7373,0.76602
2.0756,0.84371
2.3621,0.80638
2.1207,0.83308
2.868,0.75659
2.706,0.77892
1.7278,0.88962
2.5681,0.7876
2.9783,0.75226
1.8571,0.86558
2.2573,0.81459
2.6689,0.77272
2.6495,0.77839
2.632,0.77824
2.7681,0.76502
2.6945,0.77051
2.8402,0.7606
1.8916,0.86491
1.9345,0.86057
2.0008,0.84905
2.0767,0.84521
2.8262,0.76672
2.0753,0.84113
2.2819,0.81661
3.1886,0.72919
2.069,0.84104
2.9037,0.75695
2.0603,0.84649
1.8213,0.87801
2.0609,0.84422
2.7568,0.76471
2.1834,0.82589
2.346,0.80441
2.3129,0.80823
3.5266,0.70508
3.5012,0.70577
3.5298,0.70249
2.3585,0.80557
2.5272,0.78755
2.3246,0.80688
2.5099,0.78659
1.7963,0.88005
1.9759,0.85629
1.9937,0.84812
2.8379,0.7333
1.7204,0.88744
2.2251,0.82392
2.1894,0.82947
1.9329,0.85386
1.954,0.85585
2.1192,0.83692
2.0737,0.83689
2.1398,0.83341
2.2696,0.81761
1.9347,0.85629
2.3652,0.80403
2.2274,0.81575
2.1035,0.83459
2.1918,0.82379
2.1219,0.83203
2.3767,0.79685
2.4833,0.79326
2.5114,0.78739
2.2725,0.81496
2.0401,0.83956
2.8434,0.76706
2.6444,0.77915
3.2017,0.73284
3.5669,0.69961
3.4978,0.70443
2.9649,0.74256
3.1556,0.73747
2.8471,0.75788
3.0022,0.74259
2.5275,0.77794
2.631,0.77724
2.9451,0.74777
1.9937,0.85054
2.1809,0.82526
1.7737,0.88249
2.0803,0.83799
2.0533,0.8378
1.7352,0.88016
2.243,0.8216
2.2007,0.82476
2.3053,0.80874
2.0932,0.83375
2.2049,0.81643
2.1509,0.82376
1.9812,0.84989
2.0134,0.85109
1.964,0.8561
2.0167,0.85124
2.0361,0.83835
1.9728,0.85387
2.0155,0.84794
2.251,0.81479
2.3361,0.80958
2.1016,0.83799
2.3027,0.81273
2.0993,0.83607
1.98,0.85412
3.0255,0.74748
1.4652,0.92495
2.0273,0.84652
1.7677,0.8774
2.1583,0.82162
2.4751,0.78727
2.5858,0.75447
2.7688,0.76234
2.6038,0.7678
2.0161,0.84462
1.6336,0.89572
2.0963,0.83992
2.1847,0.82535
1.9541,0.85338
2.0457,0.84671
1.9076,0.8618
1.9051,0.86138
1.8434,0.86784
1.9616,0.85353
2.0695,0.83654
2.1263,0.83541
2.0387,0.83725
2.0181,0.83715
2.3387,0.80744
1.8226,0.86739
1.9381,0.84952
2.0845,0.83186
2.2745,0.81272
2.2203,0.8199
2.2325,0.8164
2.6012,0.77492
2.1996,0.81652
2.2223,0.81805
2.1195,0.82733
1.9175,0.85177
2.2516,0.81916
2.9519,0.75051
2.3272,0.80956
2.9279,0.75617
2.4619,0.78461
3.0049,0.74833
2.684,0.77028
2.8725,0.75214
2.8049,0.7562
3.2588,0.70156
3.3435,0.70139
2.2559,0.80316
1.7085,0.88713
1.8057,0.87523
1.6201,0.89962
1.9894,0.84602
1.9615,0.84765
2.2776,0.80566
1.9312,0.85823
1.677,0.8845
1.8374,0.86398
2.4852,0.76949
2.1601,0.8235
1.8625,0.86097
1.9022,0.85838
2.0393,0.84093
1.9458,0.85138
1.8447,0.87302
1.8895,0.86489
1.9203,0.85965
1.8666,0.87332
1.9214,0.86129
1.7688,0.88155
1.7556,0.88354
2.1379,0.8303
1.7841,0.87744
2.7335,0.77565
2.9752,0.75207
2.0529,0.84279
2.365,0.80002
2.5398,0.7827
2.4864,0.79897
2.0944,0.84304
1.8103,0.87601
2.1146,0.83401
1.8639,0.86863
2.5385,0.79054
2.7845,0.77305
2.107,0.82549
1.9225,0.85834
1.904,0.85663
1.7559,0.87968
2.0058,0.83837
2.8346,0.75277
2.1141,0.83244
2.2487,0.81611
2.173,0.82382
2.2084,0.82559
2.1199,0.83413
2.8471,0.75861
1.7599,0.87453
2.3274,0.80904
2.5121,0.79139
1.8416,0.86728
1.7828,0.86945
2.0978,0.8309
1.7235,0.88261
1.8355,0.86597
2.9679,0.73963
2.6309,0.77804
2.947,0.73916
2.6645,0.77904
1.73,0.89183
2.0155,0.85306
2.04,0.8494
2.004,0.85601
2.0552,0.85104
2.1139,0.83605
1.8276,0.87479
2.1499,0.83053
1.9212,0.86284
1.9226,0.86288
2.2078,0.82688
2.2118,0.82764
2.1622,0.83261
2.1537,0.82863
2.0054,0.84629
2.535,0.79246
2.5771,0.78791
2.9235,0.75657
2.2404,0.822
1.8995,0.86521
2.9631,0.75329
2.1703,0.82951
2.0268,0.84848
1.8851,0.86402
1.8001,0.88064
1.9431,0.85432
1.9685,0.85494
2.5263,0.79197
1.9076,0.86108
1.9489,0.85956
3.2223,0.7036
2.0382,0.84791
2.0898,0.84409
1.849,0.88014
2.639,0.78481
2.8758,0.77098
1.7548,0.88812
1.6548,0.90234
1.8304,0.87848
1.5307,0.9217
1.3833,0.9486
2.1046,0.83669
2.1871,0.82966
1.4812,0.92971
1.5943,0.91029
1.569,0.91443
2.5283,0.78623
1.6224,0.90847
2.9441,0.75819
2.7017,0.77918
1.6706,0.90583
1.7319,0.89284
2.1913,0.83096
2.1265,0.83992
2.1128,0.8418
2.5799,0.78549
1.8787,0.87233
2.2268,0.8339
2.0401,0.85237
2.0512,0.85041
2.9584,0.76222
2.1763,0.8347
1.8336,0.87611
2.0701,0.85167
2.0436,0.84964
2.4501,0.7919
1.6667,0.90374
1.9708,0.85937
2.4259,0.81064
1.7371,0.89132
1.6948,0.90136
2.327,0.82374
2.8079,0.77562
1.8922,0.87449
2.5802,0.80091
2.0279,0.85606
2.6986,0.78574
3.4985,0.70547
2.829,0.77399
2.6599,0.78306
2.1471,0.8389
2.1161,0.84746
2.163,0.84304
1.6238,0.91802
1.9243,0.87623
2.1399,0.85081
2.3955,0.8172
2.1976,0.84107
2.6234,0.78622
2.8096,0.77193
1.9835,0.86136
2.733,0.7708
1.6426,0.90631
2.3595,0.81392
2.6369,0.78015
1.8616,0.88281
1.7201,0.90579
2.2407,0.83853
1.8098,0.88631
1.9353,0.87399
2.9806,0.75451
1.7363,0.90518
2.0479,0.86265
2.6582,0.78056
2.6364,0.79747
1.9039,0.87734
1.9218,0.87388
1.8104,0.88907
2.3121,0.8294
1.4059,0.94812
2.4204,0.81437
3.4746,0.71232
1.3315,0.96357
2.575,0.80392
1.8769,0.88168
2.7207,0.78915
2.9223,0.77419
2.1257,0.85477
3.2724,0.74429
2.8109,0.78505
1.9586,0.85915
2.1045,0.84661
1.8025,0.8901
2.0498,0.86074
2.5326,0.80705
1.9331,0.87575
1.6534,0.91439
1.9042,0.88434
2.7104,0.79245
4.0252,0.67495
1.8248,0.89031
1.8065,0.89542
3.0892,0.76348
1.4444,0.94857
1.4016,0.95762
2.6412,0.79795
3.1678,0.75562
2.4516,0.81251
3.275,0.72518
3.2926,0.71662
2.0595,0.86534
2.5802,0.79778
2.333,0.82509
2.654,0.78652
2.0453,0.87142
2.7988,0.78747
2.0267,0.8684
2.3335,0.83499
2.0508,0.86779
2.1747,0.85297
1.7785,0.90475
2.237,0.83649
2.0849,0.86333
1.8246,0.89899
2.245,0.84379
2.7779,0.7882
2.415,0.82462
2.1516,0.85583
2.6076,0.798
2.528,0.80856
2.4448,0.81735
3.2472,0.7277
2.2441,0.84845
4.587,0.61677
2.5319,0.81476
2.9615,0.77758
2.6099,0.7982
2.5434,0.80322
3.0049,0.77029
2.2414,0.83573
2.8789,0.76053
2.8169,0.75914
3.352,0.71503
2.6331,0.79701
2.2895,0.84001
1.6736,0.92015
1.9158,0.89214
2.4984,0.81745
2.3443,0.82941
2.4281,0.80866
2.2025,0.84323
2.4216,0.82753
2.6884,0.80743
2.7644,0.7942
2.7397,0.80195
3.0935,0.77082
2.5549,0.81637
2.613,0.81254
2.3878,0.83163
2.686,0.80095
3.144,0.76688
2.5978,0.81342
2.2953,0.84671
2.0788,0.87502
4.586,0.62682
4.8928,0.60447
2.6365,0.80603
2.7449,0.79936
2.4446,0.82183
2.4189,0.82827
2.8544,0.79282
2.8584,0.78885
3.2607,0.76181
3.276,0.76093
4.3057,0.64297
2.5248,0.82052
2.8578,0.7789
2.6918,0.81037
2.6292,0.80941
2.5804,0.81747
2.7743,0.79322
3.1026,0.74637
3.2221,0.7512
1.9884,0.88204
2.3979,0.82775
2.7813,0.78019
2.4435,0.81099
3.0896,0.77819
5.6759,0.54851
3.522,0.7364
2.5858,0.81771
2.6731,0.80993
3.7468,0.71281
3.8779,0.68466
2.7797,0.79082
2.9619,0.77651
3.0987,0.75896
2.4305,0.83248
3.1807,0.73769
2.5104,0.82416
2.7414,0.79585
2.8723,0.7847
5.0019,0.59833
5.0137,0.59831
5.6292,0.57375
5.5566,0.56645
4.1194,0.6897
3.4537,0.73373
4.2882,0.67577
3.0326,0.76767
3.2951,0.74306
2.9432,0.7781
2.2771,0.8409
3.2497,0.74315
2.4738,0.83397
2.4836,0.83179
3.1833,0.74767
3.2912,0.73774
3.3509,0.74015
3.6664,0.70874
3.09,0.76828
3.6284,0.71409
3.6342,0.70678
3.6518,0.70739
3.8131,0.70042
3.9814,0.68673
3.9128,0.68993
3.5458,0.71953
3.2507,0.73293
3.5939,0.71319
4.0644,0.67636
4.1279,0.67579
3.9407,0.68786
4.1728,0.66429
4.4144,0.64924
4.3338,0.6582
3.8933,0.69291
4.1333,0.67385
3.9832,0.68158
3.8972,0.69181
3.7135,0.70784
3.7904,0.70659
3.912,0.68841
4.3118,0.66128
4.4602,0.64967
4.0846,0.67892
3.9296,0.67893
3.4759,0.71213
3.2303,0.73434
3.8285,0.68991
3.4644,0.7159
4.1629,0.66776
3.5484,0.71054
4.4618,0.64623
4.0165,0.67995
3.9354,0.68455
4.2992,0.6614
4.2012,0.66922
3.994,0.68053
4.7996,0.62056
3.9023,0.6745
4.8916,0.631
4.3478,0.65112
4.8322,0.62604
4.425,0.65228
4.1933,0.65752
3.1332,0.71934
4.7635,0.62989
4.6543,0.63672
4.0897,0.65989
4.0348,0.68385
4.8728,0.62469
4.5698,0.64316
5.2395,0.61692
4.7051,0.63899
5.0494,0.62846
5.1863,0.62011
3.9028,0.67906
5.1914,0.61851
4.461,0.64791
4.7799,0.63841
5.4333,0.6069
4.4592,0.65494
5.6563,0.57794
4.8913,0.62933
4.8331,0.63403
4.6546,0.63277
4.6971,0.63475
5.1333,0.60771
5.0985,0.60798
5.0736,0.61355
4.7205,0.63823
4.8414,0.62372
5.0429,0.61746
4.4841,0.65368
4.6331,0.64418
4.5804,0.64658
4.9978,0.61669
5.553,0.58132
4.2655,0.67387
5.3645,0.59359
4.637,0.63912
4.8098,0.62744
5.8861,0.56471
4.18,0.67385
4.6342,0.63815
4.7511,0.63342
4.446,0.65004
4.0384,0.68593
5.0034,0.62478
4.9284,0.62429
5.1154,0.61569
4.8266,0.63132
4.7233,0.63974
4.8855,0.62695
4.782,0.63707
4.5168,0.65382
4.8736,0.62501
6.1096,0.55738
4.8551,0.6235
4.4535,0.64944
4.9335,0.62726
4.7707,0.63258
4.9878,0.63606
4.2735,0.65951
4.3239,0.65996
5.185,0.61125
4.5288,0.64705
4.8816,0.63812
4.6323,0.64018
4.8629,0.63433
5.4116,0.59632
5.0518,0.62257
4.7438,0.64157
5.1796,0.61648
5.3351,0.61034
5.0334,0.62364
4.9002,0.62806
5.1187,0.61829
4.7604,0.64363
5.4323,0.59763
5.495,0.60158
4.7831,0.64129
4.9237,0.63439
6.1652,0.55468
5.4759,0.60474
5.2311,0.62108
5.744,0.57721
4.5958,0.64411
5.0613,0.62937
5.0171,0.63352
5.1555,0.62603
5.4588,0.60591
5.1017,0.62919
5.1851,0.61148
4.8716,0.62927
5.3939,0.59796
5.7346,0.58906
5.7443,0.59553
5.7427,0.59152
5.9016,0.58053
5.3712,0.60681
6.3301,0.56893
7.1803,0.5218
4.916,0.62485
5.0018,0.62759
5.2348,0.61738
5.4022,0.60852
5.1969,0.62401
5.5709,0.5981
5.4825,0.60347
5.1088,0.62426
5.4077,0.6049
5.5112,0.60305
5.4017,0.60865
5.5869,0.6033
5.5754,0.59794
5.733,0.58981
4.986,0.63363
5.434,0.60625
5.7111,0.59452
5.8931,0.58377
5.7194,0.59352
5.7899,0.58419
5.207,0.62485
5.6867,0.59228
5.9944,0.57924
5.793,0.58606
5.8943,0.58405
5.395,0.60249
5.1971,0.6252
5.0911,0.62009
5.662,0.59983
5.7278,0.5948
5.4417,0.6149
5.6562,0.59536
5.6202,0.60009
5.1925,0.62825
5.5013,0.60454
5.6907,0.59533
5.0736,0.62464
5.5269,0.59955
4.849,0.62957
5.8846,0.58488
5.79,0.5898
5.1106,0.6201
5.7355,0.59539
5.3642,0.60562
5.3559,0.60831
5.4062,0.60514
5.9039,0.58476
5.1251,0.61979
5.9914,0.58056
5.9947,0.58071
5.6796,0.59655
5.8327,0.58943
5.5143,0.60102
5.4582,0.61384
5.4447,0.613
5.4729,0.60644
5.2785,0.61971
5.453,0.61421
5.6747,0.60146
5.5424,0.60799
5.5237,0.60965
5.5584,0.60874
5.5631,0.60015
5.7528,0.5915
6.0641,0.57719
5.426,0.60479
6.1472,0.57625
6.1104,0.57594
5.4235,0.60784
5.4431,0.60759
6.0278,0.58217
5.5444,0.60476
6.6128,0.56252
6.0841,0.58017
5.4775,0.60458
5.5714,0.60096
5.359,0.61016
5.7744,0.59498
5.5287,0.60274
5.3946,0.60592
5.7151,0.59747
5.3275,0.60683
5.6846,0.60318
5.5832,0.60932
5.8152,0.59981
6.0924,0.58132
5.2439,0.614
5.9224,0.58615
5.4431,0.60499
6.0446,0.57962
5.5324,0.6018
5.5907,0.59753
5.9408,0.58338
5.5819,0.59874
5.5455,0.60428
5.4511,0.6042
5.5043,0.60198
5.7665,0.59234
6.0065,0.57766
5.8774,0.59591
5.6809,0.5898
6.0776,0.57639
6.5297,0.56697
6.3076,0.57034
5.7406,0.59038
6.1068,0.57617
5.8103,0.58906
5.7487,0.58542
5.8406,0.59731
6.8717,0.55251
6.3269,0.57265
5.462,0.60706
5.8911,0.58556
5.923,0.58389
6.3516,0.5725
6.1312,0.57659
6.0904,0.58276
5.6785,0.59671
5.9921,0.58151
6.0018,0.58085
5.7496,0.59478
6.0903,0.57589
5.916,0.58469
5.9638,0.5811
6.2036,0.57215
6.4308,0.56832
6.2488,0.57743
6.5604,0.56365
6.506,0.56561
6.446,0.56877
6.4015,0.56975
6.4294,0.56824
6.3075,0.5725
6.4027,0.57176
5.3596,0.60968
5.5381,0.60123
5.6281,0.59683
5.5591,0.59997
5.99,0.58189
5.8223,0.59086
6.4857,0.56361
6.7712,0.55696
6.214,0.57487
6.1293,0.57691
6.6138,0.55591
6.1922,0.57455
6.1188,0.58782
5.999,0.59299
5.5197,0.60795
5.5564,0.60364
6.2383,0.57828
5.6243,0.6034
5.9899,0.59033
5.767,0.59398
6.0955,0.58858
6.0764,0.58964
6.2043,0.58421
6.0497,0.59023
6.2219,0.57882
6.0763,0.58211
6.4454,0.57019
6.2504,0.57732
6.3046,0.57147
6.238,0.57486
6.3287,0.57063
6.8676,0.5552
6.2477,0.57566
6.8413,0.55595
6.1788,0.57396
6.3042,0.57247
5.8147,0.59879
5.7363,0.59514
5.753,0.6033
5.6397,0.60622
5.4613,0.61313
6.2082,0.57492
6.5635,0.56065
6.143,0.57889
6.2678,0.57966
6.3196,0.57463
6.879,0.54992
6.1029,0.58051
6.6175,0.55834
6.5934,0.56149
6.1761,0.57826
6.4701,0.56763
6.4796,0.56582
6.7677,0.55541
6.2092,0.57697
6.6356,0.55882
6.5604,0.56272
6.816,0.55889
7.1195,0.53996
6.3936,0.56834
5.7071,0.59627
6.0467,0.58154
6.4897,0.56194
6.0471,0.58897
6.0275,0.58227
5.8784,0.58874
5.766,0.59252
5.9476,0.58659
6.3458,0.57064
6.439,0.56929
6.0548,0.58192
6.3342,0.57041
5.9318,0.58862
6.2377,0.57969
5.8696,0.58877
5.8068,0.59373
6.063,0.58296
6.0711,0.58326
5.9645,0.58569
6.8912,0.55587
6.6402,0.55866
6.4561,0.56648
7.1609,0.54571
7.1186,0.54732
5.8142,0.59007
6.5896,0.56395
6.3286,0.57135
6.2919,0.57219
6.7118,0.55478
6.3011,0.5825
7.0183,0.55016
6.156,0.57758
6.4608,0.55943
6.4062,0.56554
6.5972,0.55774
6.4459,0.57661
6.5864,0.55224
6.9178,0.54917
6.2486,0.57378
6.4284,0.56573
6.1811,0.57649
6.6148,0.56075
6.7175,0.55332
6.9565,0.5481
6.7647,0.5549
6.5524,0.55764
6.1344,0.58819
7.0778,0.54532
6.2293,0.57487
6.0019,0.5823
5.9926,0.58419
6.1482,0.57878
6.3117,0.57175
6.3324,0.56714
6.4342,0.5775
6.3631,0.58071
6.2594,0.58405
6.2743,0.58383
6.3435,0.58057
6.016,0.5943
6.5451,0.56031
6.5071,0.56573
6.7864,0.55914
6.1609,0.58596
7.1546,0.54692
6.7519,0.56047
6.6104,0.56113
7.1275,0.54489
7.0936,0.54514
6.3357,0.57757
6.2458,0.58305
6.1438,0.58692
6.371,0.57442
6.2357,0.57432
6.0288,0.58644
6.5099,0.5652
6.6394,0.56272
6.865,0.55337
6.5995,0.5623
7.0412,0.54755
6.2557,0.57783
5.8244,0.58841
5.7424,0.59145
6.3646,0.56982
5.2635,0.60266
5.9743,0.58016
6.1466,0.58086
6.8904,0.55423
6.2655,0.56054
6.2442,0.57588
6.456,0.57745
6.3567,0.57209
6.1635,0.57934
6.1365,0.57446
6.5578,0.56102
7.4469,0.53575
5.8133,0.58919
6.2225,0.57852
6.3219,0.57423
6.1713,0.5794
5.9971,0.58488
6.4177,0.57778
6.1535,0.57954
6.2519,0.57582
6.4902,0.57029
6.205,0.57983
6.3868,0.57243
6.242,0.57714
6.5475,0.57346
6.6922,0.56705
6.7442,0.5575
6.7019,0.56072
6.2967,0.57185
5.9741,0.58517
6.1255,0.57756
6.7826,0.56586
6.0406,0.58097
7.3317,0.54237
6.9796,0.55063
6.3104,0.57081
6.4208,0.57139
6.5595,0.56587
5.5866,0.59818
5.559,0.59958
6.2722,0.57571
5.9754,0.58366
6.3182,0.57237
6.3251,0.57355
6.5746,0.56123
6.2685,0.57764
6.4963,0.56541
6.4038,0.56733
6.4444,0.56719
6.8326,0.56622
6.5932,0.57285
6.647,0.57247
6.4734,0.56464
6.7957,0.56708
6.5252,0.56777
6.2178,0.57388
6.643,0.55945
6.932,0.55144
7.0757,0.54609
6.3087,0.57002
6.4432,0.56584
6.3592,0.57409
6.1487,0.58102
5.7627,0.59399
6.3253,0.57335
6.7247,0.56066
6.6232,0.56094
6.726,0.56867
6.5892,0.56423
6.5684,0.56273
6.6639,0.56337
6.5233,0.56683
5.8577,0.59359
