58.413,0.030843
47.944,0.16632
52.394,0.10203
54.042,0.084949
56.504,0.056895
55.114,0.073647
57.527,0.043491
54.78,0.079417
51.538,0.11704
55.545,0.069917
54.904,0.074495
52.951,0.094214
55.693,0.070981
52.557,0.10673
52.059,0.11283
53.81,0.093139
52.248,0.11281
52.538,0.10943
51.401,0.11627
52.918,0.10078
53.641,0.091582
54.316,0.082782
52.185,0.1104
51.492,0.11805
49.642,0.13442
52.383,0.099842
53.251,0.095202
52.911,0.093833
52.955,0.092607
55.624,0.06738
51.227,0.1134
52.552,0.094971
53.894,0.082456
57.521,0.041584
51.216,0.11415
51.845,0.10719
45.677,0.18974
49.939,0.13297
53.33,0.095514
52.899,0.092968
53.565,0.08779
55.446,0.065277
52.906,0.093378
53.247,0.090793
52.609,0.10388
53.249,0.092378
48.805,0.14807
52.317,0.10418
46.977,0.16652
50.004,0.12799
48.012,0.15152
52.023,0.1023
51.394,0.11291
53.119,0.090274
51.56,0.11562
52.328,0.10073
48.634,0.14746
52.238,0.10426
51.768,0.10927
50.572,0.12117
52.553,0.10202
53.555,0.091424
49.111,0.14345
50.63,0.12748
46.117,0.18289
49.432,0.13849
45.976,0.18801
45.019,0.20138
48.624,0.15681
44.754,0.20803
44.449,0.2093
47.76,0.16288
45.308,0.19616
47.162,0.16989
45.216,0.2039
45.529,0.1964
47.278,0.16965
46.878,0.18003
45.225,0.20133
45.776,0.19723
45.23,0.21115
44.267,0.22019
46.203,0.1944
44.967,0.211
39.727,0.30319
43.255,0.23938
43.508,0.24018
37.494,0.33854
42.67,0.24541
44.114,0.23519
41.05,0.28585
41.366,0.28436
42.132,0.27442
42.13,0.26933
43.489,0.2518
42.84,0.26499
41.369,0.29236
43.467,0.25502
43.998,0.24649
44.848,0.24821
43.77,0.25706
43.79,0.24851
42.46,0.29756
41.669,0.31082
36.583,0.37723
41.095,0.30601
42.179,0.29092
44.133,0.27558
39.499,0.35146
40.8,0.32878
37.023,0.40509
42.179,0.32569
34.527,0.41935
34.074,0.43277
34.878,0.43858
36.971,0.39107
34.92,0.42101
36.285,0.40089
37.263,0.38112
36.533,0.43421
41.926,0.34138
41.856,0.35493
39.905,0.36064
38.233,0.40042
39.064,0.37541
38.209,0.39131
37.308,0.39685
37.539,0.39074
37.232,0.39007
36.318,0.41095
35.474,0.4137
34.109,0.43381
31.854,0.46749
29.879,0.5183
29.877,0.51693
32.498,0.45738
32.682,0.45358
31.582,0.47838
31.957,0.4536
29.877,0.49314
30.544,0.47868
30.295,0.47994
28.728,0.5051
28.73,0.50998
32.486,0.44932
29.558,0.48511
29.786,0.47691
32.725,0.45292
33.091,0.44167
26.685,0.53298
27.587,0.50938
28.662,0.48609
31.415,0.4643
27.677,0.49769
26.791,0.51138
25.78,0.53338
26.017,0.53038
26.393,0.51575
26.633,0.51463
29.537,0.49663
30.425,0.46901
23.29,0.57011
28.859,0.48858
28.432,0.49124
26.76,0.52771
28.906,0.48058
22.326,0.57882
20.646,0.61638
22.661,0.5694
22.606,0.56444
27.513,0.49658
27.402,0.50667
25.622,0.54438
26.714,0.50934
25.966,0.52516
24.968,0.54252
26.504,0.50656
24.39,0.53248
25.374,0.51676
24.551,0.52111
23.488,0.55606
25.652,0.50007
23.876,0.54038
22.2,0.57722
20.05,0.61988
21.548,0.58395
20.018,0.61465
23.259,0.542
22.655,0.55622
22.845,0.54954
24.419,0.52202
23.675,0.54238
24.674,0.51885
23.698,0.52311
24.51,0.50892
23.322,0.53226
23.74,0.5179
22.663,0.53513
22.886,0.53014
22.913,0.52415
21.882,0.54929
22.16,0.53701
22.843,0.5202
23.614,0.51529
23.175,0.53123
22.811,0.53641
23.123,0.52339
23.034,0.52347
23.417,0.51392
22.354,0.54062
23.57,0.50966
22.248,0.53675
22.472,0.52524
21.882,0.53775
21.411,0.54966
21.953,0.53595
21.985,0.53148
22.265,0.52357
21.681,0.53569
21.266,0.5431
21.152,0.54542
21.044,0.54583
19.96,0.56109
20.827,0.54437
19.641,0.56661
20.456,0.55325
20.359,0.55383
20.056,0.56441
19.509,0.57141
19.338,0.57729
19.328,0.57383
19.068,0.58201
18.925,0.58478
18.34,0.59625
19.031,0.57925
19.105,0.57139
18.803,0.57805
17.991,0.5945
19.16,0.55953
18.572,0.57961
17.811,0.60054
18.423,0.59007
18.063,0.59883
18.465,0.58332
18.32,0.5863
17.481,0.60753
17.477,0.60667
18.555,0.58332
18.123,0.59166
17.055,0.60964
17.523,0.59841
16.811,0.6159
17.454,0.59319
17,0.60677
17.934,0.58732
17.431,0.59091
17.287,0.59571
16.872,0.60453
16.775,0.60636
17.834,0.58065
17.283,0.59642
17.317,0.59022
17.228,0.59698
16.945,0.6016
16.529,0.61618
16.753,0.61078
16.613,0.6115
15.599,0.63427
15.81,0.62891
16.714,0.60764
16.642,0.60591
16.764,0.59909
16.644,0.60679
16.232,0.61582
16.043,0.61913
16.037,0.62253
15.969,0.62086
16.176,0.61224
16.164,0.61174
16.062,0.60953
15.917,0.61631
14.412,0.65295
15.585,0.6253
15.505,0.6261
14.979,0.63734
16.141,0.61211
15.608,0.61747
16.09,0.60918
14.541,0.6515
14.874,0.64191
14.879,0.64048
14.417,0.6464
14.799,0.63509
15.016,0.63013
14.841,0.63406
13.848,0.65581
14.865,0.63777
14.635,0.64302
14.702,0.64298
14.927,0.63714
14.133,0.64737
13.957,0.65321
14.232,0.65117
13.926,0.65467
14.361,0.64548
14.494,0.64245
14.235,0.64893
14.125,0.65061
13.967,0.65421
14.416,0.64073
14.434,0.64083
14.455,0.64618
14.675,0.64004
14.37,0.64636
14.141,0.64881
14.573,0.64598
14.538,0.64525
14.968,0.63293
14.173,0.64507
14.737,0.63328
13.582,0.65957
13.415,0.66512
13.27,0.66642
13.403,0.66637
14.014,0.65436
13.884,0.65559
13.913,0.65521
14.006,0.65465
13.944,0.65612
13.601,0.66333
13.502,0.66107
13.658,0.66224
14.054,0.65119
14.086,0.65028
13.984,0.65284
13.996,0.65292
14.78,0.638
14.186,0.64924
14.199,0.64901
13.69,0.65899
14.235,0.6486
14.516,0.64389
14.694,0.63639
15.215,0.61942
16.182,0.59991
17.432,0.57627
17.736,0.57077
16.94,0.58256
16.521,0.59313
15.313,0.61685
14.887,0.6261
15.135,0.62021
15.84,0.605
15.948,0.60219
15.41,0.6107
15.235,0.61452
16.278,0.59886
15.986,0.60186
15.741,0.60608
15.684,0.6078
15.33,0.61218
15.266,0.61215
15.767,0.60745
15.711,0.60583
15.723,0.60834
15.144,0.61242
15.267,0.61327
15.182,0.61377
15.5,0.60977
15.576,0.6079
15.7,0.60787
15.786,0.60281
15.152,0.61636
15.249,0.61451
14.936,0.61824
15.335,0.61231
15.164,0.61637
15.344,0.61316
15.289,0.61387
15.181,0.61638
15.255,0.61429
15.162,0.61528
15.423,0.60967
15.526,0.6098
15.154,0.61602
15.059,0.61713
15.28,0.6145
13.661,0.64364
15.139,0.61055
14.627,0.62062
15.521,0.60565
14.948,0.61861
15.132,0.61679
15.222,0.61422
14.559,0.62191
14.629,0.62159
16.074,0.59656
15.542,0.60662
14.239,0.63393
15.853,0.59987
15.969,0.59738
15.909,0.59854
15.506,0.6083
15.179,0.60882
14.017,0.63238
13.801,0.63985
15.062,0.61642
13.642,0.64063
14.711,0.62074
15.168,0.61358
15.069,0.61645
14.68,0.62
14.834,0.61834
15.085,0.61464
15.151,0.61253
14.764,0.61933
14.906,0.61549
14.672,0.623
14.996,0.61494
14.884,0.61428
15.412,0.60954
14.724,0.621
14.989,0.61437
14.171,0.62414
15.263,0.60791
15.8,0.60291
14.615,0.62339
14.903,0.62028
14.553,0.62491
14.843,0.62075
14.191,0.62966
14.409,0.62654
15.066,0.61474
14.847,0.61903
14.561,0.62259
15.033,0.61273
14.332,0.62752
14.811,0.61749
14.882,0.61569
14.165,0.62907
14.528,0.62128
14.717,0.61985
15.134,0.6129
14.701,0.62168
15.621,0.60243
14.909,0.61575
15.091,0.60812
14.927,0.61221
15.156,0.61069
14.141,0.63241
15.007,0.61489
14.23,0.62512
14.153,0.62711
14.121,0.627
14.911,0.61793
14.713,0.62041
14.459,0.62513
14.542,0.6218
13.879,0.63617
14.461,0.62277
13.623,0.6408
14.344,0.62426
13.735,0.63885
14.913,0.61669
14.432,0.62412
14.399,0.62623
14.536,0.62034
13.234,0.64649
14.421,0.6226
14.121,0.62652
15.152,0.61113
15.123,0.61144
14.546,0.62101
14.04,0.63153
15.189,0.60931
15.331,0.60701
15.377,0.60766
14.806,0.61887
15.011,0.61186
15.218,0.6077
15.212,0.61119
15,0.61527
15.351,0.60948
15.064,0.61272
14.254,0.63046
14.629,0.62237
14.337,0.62772
14.95,0.61396
14.992,0.61291
15.344,0.60886
15.898,0.59923
14.162,0.62957
14.501,0.62215
14.437,0.62456
14.213,0.62825
15.081,0.61023
14.346,0.62513
13.789,0.63637
14.704,0.61763
14.898,0.61434
14.672,0.61726
14.391,0.62224
14.235,0.62666
14.744,0.61558
14.421,0.62325
15.028,0.6122
14.167,0.62724
14.655,0.61954
14.59,0.61823
14.784,0.6156
14.054,0.63012
14.536,0.62022
14.048,0.62878
14.683,0.61924
14.811,0.61609
14.022,0.62926
14.806,0.61415
14.922,0.6098
14.578,0.61601
13.996,0.62591
14.557,0.61495
13.82,0.6308
14.308,0.61986
14.439,0.62225
14.534,0.61882
14.45,0.62081
14.68,0.61803
14.439,0.62248
14.232,0.62668
13.57,0.63893
14.145,0.62917
14.745,0.61616
13.764,0.63322
14.017,0.63022
14.028,0.62993
13.01,0.64714
14.683,0.61596
14.077,0.6288
14.583,0.61971
13.759,0.6347
12.508,0.65792
14.443,0.62015
12.454,0.65806
12.349,0.66059
13.281,0.64038
13.191,0.64261
14.152,0.62415
15.453,0.59972
15.555,0.60259
11.987,0.66937
15.572,0.60246
15.613,0.60134
14.824,0.61371
13.82,0.63462
14.22,0.62601
14.273,0.62551
14.217,0.62582
14.538,0.61813
15.121,0.60834
14.74,0.61348
14.718,0.61617
14.839,0.61267
14.807,0.6139
14.698,0.61681
14.994,0.61185
14.941,0.61245
14.945,0.6134
14.99,0.61178
15.748,0.59917
15.064,0.60976
15.078,0.60985
15.095,0.61068
14.038,0.62807
15.244,0.60697
15.287,0.60593
15.161,0.60752
13.344,0.64313
13.837,0.63256
14.67,0.61635
14.024,0.62761
14.254,0.6229
13.559,0.63657
14.262,0.62455
13.4,0.64143
14.744,0.61549
13.864,0.63254
13.805,0.63291
14.633,0.61696
14.417,0.61988
13.924,0.62992
13.819,0.6315
13.291,0.64129
12.21,0.66339
14.228,0.62311
14.442,0.62239
13.92,0.62994
11.816,0.67168
13.891,0.63027
13.647,0.6363
13.762,0.63277
14.201,0.62588
13.205,0.64496
14.283,0.62466
13.811,0.63104
13.48,0.63964
13.942,0.62985
11.71,0.67395
13.864,0.6322
14.278,0.6229
14.416,0.62095
14.246,0.62358
13.696,0.63044
13.649,0.63166
13.688,0.62946
13.421,0.63868
14.168,0.62454
15.044,0.6089
14.601,0.61624
14.987,0.61066
14.998,0.61148
13.545,0.63635
14.086,0.62543
14.71,0.61485
14.44,0.61892
11.453,0.67964
14.208,0.62346
14.418,0.61986
12.257,0.66203
14.198,0.62565
14.189,0.62603
14.083,0.6279
14.084,0.62749
14.165,0.62665
14.308,0.62225
14.232,0.62291
14.31,0.62389
11.767,0.67315
13.634,0.63285
13.917,0.62733
13.142,0.6403
13.389,0.63709
13.105,0.643
14.023,0.62502
13.89,0.62834
13.983,0.62858
14.116,0.62444
13.937,0.62847
13.457,0.63851
14.071,0.62662
13.627,0.63464
13.938,0.62836
13.788,0.63089
13.972,0.6275
13.745,0.63073
13.315,0.64177
13.438,0.63897
11.219,0.68617
13.114,0.64419
12.386,0.65713
12.789,0.64869
13.638,0.63407
13.896,0.62895
11.884,0.66972
13.704,0.63365
13.282,0.64057
13.727,0.63219
13.805,0.63065
13.278,0.63919
14.514,0.61855
13.983,0.62627
14.436,0.61995
13.271,0.64083
13.175,0.64212
14.394,0.61999
15.019,0.60702
14.309,0.62118
11.987,0.66802
12.176,0.66251
12.129,0.66456
13.648,0.63409
12.483,0.65823
13.259,0.63969
12.601,0.65205
12.995,0.64546
12.578,0.65415
12.738,0.65282
12.991,0.64695
12.942,0.64551
12.698,0.65233
13.512,0.63692
13.303,0.64164
13.503,0.63571
12.37,0.65965
13.458,0.63699
13.572,0.63495
13.33,0.64005
12.387,0.66008
12.605,0.6545
11.754,0.67228
11.591,0.67656
13.624,0.6341
11.558,0.67648
13.818,0.63091
13.923,0.62897
14.23,0.623
13.078,0.64631
12.086,0.6658
12.15,0.66331
14.247,0.62264
11.408,0.6806
11.359,0.68315
11.772,0.67172
13.687,0.63249
12.105,0.66408
13.71,0.63236
13.492,0.63374
11.29,0.68239
13.58,0.63506
13.195,0.64272
13.093,0.64408
10.689,0.6969
10.993,0.68877
12.007,0.66698
13.833,0.63077
11.427,0.67779
14.466,0.61727
14.468,0.61758
14.008,0.62704
10.476,0.70309
13.158,0.6431
12.634,0.65335
11.126,0.6859
14.107,0.62319
13.083,0.64284
13.839,0.62887
12.041,0.66548
10.76,0.69625
12.203,0.66341
11.059,0.68926
11.016,0.6903
11.596,0.67661
11.094,0.68805
11.063,0.68865
12.055,0.66626
13.079,0.64754
11.915,0.66926
13.217,0.64253
13.883,0.6288
13.388,0.63862
11.931,0.67054
14.497,0.61764
13.225,0.64382
11.886,0.67107
11.273,0.68477
11.385,0.68163
13.316,0.63883
13.77,0.63011
13.626,0.63195
13.93,0.62959
13.839,0.63217
13.76,0.63334
13.589,0.63573
13.129,0.64283
12.109,0.66212
12.85,0.64958
12.988,0.64809
13.706,0.63329
13.684,0.63405
14.689,0.61373
13.649,0.6342
14.108,0.62244
14.08,0.62274
13.988,0.62447
14.237,0.62046
14.178,0.62232
13.568,0.63311
14.768,0.61199
12.4,0.65645
14.542,0.61613
14.491,0.61623
14.251,0.61963
11.299,0.68049
14.088,0.62518
11.009,0.68719
13.558,0.63444
11.944,0.66548
14.706,0.61122
11.422,0.67857
14.575,0.61465
14.597,0.61413
14.542,0.61516
13.544,0.6359
13.877,0.62632
13.962,0.62297
13.873,0.6261
13.298,0.63798
13.552,0.6346
11.533,0.67454
13.773,0.62949
13.294,0.63837
13.987,0.62731
13.869,0.62724
14.12,0.62294
13.726,0.62963
11.059,0.68868
12.972,0.64753
13.433,0.63918
13.412,0.63942
14.112,0.62459
13.47,0.63768
13.625,0.63495
13.473,0.63811
14.274,0.62087
13.123,0.64407
13.603,0.63434
12.993,0.64573
14.08,0.62489
14.394,0.61829
14.093,0.62472
14.666,0.61344
14.284,0.62064
13.868,0.62859
13.889,0.62722
14.352,0.61875
13.464,0.6359
14.42,0.61664
13.856,0.62466
14.16,0.62239
14.002,0.62536
13.51,0.63436
13.919,0.62852
13.065,0.64408
13.638,0.63216
13.889,0.62915
13.883,0.63007
13.794,0.6309
13.91,0.628
13.795,0.63016
13.903,0.62803
13.56,0.63497
14.35,0.61938
13.981,0.62765
14.249,0.61998
13.944,0.62464
14.303,0.61966
13.715,0.62963
14.511,0.61723
14.554,0.61619
14.436,0.61751
14.29,0.61989
14.152,0.62254
14.555,0.61562
13.295,0.63742
13.162,0.63958
14.286,0.61724
14.113,0.62157
13.367,0.63573
13.761,0.62868
12.854,0.64766
14.575,0.61403
14.19,0.62189
12.295,0.65365
12.675,0.65062
13.16,0.64004
13.933,0.6262
13.586,0.633
13.719,0.6314
12.819,0.64832
12.86,0.64931
13.422,0.63661
14.09,0.62518
13.808,0.63033
13.185,0.6401
13.315,0.63785
13.721,0.63137
13.331,0.6386
14.469,0.61722
14.435,0.61729
13.681,0.63199
13.516,0.63333
14.405,0.61706
13.682,0.63089
14.279,0.62166
13.286,0.63984
13.784,0.62891
13.34,0.63692
13.595,0.63238
13.75,0.62876
11.633,0.66893
12.742,0.64695
11.825,0.66791
12.072,0.66228
12.135,0.65999
13.973,0.6261
11.114,0.68312
14.321,0.61752
14.415,0.6147
11.57,0.67402
14.67,0.61124
11.635,0.67046
13.739,0.63171
13.616,0.63073
13.641,0.6338
13.804,0.6309
13.898,0.62841
14.081,0.62457
13.919,0.62811
14.384,0.61844
14.391,0.61875
14.358,0.61972
13.6,0.63395
14.443,0.61716
14.301,0.62013
14.138,0.62308
14.776,0.61186
13.897,0.62707
13.971,0.6264
13.212,0.64151
14.263,0.62043
14.062,0.62311
13.554,0.63422
13.498,0.63583
14.026,0.62415
14.161,0.62213
14.396,0.61519
14.523,0.61252
14.658,0.61079
14.927,0.60683
14.243,0.61946
14.561,0.61155
14.241,0.61897
14.296,0.61876
13.69,0.63086
14.288,0.61892
13.877,0.62792
13.837,0.62889
13.418,0.63293
11.898,0.66424
12.543,0.65265
14.481,0.61383
12.716,0.64971
11.512,0.67384
12.946,0.64199
12.01,0.66105
11.663,0.67116
13.801,0.62683
13.718,0.62836
13.801,0.62678
13.806,0.62868
13.882,0.62668
13.804,0.62832
13.418,0.63575
13.221,0.63909
13.228,0.63938
13.558,0.63359
12.999,0.64633
13.51,0.63449
13.535,0.63348
13.491,0.6342
13.225,0.64176
13.896,0.62658
13.897,0.62601
13.702,0.63006
14.2,0.62172
13.738,0.62982
14.277,0.61855
14,0.62448
14.083,0.62232
13.72,0.62846
13.779,0.62842
13.374,0.63598
13.197,0.6392
13.513,0.63213
12.905,0.64368
13.935,0.62581
13.515,0.63196
12.892,0.64606
12.906,0.64631
14.018,0.6232
13.497,0.63459
11.996,0.66475
13.012,0.64342
11.313,0.67905
13.152,0.64126
13.391,0.63487
12.826,0.64839
11.415,0.67534
13.655,0.63091
13.388,0.63441
12.424,0.65389
13.091,0.64206
12.589,0.65063
12.702,0.64993
12.771,0.64905
13.843,0.62786
12.791,0.64759
14.499,0.61228
14.362,0.61417
14.461,0.61345
14.556,0.61309
13.048,0.63977
14.635,0.61207
13.097,0.63925
11.748,0.666
11.875,0.66386
14.44,0.61473
11.981,0.66293
14.437,0.61585
14.092,0.62192
14.338,0.61748
14.262,0.61803
13.338,0.63574
12.444,0.65509
13.008,0.64392
14.153,0.62034
13.881,0.62665
12.649,0.65262
13.448,0.63368
12.724,0.65035
11.336,0.67947
11.624,0.66863
14.248,0.61895
13.35,0.6337
13.694,0.62801
14.003,0.6219
13.245,0.63712
13.797,0.62701
13.472,0.6331
13.334,0.63665
12.97,0.64388
12.985,0.64365
12.912,0.64491
13.701,0.62801
13.029,0.64358
12.897,0.64498
13.17,0.64053
13.111,0.64127
13.724,0.63013
14.048,0.62091
13.915,0.62535
12.067,0.66038
14.33,0.61543
12.939,0.64258
13.187,0.63965
11.663,0.66984
11.422,0.67423
12.348,0.65171
11.782,0.66444
11.223,0.67922
12.434,0.65219
11.534,0.67157
13.921,0.62317
15.091,0.6034
14.024,0.62106
12.348,0.65291
12.543,0.64873
13.723,0.62749
14.128,0.62052
13.773,0.62676
12.932,0.64419
14.239,0.61815
12.235,0.65719
12.88,0.64526
11.505,0.67237
13.535,0.63163
13.413,0.63335
14.198,0.61918
13.608,0.62903
12.732,0.64535
11.973,0.66171
13.036,0.6401
12.995,0.64167
12.976,0.64066
12.92,0.6424
13.386,0.63229
12.299,0.65494
13.235,0.63669
12.633,0.6489
12.628,0.64903
13.674,0.62808
14.127,0.61913
13.26,0.63746
13.33,0.63448
11.664,0.66588
13.997,0.6223
11.694,0.66703
13.676,0.62788
13.336,0.634
14.641,0.61065
15.233,0.60012
14.763,0.60923
13.276,0.63551
13.153,0.63929
13.449,0.63144
12.916,0.64398
11.028,0.6839
12.987,0.64305
13.811,0.62575
14.431,0.61586
13.809,0.62559
13.236,0.63792
13.651,0.62588
11.331,0.67231
12.986,0.63937
12.141,0.65934
10.774,0.68873
11.701,0.66859
13.2,0.63791
12.844,0.64387
12.353,0.65359
11.443,0.67334
11.833,0.66434
12.473,0.65117
14.229,0.61828
12.644,0.64845
12.098,0.65948
11.673,0.66727
14.055,0.62045
13.808,0.62372
13.263,0.63406
13.854,0.62354
12.118,0.65731
13.097,0.63827
13.107,0.63824
12.662,0.6485
13.297,0.63466
12.274,0.65489
14.012,0.62116
11.437,0.67309
15.615,0.59166
13.978,0.62161
11.372,0.67444
11.086,0.68167
11.687,0.66715
11.899,0.66221
13.801,0.6248
13.87,0.62485
11.253,0.677
11.33,0.67492
13.504,0.63174
13.635,0.62942
14.916,0.60422
12.18,0.65754
14.682,0.6089
11.603,0.67024
12.194,0.65753
11.967,0.65747
14.598,0.60917
11.607,0.67083
14.646,0.61001
12.783,0.64682
13.089,0.63901
11.834,0.66279
13.536,0.62899
13.895,0.62357
13.022,0.63953
12.771,0.64416
11.434,0.67312
13.978,0.62258
11.106,0.68105
13.903,0.62333
12.568,0.64905
13.599,0.62885
13.405,0.6318
12.973,0.64276
13.054,0.64058
14.026,0.62112
13.336,0.63405
14.767,0.60769
14.065,0.62082
13.289,0.63667
14.511,0.61307
12.687,0.6478
14.597,0.61059
13.382,0.63355
13.287,0.63631
12.51,0.65
11.606,0.66929
12.343,0.65438
11.731,0.66622
12.525,0.64835
11.156,0.68003
11.096,0.68217
11.494,0.67184
11.073,0.68175
11.75,0.66787
11.531,0.6707
11.806,0.66352
11.567,0.67038
13.14,0.63767
11.739,0.66664
13.059,0.6408
12.96,0.64266
14.262,0.61839
14.927,0.60535
14.763,0.60813
14.359,0.61572
14.468,0.61181
11.629,0.6683
13.242,0.6346
12.019,0.65867
12.926,0.63945
11.698,0.66648
14.197,0.6167
14.42,0.61313
14.392,0.61353
12.784,0.64479
12.304,0.65423
13.953,0.6213
11.52,0.67198
12.113,0.65782
13.295,0.63402
11.577,0.66799
13.065,0.63759
15.034,0.60332
12.236,0.65627
11.353,0.67539
12.985,0.64051
11.09,0.6807
11.212,0.67689
11.269,0.67705
11.012,0.68158
13.119,0.63732
11.058,0.68297
11.466,0.66913
11.386,0.67095
11.075,0.67904
13.893,0.62195
11.083,0.67933
11.596,0.66677
11.068,0.67979
12.616,0.64614
10.971,0.68217
13.401,0.63182
10.844,0.68573
13.822,0.62385
10.814,0.68721
11.062,0.68018
11.025,0.68241
11.616,0.66736
11.086,0.68108
10.908,0.68512
10.819,0.68774
11.498,0.67004
12.113,0.65651
12.122,0.65893
12.808,0.64301
12.48,0.65125
14.154,0.61702
13.37,0.63395
13.359,0.63466
13.939,0.62208
13.367,0.63359
11.714,0.66697
13.475,0.63219
14.099,0.6178
13.616,0.62834
13.638,0.628
14.385,0.61278
13.541,0.62797
14.687,0.60681
14.021,0.61884
14.1,0.61931
14.008,0.62096
13.199,0.63617
10.979,0.68213
11.071,0.67992
11.319,0.67359
13.627,0.62715
14.798,0.60606
12.877,0.64265
12.994,0.6404
13.576,0.62937
10.772,0.68764
10.776,0.68735
12.876,0.64126
12.558,0.64628
13.129,0.63624
13.715,0.62524
10.899,0.68443
12.965,0.63963
12.986,0.6394
13.096,0.6369
13.01,0.6388
12.724,0.64659
12.691,0.64632
11.778,0.66364
10.871,0.6841
11.149,0.67921
10.832,0.68433
11.153,0.67478
11.409,0.67092
11.284,0.67026
13.45,0.62792
12.498,0.6468
11.051,0.67703
11.037,0.67876
11.167,0.67543
12.977,0.63666
13.429,0.62933
11.947,0.65901
11.755,0.66348
12.663,0.64219
11.373,0.66879
14.527,0.60742
14.923,0.60181
11.371,0.6708
12.617,0.64417
14.259,0.61191
12.995,0.63687
13.652,0.6241
11.78,0.6621
13.918,0.61918
11.095,0.67577
10.73,0.68487
13.148,0.63384
12.295,0.64986
11.285,0.67057
11.89,0.65743
13.056,0.634
10.936,0.67755
11.356,0.66787
10.586,0.68624
10.634,0.68519
11.437,0.66516
11.041,0.6741
11.4,0.6647
11.042,0.67399
10.625,0.6836
10.467,0.68786
13.811,0.61896
11.848,0.6571
12.615,0.64001
11.982,0.65199
10.925,0.67463
11.706,0.6574
13.168,0.62592
11.217,0.66925
12.768,0.63631
11.455,0.66293
11.151,0.6705
11.358,0.66507
11.687,0.65557
12.969,0.62934
12.742,0.63488
13.089,0.62706
11.58,0.6573
12.491,0.63801
14.2,0.60625
11.93,0.65016
11.876,0.65064
11.53,0.65712
11.504,0.65628
12.104,0.64509
11.986,0.64693
11.286,0.66231
12.572,0.63566
12.59,0.63384
13.156,0.6224
10.047,0.68852
10.543,0.67485
12.249,0.64015
11.618,0.65223
10.306,0.6805
11.868,0.64549
12.603,0.63126
9.8587,0.69002
11.802,0.64564
12.162,0.63751
12.485,0.62974
10.533,0.67036
12.496,0.62761
10.281,0.67619
10.206,0.67651
13.318,0.61162
10.116,0.67781
12.946,0.61782
11.933,0.63861
12.815,0.61878
12.57,0.625
11.406,0.64943
9.6864,0.68727
11.567,0.64343
10.044,0.6762
10.316,0.66805
9.802,0.67962
9.7119,0.682
11.33,0.6457
11.614,0.63744
11.092,0.64861
9.8058,0.67716
11.263,0.64352
12.375,0.62035
12.132,0.62486
9.8092,0.67409
9.812,0.67263
9.546,0.67981
11.805,0.62844
10.766,0.65133
9.6928,0.67407
11.288,0.63541
9.78,0.66929
11.582,0.62779
11.886,0.62104
12.062,0.61751
12.054,0.61873
10.4,0.65221
9.1099,0.68154
10.815,0.63889
9.1314,0.67927
11.325,0.62753
11.749,0.6181
10.658,0.64126
8.8622,0.68304
9.2065,0.6739
8.6884,0.68577
8.7978,0.68097
10.911,0.63295
9.0201,0.67404
10.213,0.64579
10.469,0.63792
10.345,0.63972
10.628,0.63156
10.054,0.64534
9.8229,0.65072
10.363,0.63711
10.005,0.64473
11.054,0.61849
8.3592,0.6817
8.4078,0.68027
9.2316,0.65892
10.792,0.62099
9.4331,0.65162
9.6564,0.64699
10.638,0.62429
10.842,0.61793
10.519,0.62488
10.591,0.62209
10.619,0.61924
9.1445,0.65278
8.2417,0.67318
11.915,0.59038
10.461,0.62129
9.1113,0.64955
9.2494,0.64488
8.4763,0.6633
9.5119,0.6399
10.264,0.62171
7.9835,0.67551
10.463,0.61659
9.5726,0.63983
10.082,0.62304
10.171,0.62216
10.013,0.62557
8.6318,0.65574
8.458,0.65914
8.2647,0.66383
7.2585,0.68946
8.6564,0.65362
9.1331,0.63985
9.1484,0.63996
8.4462,0.65474
9.0919,0.63751
8.6852,0.64512
8.3222,0.65225
9.1937,0.6292
8.49,0.6442
8.8806,0.63734
8.051,0.65525
8.8977,0.633
7.7624,0.6617
8.5493,0.6409
9.0141,0.62683
9.0528,0.62748
8.6814,0.63704
8.6596,0.63681
8.6295,0.63638
8.7735,0.63228
8.4918,0.63959
8.5919,0.6341
7.11,0.67417
7.7271,0.65495
7.7493,0.65363
8.3074,0.64056
7.6411,0.65643
8.7647,0.62735
7.647,0.65435
7.8614,0.64963
6.5932,0.6836
6.5546,0.68414
6.5405,0.68308
8.3696,0.63275
6.5328,0.6823
8.2417,0.63431
6.375,0.68631
8.1439,0.63491
8.1868,0.63242
6.5192,0.67751
6.4237,0.67908
6.5834,0.67299
7.5077,0.64447
6.3608,0.67878
6.4537,0.67516
6.4035,0.67582
7.778,0.63691
6.292,0.67768
6.4969,0.66958
6.4468,0.67231
6.522,0.66773
6.3361,0.67325
6.0804,0.68274
6.0475,0.6833
6.1189,0.67981
6.255,0.67403
8.7195,0.60235
6.1324,0.678
6.3384,0.66909
6.2628,0.6707
7.006,0.65054
6.0926,0.67532
6.6567,0.65611
7.4333,0.63433
7.4641,0.63247
6.1345,0.66918
6.4556,0.65887
6.9859,0.64419
5.9359,0.67605
5.9048,0.677
5.9437,0.67355
6.045,0.66923
5.9849,0.67143
6.0184,0.66923
6.1019,0.66586
5.9017,0.67103
5.7304,0.67829
5.725,0.67799
5.5297,0.68404
5.4909,0.68428
5.5183,0.6844
6.8928,0.6391
5.4437,0.68453
8.157,0.59852
6.6079,0.64373
6.1623,0.65487
5.8606,0.66661
5.9243,0.66274
8.0445,0.59929
8.0803,0.59801
5.1917,0.68918
5.4386,0.67808
6.0701,0.65709
5.2967,0.6822
5.3054,0.68174
7.2942,0.6153
5.2483,0.68326
5.2935,0.68004
5.3006,0.67811
6.2104,0.64612
7.3409,0.60956
7.3706,0.60758
7.6863,0.59965
5.3657,0.67202
7.5251,0.60188
7.4796,0.60339
7.3246,0.60611
7.4227,0.60206
7.6751,0.59285
5.1322,0.67435
7.6035,0.59309
7.6077,0.59223
6.5285,0.62751
7.6602,0.58919
7.327,0.59796
5.3686,0.66107
5.5693,0.65265
5.1292,0.66958
5.3124,0.66033
5.2115,0.66151
5.6123,0.6405
5.5065,0.64398
5.3111,0.65342
5.2907,0.65511
5.2009,0.65948
5.1995,0.65908
7.192,0.59425
6.8051,0.60637
7.0553,0.59725
7.2383,0.59045
6.0329,0.63206
6.9761,0.59856
7.4445,0.58195
7.2483,0.58643
7.0358,0.59394
4.6166,0.68022
6.7161,0.60289
7.1761,0.58754
7.4715,0.57803
7.6161,0.57221
4.9537,0.66031
7.0805,0.58759
4.6842,0.67296
6.7223,0.59884
4.8355,0.66419
7.205,0.58172
7.0124,0.58882
4.8851,0.65887
4.6848,0.66684
7.1605,0.58032
6.3295,0.60769
6.4888,0.60269
7.0071,0.58372
7.3104,0.57293
4.6961,0.66022
4.5834,0.6643
4.8656,0.64672
4.9816,0.64302
4.7511,0.65226
4.6287,0.66165
4.5954,0.66534
4.4448,0.67529
6.7154,0.58881
6.305,0.60738
6.3796,0.60454
6.3326,0.61116
6.2671,0.61272
6.0622,0.61963
5.8659,0.6271
4.1528,0.69186
4.2463,0.68738
4.3525,0.68094
4.3926,0.67456
6.2779,0.60484
6.336,0.60241
4.2483,0.68206
6.388,0.59933
4.1849,0.685
4.2386,0.6818
4.3543,0.67804
4.4958,0.67175
4.3806,0.67834
4.1203,0.69027
4.1118,0.69036
4.1742,0.689
4.2857,0.68292
3.5303,0.72589
4.9487,0.65085
4.9172,0.64999
3.6464,0.71943
4.2794,0.68073
4.0064,0.69246
4.027,0.69176
4.2443,0.67592
4.2141,0.68257
4.2248,0.68242
3.7856,0.70437
4.2247,0.68207
3.8288,0.70435
3.8328,0.70306
5.7164,0.62046
5.1089,0.64845
3.8288,0.70048
5.528,0.629
3.6315,0.71511
5.531,0.62717
5.7765,0.61831
3.6398,0.71455
3.5436,0.72578
4.4543,0.67711
3.7171,0.71338
3.7231,0.7144
3.4579,0.72696
3.2507,0.74505
3.519,0.72571
3.4515,0.72838
3.0803,0.75823
3.4113,0.73024
3.3522,0.73587
3.7123,0.71063
4.3272,0.68445
3.5294,0.72655
3.4089,0.73193
3.3913,0.7326
4.2115,0.68957
4.4958,0.67353
4.54,0.66889
3.5869,0.72549
3.3881,0.73181
3.0924,0.75608
3.333,0.73661
3.4463,0.72555
3.1848,0.75041
3.3304,0.73556
4.6414,0.66584
3.3456,0.73411
3.3588,0.73077
3.5761,0.71826
3.4552,0.71909
4.8862,0.65737
4.6806,0.66207
4.6436,0.66537
4.6797,0.66066
4.5069,0.66915
4.4002,0.68421
4.5006,0.67152
4.3445,0.68248
3.6451,0.71736
3.8273,0.70218
3.3781,0.74124
5.1394,0.63441
4.3411,0.68504
4.4696,0.67281
3.3784,0.72912
3.6628,0.70836
4.0428,0.68115
3.1642,0.75082
3.5607,0.72351
3.6538,0.72244
3.4463,0.7378
4.1456,0.69032
4.0094,0.70258
4.0655,0.69587
4.1167,0.69142
4.56,0.66701
4.3112,0.6804
4.1471,0.68954
3.5726,0.71214
3.1695,0.75517
3.5943,0.71987
4.6377,0.66285
4.6404,0.66097
4.3306,0.67706
3.5994,0.7143
3.9439,0.69909
3.4467,0.71713
3.4063,0.72792
3.428,0.72674
3.1673,0.7515
3.3979,0.73028
3.0032,0.76295
2.9218,0.76969
3.8146,0.70978
3.4381,0.7272
4.5348,0.66473
4.5236,0.67522
4.6199,0.66349
4.4994,0.66876
5.0439,0.64039
3.116,0.75455
3.202,0.74648
3.5162,0.719
3.3582,0.73195
3.4709,0.72544
2.8583,0.77125
3.7366,0.71694
3.4019,0.72106
3.1943,0.7447
3.1539,0.74445
3.2125,0.73527
3.2166,0.74195
3.2688,0.72806
3.152,0.73992
3.3341,0.72894
3.0558,0.74746
3.9146,0.70479
3.9087,0.69827
3.4284,0.73772
3.4498,0.72094
3.3457,0.72925
3.5075,0.71228
3.3486,0.71876
3.1283,0.74925
4.6976,0.65521
3.1629,0.73756
3.3703,0.72345
4.7437,0.6517
3.3408,0.72606
4.0136,0.69311
3.1462,0.7462
2.8256,0.77249
3.9938,0.68625
3.9191,0.69286
3.4393,0.72842
3.3096,0.7345
3.4739,0.71699
2.898,0.76902
3.1215,0.74265
3.2391,0.73586
3.2252,0.73092
4.1205,0.68271
3.3287,0.72652
3.1565,0.74222
3.4372,0.71512
4.0604,0.68589
4.4427,0.66497
4.393,0.66696
3.7485,0.71093
3.9802,0.69137
4.1862,0.68233
3.838,0.6974
4.2627,0.67771
3.2808,0.7331
3.0144,0.75263
3.2908,0.73089
3.2128,0.73444
4.0563,0.68863
4.2442,0.67746
4.0691,0.68781
3.4229,0.71986
4.0988,0.68398
4.1014,0.68782
3.8794,0.70048
3.1668,0.73935
4.1255,0.68466
4.0159,0.69191
4.3439,0.67433
4.1818,0.68004
3.4537,0.73212
4.1046,0.6812
3.7131,0.71161
3.0663,0.74837
3.8601,0.69979
3.7599,0.71328
3.9659,0.69571
3.0077,0.74913
3.5855,0.7215
3.836,0.69748
2.711,0.78662
2.9746,0.75627
3.377,0.73054
3.8985,0.70009
3.6487,0.7126
3.9305,0.6976
4.3212,0.66767
3.2465,0.74302
4.0075,0.69175
3.8987,0.6976
3.9158,0.70297
4.3042,0.66992
3.7275,0.70843
4.228,0.67683
4.4826,0.66448
3.289,0.73677
3.083,0.74307
2.9079,0.76132
3.3645,0.71878
3.0744,0.74549
3.2224,0.73351
3.3637,0.71994
3.1584,0.74915
4.3276,0.66696
4.2113,0.68224
3.8561,0.7
3.6287,0.71631
4.1523,0.68595
4.1157,0.68018
4.1634,0.68453
4.3324,0.66969
3.9071,0.70488
3.3023,0.73384
3.1183,0.73879
3.6038,0.71815
4.2849,0.67147
3.9352,0.69797
3.9646,0.69376
3.7906,0.70383
3.9295,0.69858
3.9638,0.69106
4.4932,0.66614
3.8212,0.70178
3.7806,0.70234
3.3979,0.7329
3.8812,0.69334
2.9759,0.76652
4.1769,0.67978
3.2562,0.73969
3.9332,0.69736
3.3987,0.72429
3.0118,0.7574
3.5195,0.7152
4.0218,0.69246
4.6702,0.65491
3.4131,0.72715
3.1301,0.75031
3.1646,0.74358
3.5971,0.71478
3.5027,0.71637
4.3338,0.67063
4.1511,0.68026
3.2617,0.72089
4.2028,0.67963
4.1995,0.67641
3.5237,0.71855
4.0622,0.68109
4.6837,0.64807
3.3929,0.72888
3.9446,0.68612
5.2717,0.63236
6.1031,0.59033
5.8197,0.60157
5.7911,0.60049
3.7257,0.70481
5.5323,0.6207
5.5178,0.60995
5.5511,0.61442
3.549,0.72557
3.2346,0.73352
3.8116,0.7032
3.9335,0.69324
2.7852,0.77677
2.7314,0.78167
3.8762,0.69061
3.3759,0.72819
3.8196,0.69667
3.7802,0.70275
3.0692,0.75127
4.0294,0.68257
3.1564,0.74237
4.1117,0.67565
3.836,0.70211
3.8105,0.70159
3.2495,0.73529
3.048,0.75767
3.2707,0.72771
2.8861,0.7693
3.1158,0.74511
2.8862,0.76909
3.0482,0.75086
3.0376,0.75169
2.6397,0.79484
3.3424,0.72383
2.6925,0.78545
3.117,0.73838
3.0172,0.7528
2.7241,0.78258
4.4932,0.65421
4.661,0.64902
3.025,0.75009
2.801,0.76987
3.0685,0.75177
3.0878,0.74458
2.8141,0.76895
3.1591,0.73649
3.0523,0.75456
2.8695,0.76164
2.7511,0.75975
2.701,0.77487
4.2071,0.67595
2.9274,0.74871
3.5986,0.71574
5.024,0.63428
3.5508,0.7132
3.0251,0.75035
3.6732,0.70355
3.6112,0.70932
3.0383,0.74988
3.9529,0.69457
2.8554,0.75641
3.0435,0.75901
3.053,0.75053
3.1115,0.74538
2.8587,0.76841
3.0747,0.74162
2.815,0.77521
3.1672,0.73881
3.1753,0.73905
2.799,0.77054
2.8179,0.76994
3.0718,0.74791
3.8559,0.69146
3.1057,0.75229
3.8518,0.6994
3.8901,0.69896
3.103,0.74857
3.6864,0.70177
3.2795,0.7343
3.5583,0.71361
3.559,0.70994
3.5619,0.71036
3.7422,0.69458
3.4037,0.72323
2.5862,0.79281
3.1489,0.74338
3.6941,0.70349
3.5732,0.70651
3.1228,0.74954
3.1839,0.73513
2.8306,0.76887
3.7631,0.69571
3.9404,0.69294
3.5907,0.70957
3.2811,0.72543
3.2266,0.74324
3.4724,0.71292
3.3111,0.72666
2.936,0.75732
3.2745,0.72513
3.0215,0.75398
3.2527,0.7307
3.1343,0.74191
2.9769,0.75041
3.0899,0.74282
3.0783,0.7488
3.1447,0.74196
3.0258,0.75086
3.4839,0.71623
3.1448,0.74648
2.8302,0.7842
3.5182,0.71161
3.0347,0.75803
3.2556,0.73584
3.42,0.72149
3.31,0.74097
3.2855,0.73219
3.1544,0.74334
3.815,0.69962
3.488,0.71716
4.4694,0.65732
3.3459,0.72389
4.1642,0.68598
3.9382,0.69182
3.1999,0.73983
2.9737,0.75603
4.1359,0.67606
3.9208,0.69452
3.909,0.69194
3.6732,0.71197
3.7477,0.70285
3.888,0.69305
3.7845,0.69993
4.5926,0.6506
3.6723,0.70756
4.5699,0.65402
3.462,0.72439
3.0773,0.75158
3.7715,0.69793
3.0239,0.75513
4.1993,0.67297
4.0647,0.68649
3.4062,0.72369
3.0507,0.74952
2.6073,0.79331
2.9195,0.75815
5.0395,0.62981
4.7216,0.64291
3.5633,0.70469
4.2271,0.67599
4.7243,0.64496
3.324,0.72894
3.5689,0.71726
3.3301,0.72482
3.1639,0.74297
3.1432,0.74079
2.9621,0.76202
2.9314,0.75999
3.2897,0.72875
3.2174,0.7407
2.9214,0.75041
2.8848,0.74965
4.0927,0.68419
5.0554,0.63405
4.8389,0.64455
4.0612,0.67722
5.211,0.62764
5.1524,0.62708
2.6498,0.77991
2.6918,0.76663
2.4333,0.79644
2.0845,0.84353
4.6641,0.64411
2.7817,0.76354
4.9904,0.64114
2.8778,0.75339
4.2029,0.67421
3.8001,0.69221
4.5741,0.64947
4.2253,0.67393
5.0192,0.63567
4.7111,0.65305
3.1423,0.74562
3.5581,0.71981
3.072,0.74906
2.9227,0.76338
2.5815,0.77659
3.4289,0.71626
4.3966,0.6631
3.4553,0.71712
3.0183,0.75123
4.953,0.6335
4.5584,0.65083
4.0326,0.68709
3.6594,0.7059
4.5002,0.66012
4.2666,0.67478
3.6306,0.70705
4.0769,0.68569
3.4501,0.7213
4.5424,0.65445
3.6927,0.70203
3.407,0.72098
3.5257,0.70947
3.0704,0.7441
3.2124,0.74568
3.0042,0.75258
3.4126,0.72205
3.1699,0.73664
3.3422,0.72226
2.8028,0.7725
3.5234,0.71799
3.0696,0.74861
3.521,0.71678
3.1762,0.73485
4.0187,0.6905
3.4817,0.72198
4.6224,0.64897
4.4575,0.66334
3.3006,0.72392
4.2821,0.67072
3.4161,0.72051
3.659,0.71215
3.0902,0.7475
2.8746,0.76593
3.4083,0.73305
3.4168,0.72414
3.7582,0.70547
3.6414,0.71332
3.7194,0.70766
3.4494,0.71925
5.279,0.61794
3.6233,0.71411
3.5779,0.70969
3.2991,0.73055
3.9214,0.69044
3.662,0.69997
3.4838,0.71696
3.8803,0.69208
3.979,0.68795
3.6822,0.71301
3.828,0.69917
2.5695,0.79909
2.8088,0.76771
3.3246,0.73261
3.6454,0.7118
3.2736,0.7377
3.7625,0.70446
3.4737,0.72283
3.136,0.73927
3.6291,0.71581
4.0455,0.68744
3.6113,0.70529
3.414,0.71715
4.1937,0.67466
3.6816,0.69907
3.0654,0.75117
3.3486,0.72674
3.8445,0.69559
3.1947,0.74197
3.2966,0.72559
3.2195,0.73658
3.2358,0.73611
3.3959,0.72222
3.6107,0.71569
3.8441,0.69509
3.8148,0.70323
3.6012,0.71182
3.6631,0.70939
4.0628,0.68302
3.3131,0.72856
5.1145,0.63049
3.6304,0.7105
3.8224,0.6972
3.4173,0.73032
4.0555,0.68203
5.1214,0.6358
3.9026,0.69286
4.9092,0.64421
4.0908,0.68114
3.6009,0.71367
4.8161,0.64869
3.3849,0.72561
3.3344,0.73361
3.0492,0.74579
5.1686,0.62134
3.805,0.70053
4.1957,0.6759
3.1725,0.74037
3.2748,0.73365
3.187,0.73386
2.944,0.762
3.3977,0.72205
3.0207,0.75262
3.2545,0.73302
3.2747,0.73291
2.5219,0.79922
3.5226,0.71402
3.0957,0.75036
3.0772,0.7505
4.8779,0.63721
4.1997,0.67616
3.8781,0.69282
3.4298,0.72911
3.8547,0.70137
3.4478,0.72552
3.5311,0.71404
3.9124,0.68545
3.7786,0.69832
3.6221,0.71176
3.543,0.71527
4.0076,0.69054
3.8991,0.69059
2.6897,0.78025
3.1157,0.73958
3.4979,0.71266
3.6225,0.71022
3.863,0.69046
3.5307,0.71697
3.3323,0.73159
4.2431,0.67061
3.9137,0.69061
3.8561,0.68857
3.934,0.69088
3.8875,0.6932
3.7458,0.70382
3.327,0.73826
4.0187,0.6847
2.9933,0.75602
3.8116,0.69405
3.6465,0.71089
3.8591,0.69355
4.1607,0.67321
3.6094,0.71199
3.8272,0.69575
3.9134,0.69092
3.5375,0.71808
3.5584,0.7116
3.1535,0.74706
3.7448,0.69996
3.7003,0.70237
3.6999,0.70674
4.1382,0.68052
3.3736,0.7346
3.4631,0.72111
2.9287,0.76098
2.9007,0.7593
3.5163,0.71375
5.4419,0.61792
3.8939,0.69316
2.3338,0.80995
3.4858,0.72207
3.8046,0.70163
5.0786,0.63765
3.7931,0.69859
4.2458,0.67557
3.9373,0.69271
3.8402,0.70241
3.9914,0.69033
3.8603,0.70048
3.3625,0.72959
3.4829,0.71889
3.1932,0.73596
2.9588,0.75929
3.2425,0.72906
2.9023,0.76194
3.348,0.72087
3.0816,0.74332
3.0552,0.74471
3.0449,0.74585
2.9916,0.76518
3.7255,0.70271
3.2615,0.73411
3.5314,0.71253
3.0962,0.7385
3.4103,0.72825
3.2704,0.72416
2.962,0.75309
3.0555,0.7471
3.3801,0.72288
2.907,0.75952
3.6324,0.70838
2.7953,0.76764
3.0236,0.74593
5.2445,0.62051
3.4737,0.72417
5.4539,0.61202
3.427,0.72204
2.9486,0.75897
3.9615,0.68943
3.0132,0.75208
3.1606,0.73314
3.5202,0.71983
3.4694,0.72693
3.6632,0.71051
3.6374,0.70797
3.7857,0.69293
3.6202,0.70735
3.6314,0.70534
2.8408,0.76014
2.9299,0.75655
2.9071,0.75312
3.1761,0.74261
3.6721,0.70119
3.6374,0.7089
3.41,0.72524
3.3351,0.7211
2.9513,0.75231
3.1465,0.74598
3.2799,0.74
2.5126,0.7945
3.1969,0.74199
3.021,0.75829
3.169,0.73516
3.8173,0.69663
2.908,0.76237
2.944,0.75622
3.5587,0.71645
3.7036,0.69838
3.6592,0.70636
4.3019,0.66784
4.1271,0.67675
3.4632,0.72214
3.8066,0.69707
4.3477,0.66325
3.2856,0.73104
4.5665,0.64907
3.0348,0.74338
4.1239,0.67685
4.4719,0.65513
3.7303,0.70867
3.9576,0.69039
2.703,0.78089
3.4611,0.71255
5.5211,0.60803
3.1877,0.73523
3.3307,0.72286
3.1037,0.73655
3.6638,0.69573
4.7769,0.64129
3.5742,0.70951
4.6172,0.64656
4.8246,0.63193
3.6225,0.69855
3.1798,0.74056
2.6536,0.78262
3.6571,0.71127
3.762,0.70415
2.8301,0.76167
2.5277,0.79412
3.0457,0.74698
3.1401,0.73743
3.556,0.71676
5.3289,0.62235
3.3988,0.73169
2.8972,0.76543
3.5144,0.71629
4.3936,0.66447
4.4461,0.6596
2.9579,0.75892
5.1685,0.62287
5.5674,0.60501
3.5198,0.71328
4.5709,0.65081
5.3346,0.61658
4.9129,0.63411
3.8454,0.69372
3.0106,0.75232
2.6961,0.78059
3.2664,0.74131
3.8989,0.68915
4.1649,0.6765
3.6335,0.71284
4.9228,0.64053
2.7512,0.77384
3.0499,0.74084
2.9176,0.76057
2.9867,0.75584
3.0532,0.74541
3.0236,0.75008
5.2579,0.62
4.3183,0.66921
5.2457,0.62293
4.0793,0.68272
4.6083,0.64816
3.455,0.71081
3.0652,0.74757
4.1756,0.67526
3.1395,0.7407
5.0913,0.63069
4.6991,0.6472
3.7305,0.70701
2.7175,0.77299
3.0371,0.74719
2.8097,0.76342
2.8823,0.75797
2.4869,0.80088
3.1243,0.73972
3.0243,0.75062
3.0331,0.74718
3.3429,0.72425
5.4109,0.61567
3.072,0.743
3.1012,0.74918
3.2692,0.73303
3.2267,0.72972
3.102,0.75508
3.7459,0.70374
3.8855,0.69338
3.9788,0.68411
3.9287,0.68627
3.8503,0.69626
3.7252,0.7074
3.7683,0.7034
3.8556,0.69674
3.7149,0.70188
3.1713,0.74443
3.2949,0.73295
3.3579,0.72888
3.1533,0.74943
3.4524,0.72401
3.2497,0.74013
4.9471,0.6344
3.3043,0.73521
3.5878,0.71107
3.4481,0.71888
3.1528,0.74332
3.615,0.70752
3.222,0.73473
3.4866,0.71443
4.6588,0.64355
5.3532,0.61729
4.7146,0.64002
4.6541,0.64517
3.2637,0.73042
3.0966,0.74264
5.1835,0.62392
4.5985,0.64854
2.8618,0.76479
4.9831,0.63328
3.6715,0.70234
2.7233,0.77605
3.2563,0.72477
3.809,0.69145
3.5963,0.70586
3.2346,0.72792
2.9888,0.75344
3.2245,0.72836
2.9811,0.74818
3.1623,0.73365
2.9235,0.7545
3.5598,0.70724
3.952,0.68667
4.126,0.67814
4.0028,0.68492
4.3109,0.65849
2.9321,0.75968
2.7269,0.76974
2.869,0.76445
3.0948,0.74506
3.0155,0.74967
2.9489,0.75861
2.9743,0.75058
2.8351,0.76679
2.9406,0.75999
4.2176,0.67065
3.5725,0.71897
3.4362,0.71812
2.6945,0.78076
3.0887,0.74104
2.8137,0.76376
3.3123,0.72391
3.3303,0.71938
3.5079,0.71106
3.2028,0.73219
3.302,0.72155
4.3399,0.6612
3.4647,0.71675
2.9546,0.75331
2.9778,0.74495
4.1314,0.67002
3.9185,0.68708
2.9101,0.7571
3.7995,0.69309
3.5919,0.70756
2.9316,0.75079
2.7309,0.77283
4.3697,0.65592
2.9258,0.7528
3.1258,0.74065
2.8888,0.76329
4.938,0.63544
3.3093,0.72438
3.25,0.73255
3.4036,0.71621
2.9575,0.75703
3.1533,0.73916
3.1469,0.73853
2.9499,0.75523
3.2699,0.72675
5.3526,0.6181
4.5923,0.65812
2.5666,0.7845
2.8781,0.7564
4.3695,0.65891
4.1911,0.67164
4.2438,0.66542
3.848,0.6873
2.2684,0.81734
2.7994,0.75935
2.748,0.76936
3.1045,0.74152
2.9544,0.75309
2.7939,0.76716
3.0499,0.74042
2.3359,0.80467
3.0145,0.74719
3.5816,0.70482
3.8016,0.70094
3.2871,0.73021
3.2048,0.73992
3.7631,0.69588
3.8141,0.69268
3.2751,0.7329
2.1426,0.82957
2.3391,0.80547
2.377,0.80499
2.5265,0.7951
2.3175,0.8122
2.3717,0.80407
2.0849,0.84352
2.4311,0.79994
2.6333,0.7769
2.8463,0.76514
2.8416,0.75598
2.5965,0.78596
2.9634,0.74599
2.6617,0.78217
4.5272,0.65226
4.035,0.67538
4.455,0.65453
3.8248,0.68615
3.7468,0.69303
4.4626,0.65213
3.9239,0.68353
4.3133,0.66545
3.824,0.68883
3.5724,0.70644
2.5834,0.78411
2.5099,0.78259
2.2567,0.82321
2.6655,0.77663
2.7111,0.77235
2.9688,0.75183
3.0729,0.73884
2.2068,0.81868
2.8743,0.75347
2.9548,0.75091
2.7725,0.76639
2.6558,0.78013
2.6439,0.77569
4.3377,0.6584
4.2876,0.65793
2.4495,0.79071
4.2528,0.65963
2.2518,0.81187
2.7666,0.77145
4.269,0.66109
3.5608,0.70879
3.4978,0.70797
3.4478,0.71649
3.8744,0.6806
4.4155,0.65934
3.6981,0.69965
2.2976,0.8195
2.3055,0.81816
2.3229,0.80711
3.1168,0.73641
3.6185,0.69416
2.7978,0.76327
3.6662,0.69467
2.7723,0.76735
2.4491,0.79176
2.6983,0.77242
2.9446,0.75059
2.478,0.79205
2.534,0.78648
2.5141,0.79628
2.7151,0.76607
2.8182,0.76159
2.9315,0.75111
2.8916,0.75195
2.9566,0.75082
3.9715,0.67386
2.2456,0.81495
2.4059,0.79856
2.2478,0.81068
2.5867,0.77707
4.5915,0.64416
2.626,0.77844
2.5172,0.78642
2.633,0.77512
2.13,0.8281
2.2183,0.81761
2.1666,0.8203
2.5533,0.7785
2.2547,0.81015
2.3868,0.799
1.8307,0.86487
3.8455,0.68461
3.3404,0.71489
2.451,0.79236
3.6506,0.6974
3.4726,0.7114
2.2862,0.80244
2.149,0.82193
4.8743,0.62426
2.8762,0.75729
2.7191,0.77095
2.9213,0.75131
2.5314,0.77768
2.4751,0.78863
2.0348,0.83117
2.2243,0.81143
1.975,0.84025
2.6277,0.77205
2.5552,0.77301
2.432,0.78196
2.53,0.78397
3.3115,0.71394
2.1146,0.82277
2.266,0.80298
1.4902,0.91247
3.3963,0.71381
3.6564,0.69224
3.2165,0.71861
3.7103,0.69262
2.9793,0.74583
3.4754,0.70565
3.4252,0.70265
1.5995,0.88634
3.3814,0.7061
3.5205,0.69424
2.151,0.81679
1.8862,0.84777
1.9046,0.84726
1.9538,0.83672
1.9709,0.83224
1.8644,0.84663
1.9182,0.83341
2.0319,0.82709
1.8952,0.84898
1.5629,0.89827
3.913,0.67188
1.7912,0.85813
3.2146,0.71986
1.8171,0.85194
2.1232,0.82179
2.1257,0.81772
1.3848,0.90972
1.886,0.84638
1.5108,0.89481
2.3205,0.79831
1.2831,0.93742
1.3783,0.91237
1.7878,0.85702
1.8929,0.84229
1.8219,0.86069
2.1586,0.80941
1.6306,0.87079
1.9126,0.83897
2.076,0.82131
1.5401,0.88774
1.4604,0.90072
1.8902,0.84157
1.5615,0.88263
1.8537,0.85229
2.2827,0.79181
1.902,0.84081
2.0448,0.81629
1.525,0.8963
3.7274,0.6709
3.2442,0.71168
3.5224,0.68617
1.8677,0.8352
1.7716,0.85654
1.812,0.84273
1.5214,0.89403
2.108,0.79976
1.7938,0.84823
1.7122,0.85775
3.1941,0.70442
1.7736,0.84963
1.9616,0.81963
1.2345,0.9354
2.0139,0.80898
1.9489,0.82711
2.0534,0.8125
2.2971,0.78052
2.4143,0.76662
2.0025,0.81824
2.145,0.79853
2.3248,0.77976
1.775,0.84631
2.1472,0.79684
2.806,0.73448
3.0679,0.70794
3.7033,0.6623
3.3953,0.67935
1.6595,0.86253
3.8689,0.65564
1.9438,0.82581
3.6444,0.67039
3.6578,0.66382
4.0793,0.63653
3.8293,0.65274
1.4759,0.88781
3.7493,0.6589
1.5425,0.86962
2.0712,0.79653
3.4555,0.67124
4.5452,0.60153
3.6105,0.66548
3.7787,0.65719
3.4863,0.66961
3.7513,0.65215
3.607,0.66672
3.5543,0.664
1.8893,0.81784
1.9057,0.81677
1.7915,0.81674
1.8543,0.8124
1.8403,0.82793
1.9207,0.80953
2.0823,0.79466
1.684,0.84044
3.5222,0.6617
3.1128,0.69528
1.4727,0.87899
1.7249,0.83172
2.2971,0.77193
4.1628,0.62498
3.9367,0.63648
3.5741,0.65935
3.4976,0.66355
3.5224,0.66189
3.1919,0.68422
3.3137,0.67683
3.5598,0.66035
3.9034,0.63157
3.5016,0.66071
3.7474,0.63967
1.6541,0.84249
3.6102,0.65297
1.8587,0.81433
3.5035,0.6611
3.9536,0.62574
1.6713,0.8378
3.5606,0.65437
3.7096,0.64085
1.6648,0.83674
3.5919,0.65134
4.1227,0.61334
1.9703,0.79418
2.2673,0.76476
4.125,0.61791
2.4126,0.74353
2.396,0.7443
2.2408,0.75831
2.4758,0.73786
1.621,0.83421
2.381,0.74382
2.5636,0.72148
1.3197,0.87365
2.0075,0.78485
2.2536,0.7552
3.1773,0.68135
2.2957,0.75482
1.7981,0.80891
2.1333,0.76297
3.5471,0.64746
3.5381,0.65061
3.483,0.65444
3.4304,0.6538
3.3883,0.6599
3.6566,0.63514
1.7359,0.81735
0.51694,1.0778
1.3971,0.85825
1.4456,0.84763
3.3074,0.65673
2.436,0.73364
2.379,0.73913
1.4528,0.84222
1.8362,0.80127
2.4883,0.72342
2.2329,0.7533
2.2213,0.75655
1.5399,0.83669
1.2715,0.87517
2.2997,0.73658
3.1728,0.66709
1.3092,0.87758
3.2581,0.66732
1.8398,0.79368
1.4066,0.84732
1.3239,0.85712
1.9638,0.7733
1.8961,0.79014
3.0313,0.67663
2.3923,0.72922
1.3856,0.84962
1.2277,0.88388
1.3352,0.8547
1.4479,0.84613
1.2312,0.89006
1.2594,0.8762
1.4269,0.84781
1.9704,0.76692
1.2342,0.87441
1.5983,0.81976
2.1283,0.75357
1.4,0.85075
1.6075,0.81024
2.2923,0.73832
1.3863,0.85272
2.2363,0.74038
2.1794,0.74605
2.3303,0.7305
2.0965,0.75911
2.2383,0.74295
1.4431,0.84343
1.4559,0.83403
2.0185,0.76396
1.7737,0.80264
1.8634,0.79113
2.3272,0.72896
2.231,0.73108
2.8674,0.67998
1.1847,0.88991
3.0237,0.67551
2.443,0.71216
2.1662,0.74447
1.415,0.84517
1.9944,0.76169
2.3339,0.7181
1.4937,0.82768
2.2284,0.73989
1.993,0.77548
3.1711,0.6686
2.878,0.68969
2.3071,0.72815
1.291,0.86343
2.2025,0.73703
2.4271,0.72604
3.4495,0.64114
2.4657,0.71125
2.5181,0.7003
2.4777,0.70356
2.7084,0.6829
3.4642,0.63727
1.9923,0.77201
1.2299,0.88748
4.5246,0.56549
2.1795,0.75013
2.5947,0.69731
2.3994,0.71882
2.0641,0.7612
2.6806,0.70734
1.5058,0.8298
1.6066,0.81068
2.5274,0.70839
1.1486,0.88654
1.3611,0.84828
1.8858,0.7811
1.2395,0.8738
1.945,0.7572
1.8362,0.78742
1.6151,0.81412
1.5315,0.81141
1.2348,0.86617
2.3571,0.72315
2.1233,0.75123
2.1468,0.74853
2.1382,0.73598
1.3419,0.85682
1.8127,0.79312
2.3607,0.72199
2.2669,0.73778
1.4685,0.83091
2.1043,0.7542
2.2013,0.72848
2.4816,0.71056
1.4331,0.83684
2.8429,0.67816
2.2011,0.74271
1.9662,0.7601
1.2314,0.87746
1.5567,0.81542
1.527,0.81754
2.3711,0.72217
2.2566,0.73636
1.5215,0.82915
1.727,0.79299
1.4976,0.82626
1.4704,0.82669
1.7762,0.78843
1.3744,0.85316
1.5306,0.82793
1.4079,0.84762
1.2867,0.86489
1.5167,0.82542
1.8997,0.76755
1.4986,0.8294
1.6775,0.80265
1.604,0.80951
1.5413,0.82135
1.8018,0.77735
1.3555,0.85287
1.6421,0.80428
1.5903,0.81573
3.4095,0.63386
2.3317,0.72167
2.4173,0.7087
2.0652,0.75243
2.2701,0.73355
1.2698,0.85695
2.8131,0.68416
3.9564,0.59432
1.3994,0.83201
1.7997,0.77912
2.6992,0.68624
2.599,0.69568
2.3018,0.72957
2.145,0.74737
2.1133,0.74721
2.4061,0.71838
2.561,0.69902
2.5336,0.69704
1.504,0.81821
1.576,0.81326
2.2183,0.73075
2.3632,0.71579
1.9035,0.76602
2.4689,0.7091
3.8121,0.60628
1.2593,0.87684
1.4624,0.84294
3.2006,0.65555
3.3822,0.64004
1.7282,0.80251
3.3275,0.63949
3.2467,0.64829
3.4462,0.63434
2.0132,0.76013
2.2533,0.73617
1.588,0.81662
1.29,0.86072
1.8548,0.78804
1.8296,0.78806
1.3747,0.85422
2.6961,0.68464
1.559,0.8226
2.0732,0.73689
2.9515,0.67614
2.4138,0.72169
2.8518,0.68457
1.3581,0.85027
1.6019,0.80315
1.3076,0.85742
1.4575,0.83138
1.274,0.86633
1.0316,0.92174
1.3532,0.8584
1.8779,0.77291
1.3641,0.85205
2.3165,0.72731
2.0196,0.75512
1.2386,0.86648
1.3301,0.85491
3.6022,0.62477
4.0421,0.59393
4.3874,0.56481
3.2647,0.64612
2.7853,0.67887
2.9499,0.6745
3.3527,0.6353
3.3652,0.64246
2.947,0.65972
2.5125,0.70656
4.2571,0.57955
2.6723,0.68764
1.1832,0.88444
1.0339,0.92026
1.2584,0.87076
1.4994,0.82458
1.3865,0.84541
1.1448,0.89378
2.256,0.72822
1.5001,0.8217
1.4053,0.83699
1.5389,0.81431
1.4394,0.83377
1.3295,0.84768
0.9545,0.94069
3.0444,0.67389
1.7493,0.80223
3.2842,0.65259
1.5352,0.81157
2.0856,0.75757
1.3271,0.8556
2.9451,0.67945
1.3604,0.85146
2.2298,0.74032
2.8822,0.68574
1.1272,0.89697
3.0091,0.67971
1.5602,0.82641
1.4235,0.83472
3.553,0.63162
1.6995,0.7996
1.8183,0.789
2.0123,0.76709
3.0184,0.67738
2.8526,0.69159
3.0912,0.6644
2.7931,0.6939
1.8476,0.79219
2.6173,0.69876
1.5718,0.82213
2.3965,0.72219
2.6835,0.69325
1.4998,0.83066
2.7808,0.68438
4.1074,0.58901
2.2751,0.73142
2.2039,0.74628
1.0476,0.9248
2.3393,0.72624
3.531,0.62559
1.8207,0.78808
1.581,0.82714
3.4071,0.63422
2.9022,0.67807
2.1977,0.7295
1.3692,0.84771
2.7505,0.67855
1.3559,0.86053
1.3696,0.8497
3.8301,0.60198
1.5795,0.81726
1.5643,0.81356
1.7484,0.80435
1.6111,0.80815
1.7571,0.78658
2.6613,0.69047
2.1867,0.74455
2.9686,0.66973
1.4216,0.8398
1.5023,0.82301
1.888,0.76903
1.511,0.82324
2.3182,0.72215
1.5829,0.80567
0.91615,0.95253
1.6897,0.80306
1.1624,0.89486
1.3457,0.85304
1.7977,0.77948
1.1908,0.87982
1.6909,0.80455
1.9039,0.78192
1.0657,0.91432
2.1303,0.75245
1.489,0.83663
1.3061,0.86591
1.0974,0.91332
1.0371,0.92158
1.0326,0.91744
1.5252,0.84099
1.3389,0.86082
1.2755,0.86735
1.1215,0.89518
1.0102,0.92441
1.7666,0.79852
1.1083,0.90326
1.1248,0.90679
1.396,0.84969
1.1286,0.89705
1.2471,0.87187
1.1898,0.88069
1.2508,0.87088
1.7278,0.80778
2.1179,0.74843
1.5094,0.82254
1.8972,0.78054
0.92378,0.94528
1.172,0.88354
1.2242,0.8763
1.2833,0.86397
1.1926,0.89614
1.9912,0.77789
1.0752,0.91009
3.031,0.66614
1.6037,0.81966
0.99552,0.93311
1.9619,0.76599
1.5706,0.81883
1.7221,0.79754
1.8139,0.78714
1.3029,0.86247
1.9379,0.76963
1.2582,0.8825
2.5984,0.69966
3.2554,0.64329
1.5149,0.83155
1.5052,0.82608
1.2688,0.86998
1.4616,0.83617
1.7695,0.79575
1.6734,0.81536
1.6207,0.81746
1.8744,0.77527
0.99939,0.93321
1.3528,0.84663
1.3271,0.85816
1.8802,0.77672
1.1071,0.90479
1.0503,0.91687
1.1515,0.89347
1.0523,0.91787
0.94149,0.94804
1.5936,0.82314
1.0333,0.92215
1.246,0.87606
1.5135,0.8322
1.1434,0.90143
1.4284,0.84014
1.6932,0.80044
1.4776,0.84208
1.0954,0.91093
1.9482,0.77405
1.5921,0.81931
2.0797,0.75236
1.886,0.78317
1.6247,0.81156
1.5793,0.81648
1.4099,0.84978
0.96882,0.94862
1.032,0.92721
0.89326,0.96261
1.556,0.83055
1.2675,0.87561
1.1457,0.88963
1.8175,0.78399
1.2443,0.87473
1.2066,0.88201
1.1185,0.90269
1.0533,0.9148
1.6059,0.81406
1.0108,0.92518
1.2497,0.86826
1.1613,0.88847
1.0356,0.92032
1.7561,0.79998
1.2635,0.87393
1.0843,0.90554
1.1034,0.90255
1.229,0.87793
0.90921,0.9525
1.2699,0.86074
1.1448,0.89168
0.91057,0.95307
1.7138,0.81131
1.3686,0.84524
1.9259,0.77359
1.3253,0.86012
1.4297,0.84383
1.0558,0.91715
0.94427,0.95168
0.93522,0.94846
1.2523,0.87474
1.1217,0.90398
1.3279,0.86643
2.4923,0.71461
1.1634,0.89021
0.83506,0.97213
1.682,0.81534
1.3501,0.85634
0.88097,0.95793
0.92434,0.95072
0.85996,0.95724
0.98919,0.9313
0.9468,0.94559
1.0729,0.91632
1.062,0.91893
1.3309,0.85472
0.97397,0.93433
2.0394,0.76246
1.2335,0.87689
0.84046,0.97278
1.1496,0.89638
0.96449,0.93943
0.94573,0.94369
1.1999,0.88186
1.3178,0.87183
1.0179,0.9254
0.98245,0.93385
1.2264,0.88008
1.0134,0.92082
1.5148,0.82472
0.9905,0.93467
1.2483,0.87828
1.6426,0.81082
0.9978,0.92757
1.0732,0.90999
1.2483,0.86814
0.93451,0.94517
1.1821,0.89158
1.1382,0.89453
1.0426,0.91613
2.0024,0.75436
1.3899,0.85319
2.5556,0.71265
1.1965,0.88222
1.4012,0.85552
1.1231,0.90623
2.6361,0.69627
2.6881,0.69969
2.82,0.69122
1.6963,0.80722
1.4609,0.83858
0.97277,0.93209
0.77098,0.99175
1.3452,0.86408
2.9876,0.66194
2.4795,0.71795
1.5555,0.80948
1.2097,0.89253
1.6502,0.80961
1.4668,0.82787
1.4532,0.84334
1.8803,0.78435
1.137,0.89891
0.97965,0.92581
1.1857,0.884
0.93535,0.94621
1.175,0.88632
1.5209,0.82637
1.3241,0.86475
1.1386,0.89189
1.1728,0.89793
2.5177,0.70774
1.7477,0.80299
2.1487,0.75082
1.7095,0.79688
1.1213,0.89475
1.3192,0.86891
1.7986,0.79363
1.6345,0.82565
0.82493,0.97824
1.0906,0.9043
1.6244,0.82369
1.0009,0.92647
1.7501,0.79009
0.80082,0.98098
1.1435,0.90383
1.3018,0.87129
1.7653,0.8026
1.6888,0.79127
1.0526,0.91614
1.6156,0.80775
1.3867,0.8431
1.2022,0.8811
1.2348,0.87618
1.3946,0.84753
0.91481,0.94854
1.4886,0.82552
1.7828,0.78838
1.746,0.80025
1.2358,0.87178
1.9683,0.76823
1.6333,0.82183
1.1435,0.88968
3.1257,0.66298
1.0823,0.91548
1.0723,0.9203
1.0378,0.92229
1.3313,0.86674
1.0057,0.92112
0.92337,0.94313
1.49,0.8281
1.225,0.87497
2.3426,0.73657
1.0911,0.92032
1.0606,0.91073
0.97586,0.92979
1.2632,0.86026
1.0437,0.92518
0.95538,0.95488
2.1391,0.76243
1.5355,0.82018
1.107,0.90557
1.1811,0.88145
2.9381,0.66762
2.4233,0.71972
0.83327,0.97486
2.1853,0.74552
1.0404,0.91003
2.2022,0.7429
1.3258,0.85133
2.5139,0.70789
0.93762,0.94657
0.92163,0.95517
0.81306,0.97946
0.81335,0.97224
1.7882,0.8
0.88397,0.9541
1.3227,0.85978
1.1925,0.88745
1.1732,0.88679
1.1533,0.88973
1.16,0.89341
1.0851,0.90954
1.1777,0.8867
1.1244,0.89722
1.002,0.92258
1.1846,0.88148
1.9882,0.76555
2.657,0.70171
1.3184,0.85211
1.1168,0.89641
1.3285,0.85519
1.0859,0.90429
1.3532,0.85315
1.3589,0.84533
2.1084,0.75732
2.1706,0.74423
1.4611,0.8345
1.9865,0.76853
1.8774,0.77627
2.0746,0.76766
1.2184,0.87512
0.92427,0.93919
0.9607,0.93906
3.0068,0.67241
1.234,0.87929
0.96649,0.94819
2.4188,0.73312
1.1267,0.90361
0.72809,1.0002
1.2612,0.87509
1.9463,0.77418
1.4186,0.84352
1.8325,0.79705
1.0447,0.9202
1.0272,0.92369
1.0401,0.91869
0.93912,0.94212
1.0168,0.92729
1.6415,0.81005
1.629,0.82168
1.0576,0.91382
2.8231,0.67257
1.4795,0.83396
0.93135,0.93882
1.0318,0.92053
1.0674,0.91213
1.9973,0.76201
1.3362,0.85699
1.5393,0.82321
0.85065,0.96913
1.2678,0.86949
1.2289,0.87355
1.1367,0.8941
1.2488,0.88054
1.2391,0.87805
2.0616,0.74949
0.74764,0.99902
0.86883,0.96435
0.86799,0.96451
0.90218,0.95853
0.91355,0.95347
0.9086,0.95149
0.81981,0.97372
2.3068,0.73114
1.505,0.83867
1.2695,0.86766
1.0937,0.91198
1.1191,0.90193
2.2572,0.73772
0.89636,0.96034
1.3878,0.84752
0.74552,0.99449
3.2736,0.638
1.4244,0.84578
1.64,0.81124
1.7344,0.79719
1.0183,0.92403
1.0725,0.91155
1.0487,0.91186
2.5001,0.71241
2.5495,0.70401
1.0952,0.90811
3.1047,0.65419
2.155,0.7422
1.438,0.84182
1.85,0.77562
1.3751,0.84974
0.85761,0.95804
2.052,0.75311
1.237,0.87325
1.2484,0.8668
1.1735,0.88724
1.1105,0.89967
1.2099,0.88474
0.93713,0.93798
1.8972,0.77681
0.95711,0.93571
1.2886,0.86943
1.0458,0.91428
1.1072,0.89249
1.1912,0.88375
1.0374,0.91146
2.2649,0.73652
1.0729,0.90727
0.97649,0.92854
1.2383,0.87305
1.0654,0.91033
1.262,0.87232
2.2823,0.72827
1.0335,0.91821
3.2206,0.66066
2.9278,0.67673
2.3229,0.72518
1.7885,0.79834
0.66166,1.0333
2.7303,0.69161
0.7449,0.99695
1.1842,0.89224
2.6386,0.70553
0.93531,0.94436
1.09,0.91229
1.2518,0.86752
1.1571,0.88819
0.92092,0.95449
2.8226,0.67999
1.9257,0.7771
1.1169,0.90399
2.4746,0.72591
0.89822,0.94911
2.3459,0.72971
1.071,0.90956
4.1039,0.59321
1.7484,0.79881
1.0073,0.92722
1.6603,0.80755
1.3621,0.85621
1.0588,0.91642
1.9522,0.76171
1.6508,0.81597
3.303,0.64818
1.8341,0.78581
1.0995,0.90179
1.4312,0.84481
1.4937,0.81938
1.55,0.81977
3.6013,0.62279
2.0846,0.75718
1.6329,0.8076
3.2885,0.64125
1.3845,0.85383
3.3231,0.64721
1.3703,0.85201
1.3493,0.85276
1.3097,0.86889
3.5158,0.63138
2.6976,0.69859
1.3489,0.86158
2.1014,0.75242
1.1074,0.89703
1.2915,0.86306
2.069,0.75553
1.5038,0.83115
1.2508,0.86553
1.8323,0.78316
1.5126,0.82439
1.0604,0.90816
1.1683,0.89196
1.3416,0.85439
1.1917,0.88708
1.212,0.87558
1.153,0.885
0.98925,0.91676
1.4779,0.81767
1.1897,0.87767
1.4659,0.82969
2.5544,0.70292
2.0345,0.76138
2.2675,0.73353
1.9197,0.76524
1.979,0.76834
3.4903,0.62555
0.98983,0.92742
1.4671,0.83158
1.5639,0.81716
1.6835,0.79903
1.1198,0.89596
1.033,0.9172
2.0405,0.76142
1.4553,0.84096
1.6264,0.80989
1.2811,0.86853
1.0125,0.91623
1.337,0.85906
1.5825,0.81794
1.9265,0.76216
0.89282,0.95121
1.5098,0.8269
1.0212,0.9193
2.1718,0.74908
1.3588,0.86494
2.6619,0.7014
1.5455,0.82787
1.8507,0.78362
2.2568,0.73818
1.3475,0.86063
1.2049,0.87187
1.5054,0.82636
2.0793,0.75824
1.5556,0.82495
1.5203,0.82408
0.96234,0.93756
1.2472,0.86706
1.1457,0.88648
0.94821,0.93487
1.3419,0.85274
1.0041,0.92069
1.3888,0.8469
1.3353,0.85676
1.4604,0.83326
2.0292,0.76048
1.2833,0.86545
1.3367,0.86374
1.0742,0.90291
1.4593,0.82871
1.4385,0.84615
1.3175,0.86487
3.0538,0.66113
0.85313,0.9618
2.5326,0.70634
1.0719,0.9011
2.7784,0.68624
1.8547,0.76921
2.0233,0.75843
3.012,0.66739
1.0755,0.91052
1.3342,0.86116
0.86335,0.96542
2.094,0.75533
2.1872,0.7404
2.8582,0.67064
1.0537,0.90724
1.0906,0.90382
1.1215,0.89415
1.1243,0.89211
1.0498,0.90983
1.1288,0.89608
0.90846,0.94576
1.0199,0.91912
0.72473,1.0042
0.995,0.924
1.0477,0.92294
1.3591,0.85224
1.2638,0.87264
0.91043,0.94877
1.4131,0.84541
1.2392,0.87129
1.069,0.91119
1.248,0.87333
0.82599,0.96707
1.4773,0.82716
0.84617,0.96975
0.9857,0.9283
1.2912,0.85434
1.3354,0.85136
1.0634,0.90181
1.1942,0.87291
0.8401,0.96844
1.6097,0.8076
1.3248,0.85652
1.3336,0.86133
1.0019,0.92041
1.5672,0.81475
2.0869,0.75264
1.4612,0.83286
0.8613,0.95903
1.0532,0.91359
3.5442,0.62153
1.7778,0.78656
3.5784,0.61803
2.4215,0.70512
2.1253,0.74368
1.048,0.90822
0.86578,0.95379
1.7683,0.80058
1.0615,0.91092
1.3579,0.85936
3.6009,0.63253
1.3225,0.86004
1.0456,0.90772
2.7144,0.68857
3.1762,0.66042
1.2233,0.8879
1.5599,0.81452
1.2946,0.86667
3.7094,0.59565
2.5024,0.69432
3.7945,0.61227
1.2754,0.8623
2.3779,0.72053
2.7222,0.68601
2.9885,0.65823
2.2538,0.73168
3.7418,0.61376
1.1337,0.89236
2.0183,0.76698
3.5716,0.64169
1.1652,0.88393
1.8169,0.78055
2.1814,0.75193
0.9346,0.94033
1.1042,0.89904
0.89937,0.94821
1.1109,0.89928
1.1187,0.89784
1.0998,0.89469
1.0034,0.91775
1.3375,0.85427
2.0071,0.75986
1.377,0.84922
1.3957,0.84389
1.381,0.84371
2.8671,0.68355
1.392,0.84684
1.4725,0.832
1.4673,0.8279
3.0231,0.65569
2.1815,0.74955
1.9546,0.7701
1.041,0.91577
1.2812,0.87055
1.4447,0.84526
1.4379,0.83837
1.2745,0.88184
1.4919,0.83231
1.3962,0.84892
0.92079,0.942
1.4263,0.84041
0.97961,0.9307
1.4538,0.84003
1.1079,0.91173
1.4834,0.8272
2.2838,0.73755
0.8796,0.96282
0.84813,0.96975
0.8364,0.97013
0.97165,0.93099
1.0435,0.91724
0.79056,0.98422
1.2753,0.8655
1.054,0.91001
1.1468,0.88736
1.1682,0.87995
1.0296,0.91877
0.85202,0.96108
1.0012,0.92836
0.98928,0.92976
1.0989,0.89674
0.9718,0.92971
1.0573,0.90775
1.7136,0.79525
0.96994,0.93525
0.97639,0.92913
1.2004,0.88527
0.95239,0.93236
1.0147,0.91772
1.9948,0.76252
2.5561,0.70733
2.8521,0.68902
0.97245,0.94053
1.1978,0.88096
2.0476,0.75399
1.9549,0.77194
2.427,0.71447
1.4964,0.8263
1.5466,0.83134
1.4457,0.84038
1.935,0.77042
1.6769,0.80576
1.3132,0.86212
0.99698,0.92236
1.2013,0.88232
1.6043,0.81649
1.0876,0.91373
1.4328,0.84505
1.4876,0.82881
0.82739,0.97292
0.86931,0.96379
1.0709,0.91785
0.99216,0.92288
0.89077,0.95963
1.3289,0.85903
1.1758,0.88574
0.84568,0.96891
0.83082,0.97232
1.286,0.87351
0.96238,0.94306
1.249,0.87458
0.98159,0.93616
1.0853,0.90141
1.4993,0.83246
1.32,0.86195
1.3668,0.85161
1.5145,0.83353
2.2736,0.74362
2.4836,0.71981
2.3176,0.74436
1.355,0.86838
2.3569,0.73631
2.6363,0.6984
1.2827,0.87061
2.7457,0.70045
3.5595,0.63202
1.0051,0.93033
2.1302,0.75958
1.4571,0.83406
1.079,0.91082
1.2958,0.86918
1.6064,0.82594
1.2586,0.87769
1.2473,0.88302
1.7501,0.80307
1.784,0.80149
1.2148,0.89127
2.0777,0.76456
2.1995,0.7422
1.6998,0.81465
1.2589,0.86905
2.5398,0.71493
2.0403,0.76879
1.5791,0.82013
2.4602,0.7175
1.9806,0.77849
0.95619,0.93583
1.1507,0.89875
1.2051,0.89812
1.9806,0.77344
3.1042,0.66899
2.3384,0.73399
1.8661,0.76508
1.5908,0.82169
3.3756,0.64959
1.7115,0.80349
1.8519,0.7758
1.4445,0.83218
1.1821,0.89537
2.2927,0.73296
2.6244,0.70905
2.766,0.68628
1.6323,0.80918
2.2169,0.74828
0.99577,0.93046
1.0524,0.91946
1.1946,0.88551
1.528,0.83365
1.5085,0.83727
0.96565,0.93386
2.8061,0.68398
1.3348,0.84963
1.5528,0.82873
2.4312,0.72237
1.4597,0.84633
1.2715,0.86449
2.1126,0.75157
1.372,0.8484
1.2676,0.86585
1.9292,0.76911
1.8363,0.77792
1.4005,0.84043
1.3583,0.86448
1.0741,0.90788
1.7363,0.79964
2.528,0.70558
1.6195,0.811
1.3333,0.85689
2.8385,0.6882
2.0968,0.74157
2.0483,0.76092
1.5009,0.83337
1.5754,0.81057
2.7198,0.68795
1.3314,0.85525
2.106,0.74492
2.6368,0.69217
2.5357,0.70705
1.2314,0.87888
1.3744,0.85391
1.7837,0.7871
1.5444,0.82368
1.3199,0.86242
1.0836,0.90918
2.171,0.75357
1.3399,0.85701
1.4648,0.83924
1.0825,0.91682
1.2884,0.87009
1.2098,0.88092
1.2067,0.88382
1.3139,0.86402
2.2993,0.73754
1.213,0.89282
1.3078,0.86796
1.4044,0.8441
1.8568,0.78359
1.7657,0.80067
1.8102,0.7938
2.8582,0.69261
2.0635,0.76261
3.3735,0.65322
1.3515,0.86144
1.9008,0.78007
1.462,0.83992
1.1672,0.8914
1.2234,0.87232
1.5715,0.82812
1.8161,0.79377
2.1936,0.74246
2.043,0.76251
1.2,0.88275
1.6009,0.81611
2.2087,0.74008
1.1452,0.89426
1.6133,0.81013
1.3887,0.8478
1.5607,0.82267
1.3117,0.86349
1.2982,0.86625
1.4132,0.85084
1.4029,0.8472
1.2023,0.88393
1.4878,0.84196
1.6352,0.80827
1.3946,0.84991
1.4086,0.84461
2.5838,0.704
1.0261,0.93418
1.133,0.90439
1.0798,0.92019
1.303,0.8794
1.5408,0.83754
1.405,0.8531
1.5161,0.8427
1.3921,0.85787
1.1807,0.89561
1.7268,0.80366
1.4576,0.84238
1.3519,0.86016
1.4462,0.84305
2.3065,0.74045
1.4983,0.83731
1.584,0.81972
2.3747,0.72728
1.5549,0.8323
1.4941,0.83749
3.2807,0.66271
1.5984,0.82807
1.723,0.81282
4.1371,0.59661
1.6745,0.82006
1.0788,0.91581
1.4663,0.83607
3.5954,0.63738
3.2113,0.66767
2.466,0.72185
4.0709,0.59661
1.2642,0.88288
1.3097,0.87051
1.3391,0.8734
1.2564,0.88422
1.8819,0.79493
3.4485,0.6525
1.3969,0.85902
1.1566,0.90775
1.5128,0.83986
1.469,0.84831
1.3654,0.86538
1.2193,0.89122
1.5774,0.82709
1.2182,0.897
1.21,0.8973
1.3713,0.86433
1.3193,0.87526
1.1034,0.91974
2.0505,0.77411
2.7824,0.69089
3.4256,0.65529
1.5621,0.8441
3.8475,0.62666
1.5703,0.84896
2.2162,0.75868
1.3985,0.85819
1.4651,0.84819
1.2562,0.88584
1.2186,0.89609
1.3405,0.86879
2.3575,0.74423
2.0319,0.7782
1.8045,0.8093
1.9786,0.77891
1.1943,0.89912
1.333,0.86774
1.2735,0.88318
1.802,0.81151
1.8226,0.8114
1.7462,0.82071
1.7181,0.82592
1.6238,0.83949
1.781,0.81614
1.1864,0.91696
1.3051,0.88485
1.0707,0.9319
1.2726,0.89228
1.3495,0.88259
1.52,0.84855
1.4603,0.86244
1.4165,0.86752
1.3876,0.86759
1.3567,0.87503
1.3184,0.87863
1.8682,0.81574
1.1704,0.92075
1.9153,0.81441
1.6072,0.85162
1.7323,0.82632
1.5076,0.86025
0.93101,0.9726
1.0319,0.94328
1.6383,0.859
1.2095,0.91375
1.4275,0.87277
1.7961,0.82496
1.1033,0.93635
1.2167,0.91417
1.432,0.86208
1.0542,0.95951
1.6847,0.81956
3.6732,0.65797
1.2141,0.91215
1.2912,0.8918
1.3197,0.8848
2.1205,0.78047
2.2002,0.76638
1.3192,0.88477
1.8529,0.81204
1.541,0.86219
2.7787,0.73381
1.6457,0.84883
1.6291,0.84632
1.5998,0.84779
1.859,0.816
1.0001,0.97448
2.0507,0.79629
1.4745,0.88315
1.7192,0.83315
1.9276,0.80812
1.0545,0.94806
1.632,0.85278
1.7256,0.83788
1.0311,0.95889
1.7953,0.8341
2.0553,0.79442
1.777,0.83502
1.8277,0.82228
1.8974,0.80772
1.6917,0.84105
2.0103,0.7963
2.0625,0.78688
2.7458,0.73244
1.3405,0.89964
2.7306,0.72684
2.948,0.71245
1.9021,0.81439
2.0871,0.79037
3.7757,0.648
2.0163,0.79552
3.9569,0.63333
1.672,0.83405
3.7625,0.6547
3.116,0.69388
1.4765,0.88841
1.9094,0.81389
1.5735,0.86989
2.438,0.76055
1.0946,0.94134
1.8231,0.82525
3.1051,0.69588
2.6848,0.74673
3.38,0.6848
2.0024,0.80618
1.1441,0.93361
1.1452,0.93917
2.7254,0.73048
1.8219,0.82388
3.0095,0.70809
2.817,0.71904
2.7889,0.73109
2.7656,0.72152
2.4888,0.75879
1.9944,0.79921
2.9847,0.71442
1.7313,0.83001
3.379,0.67906
2.9381,0.71597
2.0698,0.79662
1.9193,0.8141
1.1459,0.92935
1.7748,0.83783
1.8942,0.81676
2.7668,0.73606
1.887,0.82504
1.9142,0.81687
2.6127,0.74473
2.4421,0.76052
2.9229,0.70684
1.7432,0.83571
1.083,0.95154
2.806,0.73661
2.3454,0.76761
1.0018,0.97591
2.1367,0.79093
3.1417,0.70249
3.0808,0.70673
3.362,0.68469
2.0205,0.80738
3.1309,0.69655
2.9183,0.72253
3.2162,0.6947
3.1289,0.70081
2.1531,0.79303
2.176,0.79334
2.1956,0.79268
2.079,0.80351
2.5157,0.74886
2.1392,0.79135
2.783,0.73815
3.3289,0.69612
1.8902,0.82628
1.7644,0.84023
1.9932,0.81132
2.7155,0.73675
2.5341,0.75123
2.8147,0.7272
2.0753,0.79527
1.8124,0.83344
1.7369,0.84387
1.9578,0.81282
2.6909,0.74128
2.8097,0.73185
2.587,0.75796
2.1534,0.78453
2.4627,0.76673
1.8464,0.82645
2.1422,0.7893
1.6903,0.84823
2.7169,0.74089
3.4499,0.68577
1.1663,0.93879
1.2274,0.91938
2.1488,0.79155
1.89,0.82942
1.3428,0.89915
1.2719,0.9143
1.8203,0.83101
1.4935,0.87773
1.4469,0.89036
1.5467,0.87845
1.18,0.93879
1.4323,0.89464
1.6589,0.85631
1.2358,0.92131
1.525,0.88137
1.7471,0.84949
1.6483,0.86049
1.4254,0.89906
1.5851,0.86541
2.7875,0.73756
3.0229,0.71692
2.1075,0.79673
1.2562,0.91923
2.1154,0.79539
2.1399,0.79098
2.8381,0.73171
2.9017,0.73145
3.0194,0.71884
3.0814,0.71585
3.075,0.70858
3.4465,0.68796
2.9263,0.73244
3.0621,0.71601
3.0146,0.72719
2.8943,0.73454
3.1466,0.71483
2.7768,0.73627
2.8458,0.73464
1.5062,0.88188
2.8546,0.73872
1.6543,0.86268
1.7849,0.84248
1.1898,0.92785
2.0413,0.80578
3.1638,0.70366
2.1293,0.79284
1.4059,0.88987
3.2482,0.7041
2.353,0.77006
3.1831,0.70613
3.025,0.71919
2.2949,0.78093
3.1246,0.71741
2.9673,0.72702
3.5135,0.68163
1.6515,0.86011
1.8171,0.83667
1.1347,0.94538
1.7842,0.83655
2.5439,0.76029
2.7759,0.74457
2.9326,0.72639
1.6953,0.85372
1.6593,0.85945
2.9639,0.72354
2.5541,0.76835
1.6679,0.8633
2.1813,0.7923
1.3228,0.91189
1.5739,0.86972
1.9622,0.82358
2.1628,0.79642
2.2367,0.78376
1.9522,0.82206
2.6582,0.74761
2.4606,0.76386
2.6951,0.75168
1.8555,0.83202
1.6533,0.86535
1.4004,0.90891
1.4189,0.89493
1.1084,0.95028
1.1811,0.9337
1.2134,0.92531
1.1199,0.95774
1.193,0.93987
0.98983,0.9914
1.1088,0.95541
1.1601,0.93987
1.0531,0.96886
1.1334,0.95523
1.1315,0.95766
3.1931,0.71341
2.8831,0.73654
2.8543,0.73978
1.9851,0.81806
3.128,0.71164
2.8553,0.74351
1.9543,0.8256
1.2225,0.93787
1.8046,0.84741
2.2343,0.79208
1.5918,0.87222
3.5382,0.69455
3.3831,0.69962
2.7051,0.76041
1.5151,0.89164
2.1311,0.80878
1.5778,0.88491
1.8275,0.84045
2.5132,0.76729
1.1805,0.93459
1.1703,0.94198
2.0388,0.81928
1.95,0.82563
1.3179,0.92611
1.6511,0.8681
1.7251,0.85508
1.4767,0.89711
2.0828,0.81032
1.4281,0.90694
1.471,0.89414
1.5383,0.88098
1.2907,0.92698
1.4975,0.88798
1.1518,0.95095
2.8007,0.73814
1.143,0.95802
1.1307,0.96007
1.1224,0.95959
1.2157,0.94251
1.1783,0.94463
1.2784,0.92523
1.1103,0.96443
1.6145,0.86528
1.5189,0.88391
1.4593,0.89201
1.6351,0.85969
1.9548,0.82491
2.6012,0.76609
1.5695,0.88231
1.8776,0.83884
1.8868,0.83159
1.1818,0.94244
1.2517,0.94085
1.3006,0.92694
1.4245,0.90652
1.0809,0.96875
1.049,0.97769
1.1844,0.94738
1.0011,0.98762
2.423,0.7774
1.3272,0.90988
1.8234,0.84885
2.0428,0.81962
1.7882,0.85923
1.9257,0.83453
2.4729,0.78417
1.2513,0.93942
1.5297,0.88873
2.1301,0.80558
1.8476,0.84385
2.1704,0.80725
0.85253,1.0373
1.7752,0.85904
1.1136,0.97326
1.1924,0.95917
1.5594,0.88965
1.0964,0.97439
1.0848,0.96704
1.5762,0.87874
1.0558,0.97037
1.526,0.88814
1.7915,0.85574
0.9788,0.99802
0.83603,1.0474
0.95102,1.0116
1.9419,0.82476
1.0591,0.97759
1.0891,0.96559
1.2779,0.92563
1.2648,0.93016
2.0389,0.82232
2.4234,0.79154
2.4938,0.77579
2.1228,0.81093
1.9802,0.83076
1.3514,0.91497
1.4463,0.90477
1.5283,0.88255
2.4079,0.79029
2.8952,0.74715
1.6207,0.87833
2.8557,0.74774
1.2731,0.93618
1.1304,0.95161
1.468,0.89836
1.7742,0.85794
1.578,0.8895
1.0668,0.98089
1.2034,0.95093
0.98729,1.0091
1.0996,0.96564
1.4077,0.90966
1.0303,0.98537
1.24,0.93614
1.1902,0.94814
1.7248,0.87093
1.3714,0.91205
2.0618,0.81971
3.1668,0.71932
1.3602,0.91556
2.3606,0.78992
1.8932,0.84138
2.0447,0.8258
1.0284,0.98595
1.601,0.87634
1.1301,0.96057
2.11,0.8177
1.8176,0.84606
1.3791,0.92088
1.6195,0.87608
1.9541,0.83063
1.4169,0.91136
1.3745,0.913
1.6961,0.8606
1.0071,0.99461
1.8756,0.8334
2.0622,0.81628
1.7844,0.85188
1.5084,0.88849
1.7132,0.85903
1.7357,0.85333
1.7061,0.85643
1.5923,0.87971
2.3092,0.79957
1.9735,0.84193
1.3204,0.93038
2.1032,0.82148
2.2651,0.80248
1.2122,0.96005
3.3128,0.70731
1.5689,0.89088
1.0987,0.97056
2.4862,0.77846
1.3243,0.92746
1.6955,0.8623
1.1442,0.95717
1.3632,0.90933
2.2575,0.80211
2.3338,0.7936
2.1988,0.80081
1.7265,0.8613
1.511,0.8899
1.3064,0.92393
1.3714,0.90959
1.941,0.83114
1.3422,0.91981
2.0418,0.81836
0.87141,1.0281
0.97943,0.99638
1.1503,0.96007
1.7865,0.86135
1.8677,0.8543
0.98398,0.99485
1.3849,0.92689
1.126,0.95733
1.7609,0.85772
1.5169,0.89716
1.5401,0.88638
1.5189,0.90461
2.5388,0.77336
1.8271,0.85543
1.2451,0.93519
1.4063,0.90582
2.0324,0.81973
2.234,0.80151
1.31,0.92043
1.2333,0.94283
1.1295,0.96936
1.2266,0.94583
1.986,0.83378
1.5101,0.89597
1.1183,0.96872
1.2367,0.94831
2.9625,0.7412
3.4993,0.69428
3.5597,0.69029
3.8033,0.67291
3.41,0.6986
1.2513,0.94135
3.2389,0.71389
2.6558,0.77129
3.8768,0.66889
3.3802,0.69975
1.1008,0.9691
1.2332,0.93659
1.8814,0.84169
1.2569,0.9293
1.765,0.85963
1.9198,0.83766
1.9002,0.8407
1.3316,0.92222
1.8646,0.84509
1.8436,0.84634
1.762,0.85968
1.8359,0.84439
2.6623,0.76523
1.3109,0.92503
2.163,0.80345
1.9594,0.83671
1.0753,0.97555
1.1411,0.96044
0.96948,1.0007
1.2514,0.93281
1.8809,0.84907
1.9247,0.83349
1.1998,0.94321
1.798,0.85252
1.2579,0.93869
2.0726,0.82066
1.3087,0.92363
1.3668,0.91002
1.3661,0.91701
1.5808,0.86898
2.3731,0.78672
1.7995,0.85972
1.3432,0.92655
2.0481,0.8259
2.045,0.825
2.0264,0.82261
1.1549,0.96548
1.2475,0.94977
1.1396,0.9725
1.2131,0.94716
1.5305,0.89249
1.1977,0.9533
1.9193,0.83411
1.4431,0.90609
1.2017,0.9492
1.9243,0.83775
1.5879,0.87663
1.7181,0.8714
1.9858,0.82898
2.5866,0.76915
2.0469,0.82199
1.713,0.8661
1.223,0.94273
1.2479,0.92891
2.3299,0.79597
1.7277,0.86723
2.2062,0.81622
3.3916,0.70366
1.7861,0.85291
1.6108,0.88466
2.7513,0.7666
