7.4773,0.79113
8.5349,0.74513
8.5529,0.74352
8.3378,0.75469
7.8727,0.77281
7.6301,0.77357
8.4567,0.74562
7.0504,0.80721
7.6618,0.77646
7.2068,0.79756
7.2677,0.79466
7.6389,0.77972
7.1289,0.8042
7.251,0.80004
7.1219,0.80426
7.4685,0.78998
7.5245,0.78639
7.4692,0.78977
7.449,0.79077
7.4857,0.7892
7.3665,0.79464
6.9157,0.81062
7.4512,0.79038
7.3921,0.793
7.6509,0.77369
7.7598,0.77074
7.0916,0.80501
7.5532,0.78534
7.2585,0.79534
7.1655,0.80341
6.896,0.81344
7.0015,0.80763
7.2454,0.79513
7.6121,0.78182
7.1191,0.80282
7.3895,0.79249
9.1488,0.72187
6.9385,0.8095
7.3254,0.79644
7.9739,0.77121
8.0126,0.76385
7.8322,0.77797
7.1953,0.80046
7.7402,0.78184
7.3079,0.79421
7.7755,0.77978
7.5071,0.78485
8.0844,0.75993
8.2694,0.75928
8.2825,0.75741
7.3876,0.78682
7.2089,0.79641
7.2017,0.7963
7.323,0.79134
7.4161,0.78776
7.8049,0.76715
8.1086,0.75666
7.7501,0.77084
7.0077,0.80065
8.0853,0.75659
7.0035,0.80127
7.0915,0.79647
7.0031,0.80083
7.1281,0.79567
6.973,0.80101
7.0454,0.79752
6.9652,0.80016
7.0207,0.79633
7.1795,0.79081
7.4976,0.77771
7.0776,0.79174
6.9232,0.79905
7.69,0.77038
7.0736,0.79507
7.6764,0.77221
7.3334,0.783
6.8817,0.79965
6.4439,0.8159
7.0789,0.7896
7.3708,0.77935
7.5368,0.77286
6.4473,0.81214
7.4525,0.77554
7.0904,0.78659
6.7534,0.8008
7.2586,0.78056
7.0962,0.7839
7.3248,0.77725
7.2052,0.77875
7.1405,0.78225
6.9004,0.79012
6.921,0.7883
6.6632,0.79703
6.9397,0.78788
6.8805,0.78817
6.7515,0.79285
6.7877,0.79119
6.9568,0.78376
6.7554,0.79092
6.8677,0.78677
6.895,0.78529
6.7256,0.79101
6.9668,0.78116
6.8626,0.78569
6.9022,0.78294
7.0082,0.77793
6.6865,0.79031
6.949,0.7806
6.734,0.78682
6.7103,0.78692
6.652,0.78641
6.6974,0.78527
6.6863,0.78575
6.4722,0.79357
6.9497,0.77108
6.5381,0.79091
6.8997,0.77528
6.5629,0.78917
6.8455,0.7744
6.8679,0.77392
7.5091,0.74188
7.449,0.7406
7.012,0.76211
6.8594,0.76359
6.9172,0.76504
6.3464,0.79263
6.7233,0.77109
6.8179,0.76878
6.7816,0.77415
6.5504,0.77945
7.1433,0.75346
6.6955,0.76964
6.0705,0.79434
6.5863,0.78049
6.8977,0.76414
6.613,0.77797
6.8853,0.7613
6.7841,0.76511
6.9886,0.75713
6.2699,0.78787
6.962,0.75821
6.7979,0.76681
6.5232,0.77573
6.1182,0.79451
6.4374,0.77852
6.378,0.78374
6.3074,0.78708
6.0207,0.79533
6.5296,0.77529
6.4519,0.78127
6.4092,0.78186
6.665,0.76868
5.9376,0.79824
6.4552,0.78058
5.9633,0.79711
5.7815,0.80701
5.6822,0.81044
5.7181,0.80842
6.6398,0.77127
6.1223,0.79208
5.9862,0.79961
6.5686,0.77562
6.5849,0.77476
6.076,0.79127
6.9174,0.75696
6.7886,0.76343
6.6827,0.76933
6.7126,0.76705
6.4288,0.77862
6.4145,0.78069
6.416,0.77967
6.26,0.78618
6.5577,0.77329
6.4438,0.77782
5.8188,0.80274
6.4202,0.77873
5.869,0.79847
6.2384,0.78461
5.5942,0.81233
6.3547,0.78109
5.715,0.80594
6.3977,0.77552
6.1213,0.78795
6.4157,0.77502
6.3853,0.77811
6.138,0.78517
6.2433,0.78142
6.6087,0.76399
5.8033,0.79971
6.8885,0.75031
6.4244,0.77459
6.4847,0.77168
5.906,0.7964
6.1014,0.78872
5.8868,0.7975
5.9077,0.79684
6.146,0.78625
5.8277,0.79809
6.3589,0.77705
5.9992,0.79329
6.2279,0.77758
6.0996,0.78488
5.8589,0.79772
6.0647,0.78918
5.6877,0.79803
6.253,0.7772
5.8949,0.79359
6.4382,0.77089
6.038,0.78905
5.6092,0.80641
6.0139,0.78787
6.4861,0.76625
5.7495,0.80138
6.3142,0.77577
6.3093,0.77536
6.3005,0.77561
6.3014,0.77159
6.9273,0.7473
6.5365,0.76559
5.6796,0.79706
5.5734,0.80302
5.6443,0.801
6.9772,0.74707
6.6985,0.75999
6.7745,0.758
6.1382,0.78185
6.665,0.76202
5.965,0.79075
5.5207,0.81069
6.0025,0.78641
5.8315,0.79602
5.9835,0.78938
6.1284,0.78038
5.9871,0.78759
6.4307,0.77052
6.0266,0.78059
5.8292,0.79429
5.9745,0.78834
6.0254,0.78594
5.9509,0.7898
5.7503,0.7979
6.127,0.78306
6.2152,0.77836
5.9282,0.79015
5.8752,0.79373
5.4042,0.81438
6.0038,0.78835
5.4114,0.81457
5.6215,0.80394
6.0738,0.78573
5.3196,0.81757
5.5275,0.80681
5.3248,0.81585
5.6376,0.80324
5.9191,0.7897
5.1514,0.82507
5.8895,0.79175
5.6947,0.79977
5.8287,0.79363
5.878,0.79175
5.7989,0.79451
5.6917,0.80001
5.7963,0.79438
6.1312,0.78163
6.1818,0.77548
6.1263,0.78119
6.069,0.78107
6.1182,0.78047
6.0126,0.78582
6.0353,0.78475
5.8981,0.7921
6.0607,0.78443
5.9985,0.78548
6.2497,0.77602
6.2082,0.77689
6.1199,0.78272
6.1153,0.78068
6.4233,0.76884
6.1406,0.77936
6.1345,0.78105
6.2054,0.77697
6.241,0.77561
5.8643,0.79129
6.177,0.778
6.0571,0.78319
5.6826,0.79802
5.3683,0.81202
6.2332,0.77559
5.8072,0.79329
5.7694,0.79504
6.0187,0.78143
5.4517,0.80762
6.4464,0.7679
5.8432,0.79231
5.9607,0.78562
6.0487,0.78039
6.0809,0.78057
6.1433,0.77916
5.9983,0.78231
5.9011,0.78862
5.5197,0.80389
5.5154,0.80418
5.471,0.80689
5.498,0.80378
5.3997,0.8095
6.0474,0.78135
6.0326,0.78121
6.1167,0.77881
5.7048,0.79499
6.2454,0.77397
5.9552,0.7855
6.3205,0.76642
6.0665,0.78285
5.8714,0.78756
6.498,0.76418
6.0049,0.78428
5.7532,0.79577
6.2039,0.7747
5.3842,0.81217
6.056,0.7811
5.961,0.78504
5.477,0.80575
5.5561,0.80307
5.9694,0.78343
5.5868,0.80205
6.0194,0.78359
6.0949,0.78107
5.8864,0.78846
5.5105,0.806
6.0798,0.77822
5.9018,0.78981
6.0317,0.78356
6.231,0.77291
5.5917,0.80177
6.3078,0.7715
6.1992,0.77664
6.2367,0.77402
6.3426,0.76581
6.3692,0.77063
6.1209,0.77906
6.3806,0.76653
6.2063,0.77472
6.0333,0.78299
6.2059,0.77502
6.2576,0.77251
5.3291,0.81168
6.0548,0.78109
5.5139,0.79948
5.7762,0.79152
5.6189,0.80083
5.4844,0.80403
6.0984,0.78045
5.7734,0.79431
5.9584,0.78589
6.0593,0.78132
6.047,0.78056
6.0332,0.77977
5.9786,0.78352
6.1166,0.77636
5.8526,0.78934
5.7741,0.79431
5.2914,0.81438
5.3744,0.80967
5.8589,0.7898
6.0513,0.78288
5.772,0.79273
5.902,0.78761
5.3258,0.81131
5.7941,0.79133
5.9921,0.783
5.9829,0.78464
5.9726,0.78369
5.6516,0.79862
5.7837,0.79271
5.9972,0.78455
5.7781,0.79272
5.9227,0.78666
5.7148,0.79472
5.9212,0.7869
5.6018,0.80117
5.9421,0.78599
5.488,0.80512
5.9114,0.78504
5.9896,0.78254
5.364,0.80619
5.6608,0.79621
6.1102,0.77514
6.049,0.7809
6.1403,0.77662
6.1114,0.77408
6.1154,0.77631
5.7646,0.79037
5.9751,0.78245
6.1157,0.77737
5.5766,0.79908
6.234,0.77116
5.7035,0.79626
5.8044,0.79022
5.5631,0.80265
5.702,0.79584
5.6605,0.79706
5.8876,0.78847
5.9722,0.78497
5.6997,0.79629
6.1561,0.77631
6.2455,0.77286
6.1517,0.77835
5.6075,0.7987
6.1622,0.77614
6.1903,0.7763
5.8014,0.78833
6.4015,0.76688
5.5296,0.80477
5.8603,0.78265
5.5665,0.80161
5.7805,0.79172
5.7256,0.78776
5.5639,0.80259
5.4119,0.80899
5.591,0.79774
6.1284,0.7787
6.5445,0.7607
6.2465,0.77314
6.0479,0.78008
6.3441,0.76793
6.2896,0.76981
5.8711,0.78782
6.1203,0.77548
6.4463,0.7638
5.5647,0.79988
6.0764,0.77877
5.9087,0.78579
6.2172,0.7741
5.2121,0.81701
5.4003,0.80757
5.5688,0.80022
6.1344,0.77768
5.5274,0.80212
6.2703,0.77148
5.7201,0.79362
6.1601,0.77504
6.2777,0.77109
6.0567,0.77978
5.706,0.79392
6.189,0.77396
5.9685,0.78206
6.0427,0.77993
5.9439,0.78427
6.0955,0.7783
6.3064,0.76779
5.8208,0.79032
5.8356,0.78947
5.9067,0.78528
5.9547,0.78427
5.6703,0.79554
6.0791,0.77817
5.1421,0.81816
5.551,0.80027
5.1525,0.81899
5.2792,0.81368
5.1531,0.81863
6.3677,0.76425
5.2485,0.816
6.2208,0.76981
6.3909,0.76539
5.7665,0.78774
6.1038,0.77797
5.6452,0.79705
5.7304,0.79313
5.8706,0.78761
5.756,0.79383
5.6335,0.79663
5.8473,0.78836
5.9292,0.78502
5.6641,0.79556
5.5997,0.79744
5.8472,0.78618
5.9274,0.78424
5.6712,0.79467
5.9964,0.78047
5.4126,0.8072
5.5826,0.79634
5.5132,0.80026
5.5583,0.79826
5.5446,0.79791
5.487,0.80306
5.6459,0.79428
6.3652,0.76432
5.503,0.80211
5.6464,0.79596
5.705,0.79282
5.6675,0.79518
6.5492,0.75878
6.345,0.76557
6.0817,0.77551
5.8896,0.78485
5.9752,0.77846
6.1472,0.77477
6.408,0.76178
6.1771,0.77288
5.9189,0.78049
6.1605,0.77252
6.1303,0.77545
6.2511,0.77036
5.8062,0.78717
5.7831,0.78939
5.8454,0.78676
5.709,0.79332
5.8595,0.78549
5.7111,0.79138
5.7682,0.79039
5.5529,0.7999
5.8381,0.78661
5.533,0.80191
5.879,0.78505
5.646,0.79678
5.7879,0.7882
6.5291,0.75837
5.7968,0.78936
5.6567,0.79449
5.6585,0.79239
5.5459,0.79986
5.6422,0.79472
6.4217,0.76383
6.1088,0.77473
5.8524,0.78553
6.095,0.77491
6.1431,0.7731
5.6359,0.79505
5.6514,0.79468
6.2091,0.77184
5.8221,0.78875
5.9315,0.78034
6.4636,0.75719
6.1363,0.77651
6.4337,0.76014
6.4153,0.76218
5.3985,0.80695
6.278,0.77081
6.0348,0.78029
5.0088,0.82534
5.2446,0.81306
5.099,0.82024
5.2011,0.81416
5.7686,0.79013
5.2617,0.81269
5.045,0.82376
5.2486,0.81277
5.3961,0.80525
5.1563,0.81868
5.1039,0.82056
6.1176,0.77566
5.787,0.78725
5.9961,0.77912
6.0323,0.7808
5.9497,0.78299
6.4277,0.76454
5.5568,0.79903
6.1111,0.77687
5.5244,0.80146
5.5987,0.79526
5.6447,0.79502
5.5634,0.79841
5.5636,0.79911
6.0964,0.77798
5.7815,0.79058
5.7003,0.79419
5.5156,0.80149
6.223,0.77212
5.7969,0.7896
5.9316,0.78373
6.1963,0.77297
6.1979,0.7739
5.7393,0.79087
6.1561,0.77481
6.2647,0.76934
6.1395,0.77469
6.0327,0.77788
5.9647,0.78202
5.9147,0.78444
6.0573,0.77802
6.0092,0.78001
5.9778,0.78071
5.9665,0.78215
6.0489,0.77909
6.2481,0.76514
6.0013,0.78038
6.1198,0.77512
6.207,0.77242
6.0019,0.7807
6.0632,0.7774
6.1671,0.77373
6.0439,0.77792
5.4909,0.80268
5.854,0.78546
6.3441,0.76391
5.6249,0.79533
6.0133,0.77931
5.66,0.79355
5.678,0.79182
5.8036,0.78981
5.6823,0.79389
5.6146,0.79571
5.571,0.79569
5.668,0.79444
5.533,0.80005
5.5889,0.79131
5.5141,0.80149
5.5823,0.79795
5.6785,0.79322
5.7662,0.78921
5.6864,0.79231
5.7506,0.78823
6.1171,0.77319
5.9495,0.7828
5.4378,0.80446
6.0276,0.78035
5.3813,0.80741
6.1875,0.77253
6.0505,0.77709
6.1517,0.77363
6.2951,0.76669
5.782,0.78898
5.8791,0.78205
5.3601,0.80835
5.4293,0.80527
5.4508,0.80422
5.3823,0.80819
5.5304,0.79972
5.7051,0.79304
5.639,0.79536
5.4754,0.8031
6.026,0.77996
5.7524,0.78894
5.6434,0.79577
6.1002,0.77672
5.9802,0.77576
5.9957,0.78065
6.1999,0.76802
5.2,0.81332
5.0828,0.81978
6.0602,0.77498
5.2835,0.80607
5.9805,0.77909
5.9864,0.77527
6.1636,0.76832
6.0219,0.77628
5.8522,0.78044
5.8727,0.78592
5.7784,0.78769
5.6213,0.79639
5.6318,0.79434
5.4641,0.80299
5.7547,0.78802
5.5606,0.79843
6.0213,0.77856
5.292,0.80924
5.8128,0.78855
5.5874,0.79768
5.8465,0.78623
5.8859,0.78317
5.0779,0.81899
6.0417,0.77735
5.8999,0.78329
6.0278,0.77873
5.6778,0.7937
5.794,0.78706
5.8138,0.78695
5.5891,0.79595
5.4573,0.80337
5.2728,0.81191
5.6732,0.79257
5.6776,0.78658
5.7162,0.78825
5.6619,0.7931
5.5094,0.79976
5.6282,0.79456
5.5377,0.79941
5.6764,0.7918
5.7129,0.78589
5.7424,0.78646
5.6007,0.79596
5.5734,0.79767
5.8005,0.78566
5.8972,0.78545
6.0207,0.77865
6.0575,0.77865
5.9117,0.78408
5.9855,0.78125
5.9636,0.78078
5.9065,0.78462
5.9811,0.78169
5.8031,0.78903
6.0604,0.7773
6.1728,0.77341
6.4568,0.76114
6.1558,0.77332
5.3232,0.809
5.5158,0.79727
5.3946,0.80521
5.4835,0.79917
6.3768,0.76384
5.4133,0.80425
5.3508,0.80789
6.2349,0.7705
5.4704,0.80082
6.0256,0.7793
6.1237,0.77411
6.0519,0.77911
6.2614,0.76937
6.1898,0.77163
6.1897,0.77269
5.3932,0.80697
5.3974,0.80773
5.35,0.80903
5.2628,0.81255
5.7271,0.79116
5.2787,0.81167
5.6319,0.79534
5.3261,0.81002
5.9835,0.78086
6.1824,0.77298
6.4039,0.76326
5.7038,0.79229
5.7484,0.79001
5.5797,0.79852
5.4942,0.80114
5.5142,0.80084
5.5742,0.79852
5.5674,0.79509
5.6209,0.79591
5.6758,0.79172
5.8847,0.78433
5.1411,0.81342
5.1301,0.81269
6.1906,0.76931
6.0781,0.77663
6.38,0.76042
6.3413,0.76199
5.9451,0.78176
6.1311,0.77352
6.3099,0.76611
6.0063,0.77795
5.5907,0.79018
5.3523,0.80723
5.3904,0.80409
5.1481,0.81651
5.2583,0.81073
5.2937,0.80812
5.5159,0.79807
5.3675,0.80543
5.4017,0.80391
6.192,0.77109
5.4185,0.80328
6.1145,0.77417
5.4047,0.80266
5.9942,0.78036
6.0171,0.77888
5.7288,0.79035
5.6472,0.7933
5.9211,0.7829
5.4247,0.80485
5.7805,0.7884
5.8558,0.78569
5.9039,0.78344
5.5551,0.79766
5.9837,0.77839
5.8093,0.78575
5.487,0.79976
5.515,0.79787
5.4835,0.80132
5.1309,0.81869
5.5783,0.79573
5.3226,0.80776
5.851,0.78564
5.5387,0.79987
5.6023,0.79586
5.4307,0.80323
5.5512,0.79631
5.619,0.79251
5.2155,0.80704
5.9402,0.78209
5.1564,0.81509
5.9817,0.78091
5.2394,0.80999
5.9572,0.78093
5.8816,0.783
5.9628,0.77886
6.143,0.77413
6.2431,0.76937
5.7843,0.78727
5.4091,0.80433
6.1148,0.77512
5.3207,0.80898
6.1171,0.77492
6.1604,0.77303
6.109,0.77487
6.1843,0.77232
6.2277,0.77032
6.3238,0.76613
5.4753,0.80023
6.3427,0.76435
5.7591,0.78832
6.1353,0.77349
5.9352,0.78372
6.1394,0.77309
5.6127,0.79567
6.1901,0.77116
5.3441,0.80768
6.202,0.77173
5.4596,0.80274
6.1338,0.77419
6.1594,0.77292
6.1769,0.77191
6.1807,0.77241
6.2626,0.76837
5.1484,0.81716
5.0462,0.82082
6.2827,0.7688
4.9932,0.82419
5.0092,0.8237
5.6015,0.79583
5.39,0.80615
5.4591,0.80231
5.5682,0.79703
5.3547,0.80772
5.5411,0.7985
5.5109,0.79869
5.7192,0.79066
6.2886,0.76732
5.5838,0.79583
5.7616,0.78824
5.7259,0.79044
6.0605,0.77588
5.8205,0.787
5.9307,0.7828
5.6752,0.79192
6.1254,0.77147
5.6017,0.79536
5.995,0.7795
5.6773,0.79279
5.7354,0.78763
5.9314,0.77308
5.3382,0.808
5.6281,0.79521
6.0629,0.77147
5.932,0.78237
5.7568,0.78897
5.7652,0.78821
6.0032,0.77796
5.6746,0.7923
5.6406,0.7945
6.4283,0.76036
5.4736,0.801
6.3581,0.76203
5.6387,0.79336
6.0021,0.774
5.6119,0.79528
5.8788,0.783
5.7907,0.78643
5.6061,0.79373
5.9029,0.78267
6.2829,0.76566
5.5054,0.79812
6.376,0.7643
6.3738,0.76289
6.0511,0.77632
5.0619,0.81964
6.0358,0.77651
5.0472,0.82051
5.4573,0.80256
5.4374,0.80248
5.3794,0.80465
5.5102,0.79993
5.5491,0.7971
5.5619,0.79794
6.2149,0.76858
6.3009,0.76403
5.2346,0.81145
6.0617,0.77556
6.4847,0.75694
6.3475,0.76401
6.2762,0.76691
6.1051,0.77292
6.2889,0.76638
5.5185,0.79961
5.9536,0.78068
6.4175,0.76026
6.2194,0.77022
6.3207,0.76501
5.9727,0.77423
5.4114,0.80219
5.4074,0.80537
6.1885,0.76964
5.9233,0.78216
5.9581,0.77919
6.0788,0.77562
5.9978,0.77959
5.8656,0.78236
5.5886,0.79632
6.1321,0.77392
5.5973,0.79337
6.0685,0.7751
6.1183,0.77258
5.2177,0.81168
6.1159,0.77433
6.2314,0.76895
6.3633,0.76175
5.1731,0.81451
5.648,0.79332
5.2459,0.8117
5.3072,0.80805
5.7192,0.79016
5.8094,0.78645
5.5721,0.79662
6.1978,0.77134
5.9426,0.78006
5.9756,0.77885
5.8139,0.78467
5.5357,0.79769
5.6967,0.79072
5.5827,0.79346
5.8928,0.78233
5.5857,0.79564
5.5986,0.79649
5.6882,0.79227
5.724,0.79003
6.2191,0.77068
5.8195,0.78534
5.6681,0.79248
5.8782,0.78317
5.6861,0.79194
5.7025,0.79133
5.6009,0.79613
6.168,0.77152
5.7816,0.78794
5.6714,0.79278
5.739,0.79016
5.6962,0.79261
5.8978,0.78333
5.5551,0.79813
5.8253,0.7858
5.791,0.78685
5.5861,0.79688
5.5322,0.79771
5.5389,0.79781
5.5592,0.79755
5.7922,0.78585
6.257,0.76807
5.1274,0.8162
5.1028,0.81874
5.8918,0.78405
5.6425,0.79432
6.3029,0.76632
6.1673,0.77219
5.6479,0.79371
5.8101,0.78594
5.9362,0.78021
6.0112,0.77791
5.9284,0.78001
5.9401,0.78152
5.9956,0.77933
6.1685,0.76783
5.9447,0.78035
5.4949,0.79982
5.2631,0.81042
5.6876,0.79087
5.828,0.78604
5.6553,0.7917
5.9271,0.78184
5.9446,0.77892
5.4223,0.80331
5.6746,0.79171
5.4405,0.80282
5.9426,0.78171
5.6213,0.79521
5.9423,0.78094
5.5642,0.79786
5.9398,0.78114
5.9692,0.7791
5.8809,0.78252
5.6239,0.79375
5.7088,0.79069
5.8873,0.78323
5.6587,0.79162
5.5531,0.79775
5.5482,0.79721
6.1058,0.77516
5.6869,0.79198
5.5108,0.79999
6.2136,0.76984
5.6875,0.79089
5.4565,0.80144
5.435,0.8027
5.5633,0.79644
5.4595,0.80168
5.5142,0.80066
5.5924,0.7952
5.5967,0.79628
5.0844,0.81889
5.4784,0.80187
5.5313,0.79767
5.378,0.8062
5.3705,0.80687
5.5757,0.79757
5.2556,0.8126
6.0732,0.77624
5.3972,0.80568
5.6493,0.79337
5.5569,0.79564
5.5503,0.79629
5.4574,0.80048
5.6358,0.78987
5.7281,0.78615
6.4602,0.75884
6.2664,0.7667
5.5006,0.79949
5.4855,0.80006
5.6663,0.79236
6.2801,0.7667
5.0712,0.82154
5.4247,0.80496
5.4239,0.80349
5.5254,0.7991
5.3568,0.80755
5.8115,0.78673
5.6196,0.79442
5.4172,0.80373
5.7015,0.78765
5.6804,0.79255
5.3324,0.80769
5.3821,0.80537
6.0106,0.77587
6.1458,0.77164
6.1594,0.77012
5.8769,0.78414
5.7829,0.78891
5.2671,0.81062
5.8515,0.78472
5.0599,0.82082
5.8982,0.78326
5.6316,0.79407
5.5019,0.79736
6.2515,0.7667
5.8589,0.78349
5.8436,0.78483
5.9112,0.78196
6.2057,0.77051
6.2621,0.76789
5.727,0.78875
6.1639,0.77208
6.2027,0.77005
6.1392,0.77345
6.2067,0.77037
6.2367,0.76841
6.206,0.7689
5.8853,0.78463
5.5611,0.79792
5.5232,0.79961
5.0426,0.82292
6.2391,0.7711
5.146,0.81652
5.5378,0.79875
5.2157,0.81302
5.2241,0.81088
6.0552,0.77761
6.2753,0.76789
6.139,0.77124
5.6769,0.79085
5.4901,0.79997
5.5317,0.79781
5.8276,0.78596
5.5562,0.79706
5.548,0.79801
5.8511,0.78509
6.1206,0.77441
6.0799,0.77571
6.2279,0.76984
6.0336,0.77578
5.8961,0.78077
5.0506,0.82108
6.167,0.77192
5.6644,0.79231
6.1715,0.77181
5.8113,0.7855
6.2638,0.76474
5.0843,0.81961
5.0645,0.8192
6.1877,0.77032
6.071,0.77577
6.0874,0.77562
5.5078,0.79986
5.2529,0.81142
5.5032,0.7987
5.9479,0.77911
5.2507,0.81025
5.1368,0.81674
5.2847,0.80899
5.2952,0.80846
5.2481,0.81036
5.2848,0.80896
5.6013,0.79508
5.4513,0.80144
5.7166,0.78992
5.7974,0.78695
5.9586,0.77965
5.993,0.77845
5.99,0.77744
5.8986,0.78292
6.0645,0.77418
5.4527,0.80084
5.4248,0.80204
5.9075,0.78154
5.4873,0.79615
6.0674,0.77321
5.9854,0.77722
5.4538,0.80191
5.5131,0.79845
5.6534,0.79308
5.5006,0.79955
5.5848,0.79598
5.4712,0.80141
5.5865,0.79628
5.6442,0.79335
5.7254,0.78867
5.6708,0.7917
5.6097,0.79385
5.7086,0.7902
5.9927,0.77781
5.8225,0.78677
5.1894,0.8139
5.7397,0.7888
6.1432,0.77253
6.2276,0.76975
6.2554,0.76634
6.295,0.76714
6.116,0.77325
5.6572,0.79289
6.2057,0.77072
5.7241,0.78435
5.5666,0.79477
5.5482,0.79682
5.6407,0.78824
6.287,0.76057
5.462,0.8006
6.2176,0.76726
5.3914,0.80433
5.8275,0.78453
5.6174,0.79065
5.4173,0.80443
5.5021,0.79809
5.6215,0.79006
5.6732,0.79033
5.7121,0.79021
5.8144,0.78639
5.7954,0.78518
5.6638,0.79226
5.3904,0.80412
5.538,0.79625
5.5881,0.79299
5.3103,0.80727
5.3887,0.803
5.4216,0.80232
5.4912,0.79952
5.4717,0.80023
5.6129,0.79293
5.7649,0.78626
5.7273,0.78545
5.8064,0.78499
5.6291,0.79221
5.6861,0.7887
5.687,0.79102
5.6314,0.79184
5.7266,0.78888
5.5516,0.79694
5.578,0.79517
4.9682,0.82351
5.5799,0.79563
6.1566,0.77274
6.3292,0.7644
5.738,0.7905
5.8579,0.78507
5.8863,0.78316
5.9478,0.78018
5.9274,0.78091
5.7443,0.79029
6.1717,0.76938
5.2002,0.81304
5.8292,0.7878
5.6165,0.79572
5.672,0.79143
5.7032,0.79111
5.7216,0.79058
5.1701,0.81463
5.6912,0.79141
6.007,0.77786
5.4088,0.80379
5.2808,0.80865
5.3986,0.80531
5.5347,0.79838
4.992,0.82265
4.9743,0.82331
5.5383,0.79751
5.4912,0.79774
4.9752,0.82347
5.6386,0.79229
5.1082,0.81686
5.2554,0.80867
5.505,0.79924
5.3903,0.80398
5.6231,0.79102
5.6263,0.79284
5.5627,0.79721
5.5573,0.79695
5.0188,0.82172
5.2551,0.81021
5.7195,0.78734
5.4068,0.80314
6.2102,0.76676
5.6764,0.78942
6.1357,0.77244
5.5367,0.79584
6.1557,0.76951
5.8842,0.78005
5.5939,0.79516
5.4255,0.80237
5.7589,0.78851
5.5337,0.79794
5.4768,0.80007
5.418,0.80292
5.765,0.78917
5.5403,0.79661
5.8085,0.78353
5.554,0.79612
5.8179,0.78351
6.3007,0.76478
5.3826,0.80467
6.1204,0.77
6.1673,0.77067
5.6377,0.79103
6.0975,0.77297
5.9746,0.77354
5.8555,0.78056
5.8475,0.78279
5.4246,0.80084
5.6759,0.78978
5.475,0.7972
5.4753,0.79576
5.9871,0.77726
5.8934,0.7817
5.9101,0.78049
6.039,0.77356
5.3605,0.80374
6.2401,0.765
5.9758,0.77596
5.4053,0.80045
5.9706,0.77563
5.4783,0.79488
5.5613,0.79297
5.5717,0.79248
5.474,0.79709
5.3115,0.80437
5.6186,0.78922
5.5818,0.79117
5.9321,0.77592
5.4334,0.79749
5.4493,0.79749
5.5379,0.79256
5.5096,0.79319
5.6079,0.78845
5.5776,0.79004
5.3635,0.79807
6.0146,0.77255
5.9211,0.77608
6.0619,0.76988
5.5305,0.78987
6.2283,0.76229
5.2315,0.80471
5.4402,0.79391
5.2617,0.80181
5.5723,0.7877
5.5031,0.79083
5.4902,0.79055
5.5255,0.78936
5.3991,0.79482
5.2153,0.80345
5.1904,0.80389
5.2386,0.80164
5.3504,0.79583
5.4936,0.7878
5.3999,0.79271
5.474,0.78992
5.3122,0.79539
5.1789,0.8022
5.2779,0.79746
5.201,0.80013
5.3645,0.79367
5.5448,0.78591
5.4,0.79019
5.431,0.78767
5.0846,0.80478
5.1646,0.80087
5.3299,0.79353
5.2429,0.79712
5.3105,0.79379
5.236,0.79667
5.1247,0.79935
5.4748,0.78491
4.6055,0.82771
5.404,0.78783
5.424,0.78652
4.6559,0.82121
5.0349,0.80377
5.5251,0.78076
4.8406,0.81175
5.7149,0.77094
4.7846,0.81349
4.8861,0.80823
5.1834,0.79268
5.7754,0.76757
5.1278,0.79454
5.3096,0.78631
5.1155,0.79443
5.0717,0.79558
5.2697,0.78553
5.1146,0.79272
5.2498,0.78605
4.9972,0.79906
5.1282,0.79093
5.1603,0.78886
5.1244,0.79088
5.0652,0.7931
4.7865,0.80575
5.2045,0.78332
4.9844,0.79392
5.1042,0.78909
5.1913,0.78245
4.8648,0.79904
4.8415,0.79762
5.1064,0.78597
4.9891,0.79118
5.0991,0.78591
5.1405,0.78337
4.9226,0.7918
4.8094,0.79939
5.3694,0.77255
4.8654,0.79534
4.9018,0.79324
4.8855,0.79316
5.2384,0.77675
5.3337,0.77107
5.0808,0.78227
5.0772,0.78108
4.8352,0.79227
5.3459,0.7684
5.1451,0.77649
4.94,0.78572
4.9936,0.78174
4.8338,0.78895
4.9019,0.78565
5.0272,0.77773
4.9672,0.77954
4.9279,0.78056
4.8663,0.784
4.8654,0.78238
4.806,0.78382
4.7975,0.7843
4.644,0.79083
4.6215,0.79338
4.5799,0.79483
4.4978,0.79808
4.7886,0.78204
4.6088,0.7908
4.7319,0.78314
4.6321,0.78804
4.6039,0.78849
4.779,0.77854
4.582,0.78767
4.7297,0.77928
4.6445,0.78383
4.4733,0.79224
4.5525,0.7879
4.4713,0.79247
4.3793,0.79629
4.5534,0.78449
4.8579,0.76718
4.5282,0.78509
4.6908,0.77526
4.7038,0.77359
4.5718,0.77869
4.5703,0.7781
4.6174,0.77445
5.0545,0.75255
4.5949,0.77276
4.7431,0.76397
5.069,0.74857
4.8661,0.75684
4.6628,0.76564
4.6873,0.76379
4.72,0.7619
4.7279,0.76065
4.9662,0.74965
4.9316,0.75106
4.7382,0.75978
4.6,0.76797
4.6912,0.76244
4.5835,0.76724
4.5746,0.76667
4.6986,0.76032
4.7681,0.75477
4.6626,0.76013
4.7245,0.75631
4.6582,0.75816
4.4934,0.76615
4.5331,0.76267
4.89,0.74517
5.8559,0.70339
4.7735,0.7491
4.5197,0.76007
4.6091,0.75566
4.7619,0.74783
4.7468,0.74821
4.819,0.74482
4.6667,0.7509
4.7923,0.74417
5.7095,0.70439
5.4395,0.71559
5.4133,0.71471
5.6036,0.70744
5.6742,0.70399
5.3892,0.71496
5.6862,0.7026
5.8957,0.69384
5.5483,0.70681
6.0545,0.68835
5.865,0.69499
5.9422,0.69061
5.7645,0.69666
5.7074,0.69799
5.4184,0.70928
5.5822,0.70151
5.6208,0.69923
6.061,0.68185
6.082,0.68032
5.4721,0.70357
6.4257,0.66681
6.1681,0.67675
6.1694,0.67682
6.3439,0.66901
6.1101,0.67668
6.1106,0.67575
6.2283,0.67104
6.205,0.6699
7.0167,0.64313
7.0523,0.6419
6.6916,0.65341
6.8817,0.64557
6.9341,0.64414
6.5907,0.65423
6.8106,0.64691
6.3965,0.65955
6.6672,0.64883
6.3297,0.66011
6.3662,0.65937
6.411,0.65609
6.9304,0.63825
6.4152,0.65545
6.6335,0.64848
6.456,0.65189
6.6856,0.64442
6.6347,0.6462
6.5442,0.64763
6.3598,0.65232
6.1367,0.66076
6.1815,0.65956
6.4827,0.64761
6.4379,0.64658
6.2204,0.6549
6.455,0.6491
6.8882,0.63424
6.5296,0.64591
5.7204,0.67382
7.1475,0.6235
7.4001,0.61571
8.0051,0.59657
7.8586,0.60062
5.9215,0.6645
5.9255,0.66419
6.3104,0.64827
6.1225,0.65561
5.9123,0.66348
6.2833,0.64835
6.336,0.64688
6.0498,0.65449
6.6239,0.63455
6.5444,0.6373
6.3636,0.64303
6.4787,0.63779
6.3935,0.63963
6.2967,0.64265
5.8406,0.657
5.8965,0.65514
6.1283,0.64504
6.2631,0.6401
6.265,0.64007
6.0502,0.64752
6.1871,0.64352
5.8762,0.65388
5.8425,0.65282
5.7752,0.6539
5.7758,0.6552
5.8479,0.65301
7.0624,0.60772
5.9182,0.64825
5.8909,0.6489
6.9442,0.60957
5.8023,0.65106
6.997,0.60864
7.0868,0.60498
6.9901,0.6078
7.0255,0.60486
8.6088,0.55729
6.8166,0.61207
6.826,0.60999
6.5752,0.61852
6.6455,0.61595
6.6149,0.61705
6.5921,0.61739
6.7938,0.60939
6.5229,0.61842
5.7066,0.64894
6.8351,0.60649
6.8773,0.6047
7.0475,0.59762
7.0441,0.5987
6.3903,0.6194
5.7819,0.64492
6.4195,0.61876
6.3064,0.62057
6.307,0.6213
6.1212,0.62856
5.8528,0.63909
5.9139,0.63578
6.0254,0.63056
6.0971,0.62685
5.6868,0.64271
6.0005,0.63155
5.9505,0.63188
6.3091,0.6175
6.3527,0.61628
6.8678,0.59797
6.3411,0.61579
6.2541,0.61874
6.1376,0.61854
6.469,0.60737
5.9003,0.62581
5.917,0.62524
6.5479,0.60182
6.6074,0.59965
5.4085,0.64514
6.5838,0.60247
5.7281,0.63262
5.709,0.63546
5.6221,0.63736
5.6067,0.63507
5.7059,0.63237
6.556,0.59906
5.7255,0.63203
5.6546,0.63253
6.5623,0.59596
6.5986,0.59434
6.1449,0.61219
5.339,0.64247
5.6898,0.62709
5.7418,0.62476
5.6768,0.6269
5.6812,0.62625
5.6604,0.62716
5.7126,0.62396
5.4428,0.63423
5.5197,0.63118
5.4485,0.63263
5.5027,0.63411
5.5554,0.6303
6.761,0.5838
6.7255,0.58263
6.5794,0.5859
6.4766,0.59005
6.3711,0.59366
6.4552,0.5876
6.443,0.58739
6.3868,0.59185
6.3883,0.58825
6.8535,0.57427
6.6449,0.57802
6.8465,0.57279
5.944,0.60463
6.0196,0.60231
5.9323,0.60781
6.4711,0.58598
6.7695,0.57467
6.6586,0.57581
6.7049,0.57524
6.6594,0.57473
6.7066,0.57301
6.4691,0.5817
5.8444,0.60644
6.5823,0.57403
5.6692,0.61498
5.6819,0.61039
5.7419,0.60808
5.7591,0.60354
5.5244,0.61924
5.841,0.60404
5.8,0.60571
7.3003,0.55069
5.5786,0.61967
5.7734,0.60781
5.559,0.61896
5.5241,0.61682
7.0302,0.55726
7.1868,0.55248
6.7615,0.56995
7.1383,0.55253
7.0709,0.55556
6.9913,0.55799
6.9463,0.55961
5.7231,0.60424
5.5876,0.60823
5.6771,0.60591
6.8868,0.55687
6.6231,0.56808
7.0261,0.55011
7.0034,0.55241
6.8581,0.55744
7.2019,0.54415
6.9921,0.54972
5.8458,0.59398
6,0.58776
7.1348,0.54581
5.9536,0.58956
5.7861,0.59895
7.041,0.54991
5.7143,0.60284
5.8813,0.59731
5.7736,0.59823
6.8997,0.55328
5.8804,0.59379
5.852,0.59388
8.2078,0.50914
5.7881,0.59828
7.7122,0.52665
5.6764,0.6054
7.7095,0.52526
8.1074,0.51339
8.2939,0.50995
6.5955,0.56938
6.429,0.5749
6.5437,0.57204
8.2146,0.51377
6.6128,0.5679
6.557,0.56885
6.5928,0.56782
6.5974,0.56912
5.6929,0.59598
5.5881,0.60925
5.5429,0.6121
5.3892,0.61409
5.9751,0.59414
6.879,0.55664
6.5498,0.57157
6.453,0.57572
6.5716,0.57074
6.4354,0.57637
6.5367,0.57217
7.8741,0.52495
7.1619,0.54782
7.0736,0.54936
7.278,0.54198
7.2739,0.54328
7.0812,0.5506
7.0376,0.54971
7.1172,0.5454
5.4484,0.61063
5.4325,0.61303
5.3816,0.61607
5.3091,0.61575
8.0776,0.51617
6.5102,0.57054
5.2908,0.61141
5.2369,0.61549
7.6797,0.52315
5.9596,0.59061
6.1851,0.58076
7.7651,0.52547
5.7957,0.59401
6.3018,0.57553
6.6292,0.56147
6.3008,0.57559
6.2794,0.57613
6.1981,0.57823
8.0181,0.51332
6.2977,0.5734
6.4616,0.5681
7.9919,0.51488
6.4722,0.56748
6.4573,0.56779
6.2255,0.57732
6.2416,0.57585
6.3145,0.57337
6.3926,0.57092
6.0924,0.58177
6.1329,0.57909
6.2901,0.57419
8.1173,0.50893
6.3211,0.57488
6.8061,0.55542
6.1471,0.57799
6.3892,0.56924
6.8352,0.55458
6.6514,0.55956
6.5015,0.56564
6.7519,0.5571
6.7576,0.55109
6.7259,0.55667
6.7121,0.55785
6.2321,0.57577
6.6429,0.55819
6.2978,0.57346
6.3101,0.57292
6.3881,0.56879
6.3304,0.57232
6.3587,0.57068
6.313,0.57156
6.2952,0.57266
6.2027,0.57523
6.2245,0.57241
6.2146,0.57502
6.4024,0.56823
6.3001,0.57082
6.2407,0.57057
5.9813,0.57836
6.3956,0.56837
6.2207,0.5748
6.2641,0.56957
6.315,0.57166
6.2468,0.57487
6.2353,0.57396
6.2703,0.57106
6.2023,0.57044
6.3224,0.56997
6.4206,0.56476
6.2323,0.5714
6.1026,0.57113
6.2822,0.56832
6.2261,0.57066
6.2111,0.57033
6.3339,0.56683
6.3768,0.56529
6.1776,0.57471
6.1794,0.5676
6.1982,0.56981
6.0299,0.57931
6.1265,0.57698
7.5649,0.52157
6.2816,0.56513
6.2771,0.56788
7.4856,0.51983
6.308,0.56134
6.1792,0.57284
5.9873,0.57996
7.407,0.52046
6.0603,0.57597
6.1182,0.57247
6.1313,0.5657
6.0659,0.57615
7.4295,0.52044
7.7142,0.51034
7.2755,0.52522
7.3629,0.52433
7.2679,0.52558
7.0725,0.53556
7.3803,0.52114
5.9145,0.58036
7.4887,0.51954
5.9453,0.57738
7.1526,0.53312
7.4241,0.52786
6.702,0.55113
6.318,0.56468
6.1435,0.57281
6.9191,0.54686
6.5464,0.55916
6.6519,0.5537
5.7565,0.588
6.9546,0.54042
7.1795,0.53181
5.8538,0.58418
6.1803,0.57482
6.5221,0.55674
6.6598,0.54897
6.6781,0.54394
6.8988,0.53386
7.0226,0.53102
6.7816,0.53987
6.9148,0.53279
6.8042,0.5363
6.6006,0.55669
6.7706,0.54959
6.8351,0.54394
6.7427,0.54634
6.7971,0.54035
5.9235,0.58158
5.8072,0.58222
7.1172,0.53393
6.8908,0.53815
7.4004,0.5238
7.5158,0.51664
6.7114,0.54876
6.6585,0.54769
6.884,0.53998
6.6442,0.55158
6.6356,0.54366
6.818,0.54016
7.7538,0.50548
7.6694,0.50523
7.1653,0.52464
7.7619,0.50623
7.7508,0.50685
7.5133,0.51693
7.1626,0.53221
7.6163,0.51272
7.1938,0.52852
7.3142,0.52132
7.4698,0.51616
7.4654,0.51971
7.0709,0.53027
7.8997,0.49948
7.7745,0.51235
8.2533,0.48912
6.7496,0.54002
6.785,0.53881
7.8449,0.50263
7.8312,0.50112
6.7298,0.54088
8.1136,0.49455
8.1957,0.4912
6.6156,0.54298
6.7596,0.53558
7.1671,0.51633
7.1942,0.51795
7.0548,0.52779
6.9384,0.5291
7.2155,0.52755
7.3966,0.52095
6.8648,0.54039
7.2296,0.5269
8.0601,0.49277
6.9376,0.53413
7.6831,0.50458
6.9958,0.53074
7.1356,0.52365
7.1703,0.52531
7.0891,0.5275
7.0937,0.53031
7.2717,0.52149
7.0753,0.52717
7.1405,0.52662
6.9017,0.5356
6.963,0.53422
7.0341,0.53121
7.0097,0.5329
7.0544,0.52874
7.1063,0.52713
7.9994,0.49577
7.834,0.50361
6.9105,0.5346
7.007,0.53013
7.0792,0.52658
6.8765,0.53766
6.888,0.53908
6.209,0.56704
6.6411,0.54859
7.4221,0.51908
7.0962,0.52593
7.5181,0.51017
7.0124,0.52879
7.7438,0.50483
6.9429,0.53563
6.914,0.53643
6.7672,0.54286
7.9424,0.49779
7.5947,0.51228
6.7012,0.54445
6.7872,0.54211
6.6854,0.54659
6.9574,0.52547
6.6879,0.54269
6.893,0.53323
6.8405,0.53972
7.027,0.5336
6.9892,0.53149
7.0273,0.52943
7.122,0.52592
7.0475,0.52801
6.8756,0.53759
7.0576,0.53037
7.0413,0.53207
6.9983,0.52933
6.8991,0.53519
7.0703,0.52325
6.64,0.54178
7.1327,0.52429
7.0813,0.52964
8.1659,0.49456
7.2623,0.52415
7.1163,0.52737
7.0588,0.52959
7.1012,0.52673
7.6681,0.50605
7.6182,0.50662
7.509,0.51165
7.5321,0.50814
7.6692,0.50762
7.5947,0.50915
7.6477,0.50688
7.3648,0.51782
7.3385,0.51882
7.3101,0.51716
7.3288,0.51673
7.455,0.5122
7.3018,0.52212
7.0942,0.52659
6.8062,0.54152
6.9384,0.53472
7.4494,0.51224
7.2625,0.52245
7.1194,0.52469
7.165,0.52604
7.196,0.52483
7.32,0.51534
7.4886,0.51014
7.5264,0.5104
7.2868,0.52256
7.0867,0.53217
7.4672,0.50947
8.3182,0.4849
7.4478,0.51377
7.3057,0.51923
8.3129,0.48299
6.3164,0.56062
7.177,0.52301
7.0227,0.53117
7.174,0.52637
7.2811,0.52199
7.2879,0.51794
7.2929,0.51874
7.2632,0.51928
7.3151,0.51683
7.2901,0.51793
7.2822,0.52099
7.2973,0.51988
7.3221,0.52173
7.3209,0.52127
6.9447,0.53597
7.1318,0.52747
7.1963,0.52331
7.3819,0.51701
7.1569,0.52376
7.1846,0.52665
6.9791,0.53357
7.2733,0.5182
7.1198,0.52741
7.0694,0.52603
7.449,0.50978
6.9352,0.52947
7.1074,0.52749
7.9786,0.49552
7.2759,0.51617
7.511,0.50735
7.6732,0.50398
7.7754,0.5005
6.7853,0.54192
7.7661,0.49995
6.7666,0.54122
7.7699,0.49847
7.6943,0.50289
7.5716,0.50565
7.5966,0.5088
7.6481,0.50305
7.6844,0.50388
7.6451,0.5061
6.7372,0.54024
6.6653,0.54881
6.7271,0.54048
6.734,0.54319
6.7303,0.54315
6.696,0.54564
7.4679,0.5146
7.7688,0.49803
7.7258,0.50194
7.5297,0.50828
7.4153,0.51481
7.4547,0.5103
7.1589,0.51945
7.8442,0.5009
7.5401,0.50939
7.4349,0.51706
7.1224,0.5241
6.8384,0.53896
7.2046,0.51661
7.1961,0.5176
7.7056,0.49952
7.072,0.52417
7.1703,0.51846
7.0022,0.5285
7.4434,0.51421
7.457,0.51163
7.5435,0.50847
7.5064,0.51134
7.4975,0.50798
7.5979,0.50307
7.6184,0.5035
7.5123,0.5104
7.3732,0.51613
7.2942,0.52007
7.5824,0.50663
7.5017,0.51326
7.1901,0.52361
7.561,0.50834
6.9176,0.53342
7.2988,0.52007
7.4643,0.51241
7.1343,0.52509
7.0345,0.53071
7.0337,0.52666
7.4774,0.51135
7.4396,0.51302
7.0811,0.52325
7.0062,0.52862
7.4407,0.51445
7.4678,0.509
7.3134,0.51826
7.4946,0.512
7.1088,0.52634
7.5335,0.50928
6.9924,0.52859
7.5079,0.50774
7.4266,0.51342
8.0292,0.4905
6.8455,0.53335
6.6425,0.54296
7.7048,0.50362
7.7971,0.50247
7.6097,0.50826
7.479,0.51073
7.445,0.51136
7.4236,0.51436
7.4485,0.51235
7.5057,0.51094
6.9891,0.52882
7.5449,0.50867
7.0393,0.52327
7.595,0.50184
6.8641,0.53207
7.4829,0.50489
7.2765,0.51495
7.4743,0.50568
7.074,0.52428
7.3491,0.5096
7.5528,0.50421
7.2058,0.52063
7.4562,0.50905
7.2883,0.51778
7.7564,0.49744
7.6412,0.501
6.8075,0.5287
7.3278,0.51364
6.8075,0.53295
6.8874,0.53756
7.1631,0.51843
6.9349,0.52604
6.8716,0.53497
6.7161,0.5425
6.9894,0.52602
7.0319,0.52682
6.9463,0.53336
6.9672,0.53219
7.4437,0.5102
7.8904,0.49475
7.283,0.51353
7.4525,0.5106
7.5168,0.50942
6.5601,0.54519
7.2555,0.51538
7.2722,0.51479
7.4226,0.50414
7.2597,0.5176
6.7772,0.53558
7.1276,0.52229
7.2636,0.51687
6.7534,0.5409
7.2633,0.51854
7.4802,0.50903
6.3568,0.55221
6.1819,0.56426
7.1012,0.52383
7.0402,0.52374
6.4815,0.54664
6.8747,0.53361
6.6494,0.53819
6.4145,0.54747
7.9513,0.48715
7.676,0.49886
6.7643,0.53685
7.3211,0.51488
6.8317,0.53328
6.4645,0.56072
6.8902,0.53207
6.8387,0.53369
6.7819,0.53396
6.917,0.53101
7.0382,0.52318
7.0032,0.52871
7.4474,0.51138
6.9448,0.53187
7.0817,0.52373
7.5695,0.50453
7.2261,0.52057
7.3757,0.51193
7.4446,0.5072
6.8838,0.53252
6.5522,0.54941
7.0569,0.52512
7.6538,0.4999
7.2992,0.51577
7.3194,0.52044
7.1292,0.5305
7.3051,0.51686
6.9056,0.52976
7.5439,0.50457
6.8615,0.53997
6.1737,0.56176
7.2654,0.51712
6.8916,0.53566
6.8419,0.53773
6.8966,0.52747
6.303,0.55615
6.7567,0.53332
7.3364,0.51194
7.3174,0.51226
7.4046,0.50693
7.2075,0.51652
7.2318,0.52112
7.3495,0.51183
7.489,0.50423
7.5643,0.49972
7.5154,0.5052
7.6492,0.49891
6.6973,0.54121
6.7486,0.53107
7.0557,0.52456
7.4664,0.50534
7.2194,0.51358
7.6608,0.49901
6.7489,0.53941
7.6827,0.4996
6.9047,0.53358
6.8564,0.53254
6.8881,0.5266
6.726,0.53745
6.702,0.54519
5.9786,0.57696
6.9974,0.53721
7.0085,0.53074
7.0063,0.5388
5.9482,0.56995
6.5789,0.55129
6.7976,0.54195
6.8178,0.53743
6.5163,0.55316
5.9638,0.5766
5.38,0.5994
6.4489,0.55638
6.3223,0.56216
6.5481,0.55298
6.4239,0.55809
6.5135,0.55272
6.5321,0.55121
6.3973,0.5617
5.8953,0.58266
7.1338,0.53183
6.5824,0.55401
6.4687,0.55861
6.4502,0.56169
6.5642,0.55288
6.0454,0.57567
6.6187,0.55242
6.4413,0.55629
6.8078,0.54165
6.4234,0.55685
6.6622,0.54826
6.7747,0.54237
6.4723,0.55723
6.4827,0.56121
6.8085,0.5409
6.7882,0.54222
6.7095,0.54837
6.407,0.55761
6.4675,0.55455
6.4235,0.55955
6.3634,0.5638
6.299,0.56459
6.4145,0.5616
6.256,0.56377
6.5637,0.55037
6.8095,0.53964
6.4607,0.55495
6.4597,0.55318
6.3527,0.56216
6.6961,0.54254
5.324,0.60415
6.2866,0.56693
6.8051,0.54246
6.6021,0.55587
6.5842,0.55229
6.8082,0.54051
6.4535,0.55602
6.3373,0.55963
6.4626,0.55504
6.7778,0.54381
5.9974,0.57921
6.1186,0.57437
6.1734,0.56888
6.2611,0.56476
6.8807,0.53868
6.9874,0.53563
6.6622,0.54586
6.7254,0.54119
6.6188,0.54719
6.683,0.54458
6.7027,0.54257
6.6303,0.549
6.3811,0.55882
6.4006,0.55613
6.2132,0.56413
6.2807,0.56122
6.3708,0.55813
6.4996,0.55421
6.8608,0.54028
6.5917,0.54877
6.4359,0.55559
6.3016,0.5626
6.5452,0.5517
6.5513,0.55218
6.6309,0.54839
6.9986,0.53512
7.0631,0.53176
6.3524,0.56039
6.5731,0.54802
6.3144,0.55862
6.6089,0.55096
6.0767,0.57348
6.1585,0.56712
6.2906,0.56311
6.3988,0.55666
6.1458,0.56869
6.1334,0.57111
6.1364,0.56959
6.197,0.56627
6.2418,0.56355
6.6847,0.54518
6.1121,0.57096
6.7436,0.54493
6.8848,0.53495
7.3825,0.51719
7.1403,0.52842
6.8082,0.54177
7.3072,0.52257
6.6975,0.5468
6.3653,0.55872
7.3339,0.51948
7.4651,0.51833
7.4858,0.51802
6.1541,0.56917
6.1662,0.56607
6.7829,0.54306
6.1972,0.56166
6.1307,0.56976
5.8474,0.58453
6.1381,0.56732
5.9179,0.5819
6.4542,0.55253
6.6257,0.54688
6.1375,0.56924
6.3777,0.55841
6.4334,0.5571
7.2736,0.52764
5.9206,0.58131
6.9263,0.53576
6.8921,0.53849
7.0121,0.53015
6.3971,0.55842
6.4412,0.5609
6.6129,0.55392
6.5636,0.55286
6.762,0.54495
5.78,0.58488
6.6634,0.55143
6.7725,0.544
7.007,0.5323
6.8856,0.53633
6.8208,0.54052
6.4749,0.55084
6.5013,0.54943
6.4542,0.5567
6.5185,0.55639
7.224,0.5268
6.674,0.54674
7.0594,0.53436
6.7768,0.54184
6.5708,0.54975
6.4499,0.5536
6.3571,0.55957
7.0429,0.53288
6.4281,0.55325
6.4552,0.5554
6.4719,0.55461
7.1398,0.53079
6.5301,0.5535
7.0891,0.53298
6.8731,0.54103
6.7559,0.54052
6.8515,0.53774
6.9166,0.5367
6.6813,0.55087
6.8624,0.54224
6.6587,0.547
6.594,0.54926
6.7803,0.54563
6.9307,0.54137
6.8369,0.54355
7.2529,0.52977
6.8965,0.53977
7.0803,0.53468
6.9956,0.53256
6.0886,0.5747
7.1029,0.53086
6.9779,0.53337
7.2285,0.52589
6.9911,0.53049
6.9845,0.53345
6.9797,0.53648
6.5551,0.55296
7.1148,0.53039
6.5098,0.55615
7.2432,0.52011
7.2971,0.5242
6.6056,0.54806
7.0817,0.53118
7.1628,0.52832
6.8672,0.53874
6.8052,0.54286
6.6602,0.54547
6.6111,0.54756
6.7562,0.54416
7.0196,0.53055
7.0152,0.53568
7.1178,0.52835
7.1847,0.52664
7.3877,0.51694
7.2497,0.52367
7.2307,0.52434
6.9413,0.53378
6.4255,0.55387
6.6643,0.54667
7.1334,0.53051
6.9306,0.53886
6.7151,0.54557
6.9362,0.53609
6.4101,0.55797
6.9628,0.53236
7.1053,0.5285
7.2526,0.52116
7.315,0.5203
7.0304,0.53574
6.4766,0.55751
6.6595,0.54678
6.828,0.5383
7.0646,0.53082
6.7527,0.54297
6.6714,0.54754
6.854,0.53864
6.9867,0.53687
6.3001,0.561
7.0753,0.52767
7.2661,0.51899
6.6101,0.5496
6.7138,0.54294
6.808,0.53837
6.9921,0.53191
6.9984,0.5328
7.2562,0.52165
7.124,0.52929
7.1975,0.52444
7.2469,0.52458
7.098,0.5304
6.142,0.56445
6.4533,0.5535
6.2479,0.56298
6.3662,0.5566
6.3808,0.5551
7.3047,0.52016
6.4194,0.55681
7.1617,0.52649
7.2721,0.52059
6.967,0.53602
6.6528,0.5453
6.9439,0.53547
6.8556,0.53975
6.9024,0.53898
6.95,0.53455
6.973,0.53472
7.0233,0.52771
6.959,0.53787
6.5761,0.55268
6.6853,0.54689
6.6558,0.5497
6.558,0.55226
7.3479,0.51951
6.7842,0.54429
7.138,0.52741
6.9443,0.53857
6.8164,0.53996
6.9503,0.5338
7.0854,0.52838
7.2418,0.51812
6.8513,0.53982
6.7458,0.54361
7.3079,0.52241
6.5729,0.54909
7.1105,0.53006
6.6083,0.5457
7.0494,0.53035
6.7358,0.54271
6.649,0.54502
6.629,0.54442
6.2023,0.56598
6.4725,0.55373
6.5575,0.55122
6.5574,0.55428
6.7675,0.53613
6.7345,0.54079
6.7879,0.53887
6.7428,0.53759
6.9767,0.52792
6.6989,0.54095
6.573,0.55016
6.7568,0.54127
6.7868,0.53713
6.5434,0.54377
6.8965,0.53247
6.8223,0.53608
6.8708,0.53699
6.2424,0.55954
6.5804,0.54654
6.5754,0.54593
6.6373,0.54454
6.7513,0.53852
6.7832,0.53924
6.3535,0.55576
6.51,0.54822
7.1896,0.5268
7.0976,0.52499
7.0306,0.53293
7.1425,0.52829
6.9127,0.53486
6.6122,0.54702
6.9389,0.53192
7.0214,0.52943
6.1842,0.55961
6.5553,0.54359
6.5206,0.54873
6.4678,0.54913
7.1669,0.5247
7.069,0.53045
7.1567,0.52229
7.3218,0.51671
6.5595,0.54424
6.613,0.54861
6.4172,0.55216
6.5098,0.54545
6.2969,0.55774
6.79,0.53028
6.5241,0.54259
6.9027,0.53375
6.8556,0.53883
7.0946,0.51551
7.1334,0.52049
6.9402,0.52673
6.9595,0.53279
6.8148,0.53593
6.7427,0.53964
6.0161,0.56697
6.0423,0.56631
6.4185,0.55367
6.9793,0.52627
7.3066,0.51421
6.5382,0.54046
6.896,0.52643
6.5846,0.53609
6.448,0.54316
6.5679,0.54407
6.2945,0.55574
6.9877,0.5266
6.7586,0.53537
6.4437,0.54511
6.2664,0.55652
6.2612,0.55579
6.3424,0.54633
6.3677,0.54659
6.7624,0.53126
6.811,0.52995
6.9661,0.52325
6.88,0.52708
6.8304,0.52652
7.0904,0.51675
7.0174,0.51879
6.5961,0.53414
6.2863,0.54664
7.1449,0.51153
5.9566,0.56303
6.7946,0.5279
6.8571,0.52469
6.6142,0.537
6.0702,0.56081
6.5493,0.54017
6.4695,0.53988
6.033,0.55904
6.205,0.55059
6.8341,0.52194
6.5044,0.53384
6.3802,0.54079
6.4414,0.53973
6.7112,0.53012
6.2502,0.54724
6.7147,0.52789
6.9749,0.51598
5.9425,0.55936
6.5885,0.52765
5.9091,0.56183
6.3908,0.5385
6.2139,0.54679
6.9115,0.51814
6.0946,0.5522
6.3592,0.53967
6.8277,0.51811
6.6828,0.52955
6.7418,0.52812
6.5459,0.53323
6.523,0.53319
6.207,0.54335
6.555,0.53026
6.7062,0.52662
6.5506,0.53103
6.6957,0.52771
6.7609,0.52261
6.579,0.53018
6.6858,0.52747
6.1141,0.54752
6.383,0.53474
7.1068,0.50565
6.7089,0.51867
6.7197,0.51818
6.7471,0.519
6.923,0.51261
6.8541,0.51681
6.8034,0.51953
6.9,0.51312
6.8416,0.51666
6.5822,0.52562
6.6345,0.52377
6.7731,0.51967
6.6074,0.5266
6.5699,0.52755
6.7753,0.51742
6.7604,0.51926
6.8297,0.5157
6.6046,0.524
6.868,0.51317
6.9214,0.5091
6.5599,0.52404
5.9957,0.54625
5.6859,0.56038
5.9381,0.54837
6.6754,0.51888
5.9844,0.54629
6.0747,0.54182
5.7839,0.55594
6.0638,0.542
5.8531,0.55219
6.7067,0.51632
6.4128,0.52898
6.4767,0.52417
6.543,0.52452
6.5578,0.52423
6.5657,0.52278
6.7354,0.5116
6.8986,0.50459
6.8142,0.50598
6.8688,0.50356
6.8181,0.49936
5.6231,0.55641
5.9291,0.54164
6.1205,0.52844
6.5172,0.50872
6.6751,0.51315
5.8296,0.54366
6.3355,0.52638
5.5264,0.56388
5.0531,0.58169
5.6289,0.55608
5.5955,0.55094
6.0508,0.53215
6.1354,0.53127
5.9038,0.54078
5.478,0.5628
5.3457,0.56374
5.2751,0.56876
5.5755,0.55223
5.371,0.56073
5.646,0.54727
5.8364,0.53607
5.3462,0.56174
5.4449,0.5549
5.1496,0.57684
5.6681,0.5428
5.9791,0.52723
5.5643,0.54764
5.5921,0.54582
6.7834,0.49698
6.6876,0.50018
6.1599,0.53062
6.4165,0.51715
6.5783,0.51236
6.8104,0.50127
6.6005,0.50099
6.3701,0.51994
6.9629,0.48531
6.684,0.49612
6.3108,0.51963
6.4587,0.51389
6.4023,0.51749
6.3729,0.51816
5.9484,0.53809
6.0535,0.53679
6.3643,0.51381
6.2908,0.51542
5.9333,0.5299
6.2443,0.51518
5.6159,0.5445
5.8456,0.53995
5.8363,0.54103
5.7359,0.54699
5.6842,0.54108
5.5283,0.5479
5.5043,0.54848
6.6754,0.48968
5.3771,0.55787
6.1459,0.52047
6.2457,0.51521
6.5625,0.48762
6.4327,0.4976
5.5512,0.54344
5.5632,0.54439
5.5529,0.54226
6.9175,0.47372
6.8392,0.48487
6.9185,0.47824
6.402,0.5
6.392,0.49755
6.76,0.48991
6.2634,0.50971
6.3198,0.51237
6.434,0.50381
5.9252,0.52813
6.3141,0.51023
6.0524,0.52093
4.4226,0.59926
4.8536,0.57629
4.6928,0.58375
4.7753,0.57257
4.9775,0.56521
4.7718,0.57759
5.333,0.55194
5.3337,0.55065
5.8257,0.53056
6.4719,0.48978
6.5106,0.4923
6.1229,0.5139
5.5164,0.53342
6.578,0.48934
6.3257,0.50504
6.4855,0.49477
6.0898,0.50756
5.8283,0.52333
5.8764,0.52146
6.1632,0.51481
5.0695,0.56229
5.3145,0.54844
6.6461,0.48337
6.5498,0.48924
6.181,0.50319
6.209,0.50512
6.1771,0.50638
6.3617,0.49619
6.6643,0.47787
6.5314,0.48838
5.7712,0.53035
6.0091,0.51415
5.5295,0.54125
5.6632,0.53446
6.2438,0.4975
6.486,0.4875
5.1259,0.55283
5.1183,0.5439
5.5084,0.53423
4.7422,0.56708
5.5925,0.51668
4.141,0.60563
4.156,0.60729
3.8095,0.62512
4.1014,0.60933
4.0628,0.60807
4.2829,0.59721
4.1442,0.6087
4.0141,0.61519
4.4337,0.58847
4.2187,0.60101
4.4191,0.58853
4.4463,0.58707
4.0061,0.60654
3.9255,0.61265
3.9127,0.61262
3.9861,0.60721
3.9275,0.61036
3.9312,0.60916
3.927,0.60633
6.376,0.46769
3.9007,0.60743
3.9402,0.60528
4.3124,0.59126
4.8422,0.56406
4.1239,0.60083
4.2653,0.59347
3.7953,0.61285
3.5972,0.62556
3.6088,0.6255
5.6162,0.49664
3.4877,0.63031
2.9877,0.66393
3.4001,0.63608
3.4596,0.63215
3.4522,0.63024
3.7048,0.61462
3.8634,0.60466
3.5447,0.62686
3.7059,0.61505
3.7833,0.60733
3.7464,0.60965
3.5585,0.62441
3.8019,0.60705
3.543,0.6249
3.6617,0.61415
3.599,0.61898
3.4412,0.62908
3.5826,0.62155
3.717,0.6097
3.5908,0.62466
3.5397,0.62269
3.6086,0.61728
3.7163,0.60952
3.675,0.61802
3.5561,0.61597
3.1056,0.65267
3.4261,0.62643
3.4567,0.6262
3.567,0.61896
3.7097,0.60945
3.4851,0.62421
3.6861,0.61174
3.6401,0.61241
3.5045,0.62251
3.578,0.61697
3.6249,0.61282
3.5955,0.6142
3.1849,0.64266
3.5866,0.61411
3.5873,0.61399
3.6033,0.61026
3.6673,0.60666
3.4663,0.62017
3.6195,0.61023
3.5128,0.61668
3.5962,0.61067
3.6122,0.60841
3.5578,0.61273
3.6514,0.60682
3.4079,0.62198
3.8422,0.60159
3.8878,0.5993
4.0162,0.59213
3.8032,0.59917
3.4844,0.62007
4.134,0.58388
3.7903,0.60706
3.8949,0.59867
3.7626,0.60562
3.7712,0.60524
3.9111,0.59577
2.9321,0.66106
3.3604,0.62893
3.138,0.64172
3.9479,0.59377
3.4819,0.61942
3.833,0.58891
3.4515,0.62042
3.6198,0.60762
2.9672,0.65253
3.6821,0.60432
3.3633,0.62342
3.7959,0.59481
3.4997,0.61259
3.8456,0.59937
3.8377,0.59207
3.2187,0.62962
3.9017,0.5953
3.718,0.60225
3.8993,0.59507
4.0925,0.58041
3.9197,0.59164
3.9502,0.59095
3.8386,0.59881
3.7195,0.6057
3.7486,0.59107
3.5754,0.608
3.4292,0.61863
3.3414,0.62574
3.2613,0.63212
3.5638,0.6089
3.2839,0.63054
3.6037,0.60753
3.5495,0.6109
3.5394,0.59856
3.4425,0.61903
3.4001,0.61934
3.6845,0.59919
3.2131,0.63448
3.564,0.60975
3.2777,0.63179
3.5535,0.6105
3.5088,0.6128
3.4705,0.61526
3.389,0.62203
3.6754,0.60657
3.4037,0.61877
3.6985,0.60508
3.434,0.61853
3.6136,0.60616
3.4457,0.619
3.5753,0.60998
3.5657,0.61082
3.3936,0.62194
3.7905,0.59551
3.6585,0.60252
3.6875,0.60139
3.5768,0.60798
3.6464,0.60267
3.4929,0.60822
3.5333,0.60796
3.5934,0.60764
3.71,0.59722
3.8499,0.59579
3.4664,0.61398
3.714,0.5986
4.1516,0.57828
3.469,0.61484
3.3335,0.62519
4.2328,0.561
3.3533,0.62106
3.9665,0.58858
3.9924,0.58708
3.7102,0.5992
3.689,0.59999
3.5859,0.60527
3.7132,0.59803
3.5315,0.61127
3.6918,0.60089
3.7242,0.59743
3.6762,0.60251
3.679,0.6009
3.6124,0.60435
3.8066,0.59072
3.7582,0.59387
3.2322,0.63088
3.3765,0.62121
3.3866,0.61769
3.3338,0.62328
3.3019,0.62552
3.3259,0.62374
3.5151,0.60996
3.4264,0.61644
3.3264,0.62501
3.2603,0.62828
3.4114,0.61656
3.2432,0.62945
3.6513,0.5999
4.0313,0.58427
3.808,0.59052
3.6595,0.59585
3.7145,0.59473
3.5994,0.60408
3.7865,0.58559
4.109,0.58193
3.7359,0.59828
3.8675,0.59525
4.0734,0.58307
3.9184,0.59085
3.691,0.60168
3.5595,0.61116
3.6008,0.60547
3.7251,0.5968
3.7801,0.59846
3.9619,0.58616
3.9987,0.58274
3.8763,0.58614
3.6963,0.59749
3.9923,0.58512
3.7855,0.59138
3.7549,0.59499
3.2252,0.63049
3.5062,0.60903
3.4376,0.61268
3.5689,0.60504
3.443,0.61444
3.4442,0.61476
3.6375,0.60069
3.618,0.60179
3.5409,0.60696
3.5011,0.6098
3.4735,0.61069
3.5784,0.60308
3.2221,0.6324
3.6519,0.5999
3.5461,0.60862
3.3266,0.62285
4.3468,0.54744
3.8573,0.58658
3.6032,0.6042
3.5033,0.61289
3.5554,0.60802
3.3201,0.62577
3.5075,0.61176
3.7709,0.59619
3.328,0.62347
4.2191,0.56935
4.1847,0.57359
4.1454,0.57777
4.1345,0.57844
4.1772,0.57486
4.3209,0.56567
4.206,0.57267
4.2333,0.57073
4.1449,0.57583
3.736,0.59202
3.9774,0.58431
3.407,0.61585
3.5656,0.6072
3.4597,0.61293
3.3554,0.62281
3.4516,0.61521
3.3128,0.62472
3.7303,0.59474
3.7889,0.5902
3.8,0.5894
3.8127,0.59065
3.5002,0.60959
3.4822,0.60938
3.3369,0.62072
3.3764,0.61894
3.7484,0.59421
3.7493,0.59486
3.5512,0.60731
3.6917,0.59835
3.6928,0.5967
3.4263,0.6138
3.7275,0.59633
3.2809,0.62431
3.5136,0.60508
3.9257,0.58392
3.2216,0.63033
3.7863,0.59839
3.5549,0.60201
3.475,0.60852
3.2062,0.62983
3.4182,0.61332
3.4663,0.61038
3.3374,0.61923
3.5143,0.59891
3.3658,0.61769
3.4182,0.61404
3.3512,0.61946
3.6619,0.60657
3.3577,0.62132
3.3582,0.62132
3.3891,0.61686
3.5446,0.60493
3.661,0.59471
3.3929,0.61652
3.3223,0.62158
3.2102,0.6304
3.4596,0.61397
3.5401,0.60653
3.7744,0.59919
3.2066,0.63434
3.6779,0.60683
3.6416,0.60862
3.7148,0.60357
3.7901,0.59756
3.5031,0.60912
3.4375,0.61451
3.4118,0.61578
3.4079,0.61429
3.6279,0.587
3.3761,0.61631
3.5356,0.60556
3.2631,0.62862
3.5588,0.60782
3.4818,0.61087
3.8437,0.58955
3.632,0.60478
3.4534,0.61452
3.6622,0.59978
3.6803,0.5987
3.4608,0.61206
3.4047,0.61594
3.4797,0.60998
3.7378,0.59255
3.3822,0.61486
3.5526,0.60297
3.3183,0.61833
3.2974,0.62404
3.2653,0.62737
3.1721,0.63336
3.4782,0.6115
3.2189,0.62945
3.4471,0.61467
3.3895,0.61627
3.359,0.61789
3.3925,0.61501
3.3192,0.62387
3.3657,0.61996
3.4376,0.61377
3.5259,0.60532
4.8432,0.54297
3.3928,0.61634
3.2938,0.62371
3.3188,0.6206
3.424,0.61427
3.3217,0.62056
3.407,0.61439
3.494,0.6089
3.3618,0.61908
3.2913,0.62244
3.1661,0.63164
3.3791,0.61661
3.0904,0.63761
3.28,0.62336
3.8538,0.59182
3.2612,0.62322
3.9338,0.58592
3.8681,0.59073
3.6515,0.60657
3.8101,0.59493
3.2723,0.62551
3.2476,0.62838
3.2293,0.62936
3.4001,0.61536
3.4417,0.61313
3.4287,0.61431
3.3693,0.61935
3.3792,0.61746
3.5989,0.59537
3.3314,0.62076
3.4272,0.61562
3.3048,0.62403
4.7044,0.54977
3.3315,0.61971
3.389,0.6144
3.1319,0.63531
2.9146,0.65214
3.0539,0.64121
2.9903,0.64618
3.1898,0.62827
3.3164,0.61899
3.287,0.62091
3.4671,0.60733
3.3428,0.61967
3.097,0.63693
3.16,0.63217
3.4554,0.61207
3.6304,0.6064
3.3112,0.62184
3.1914,0.63006
3.2134,0.62948
3.2011,0.6304
3.3195,0.62047
4.1745,0.57349
3.2905,0.6228
3.2354,0.62623
3.1055,0.63811
3.0594,0.64154
3.4573,0.60966
3.102,0.63602
3.1875,0.62925
3.4023,0.61251
3.3187,0.61909
3.1946,0.62717
3.1375,0.6345
3.1282,0.63496
3.2033,0.6292
3.26,0.62425
3.1149,0.63671
3.3014,0.62383
3.407,0.61439
3.4934,0.61334
3.3782,0.6161
3.5526,0.60286
3.3894,0.61495
3.8192,0.59022
3.859,0.59275
3.3969,0.6168
3.3307,0.62036
3.3178,0.62325
3.2693,0.62735
3.2172,0.63088
3.0608,0.64183
3.4231,0.61528
3.1232,0.63306
3.3756,0.61754
3.3461,0.62012
3.2547,0.62775
3.4016,0.61723
3.3825,0.61826
3.43,0.61401
3.5303,0.60765
3.451,0.61094
3.2511,0.62509
3.4123,0.6112
3.6201,0.59813
3.5533,0.60391
3.3483,0.62095
3.2012,0.62935
3.4843,0.61018
3.4661,0.60921
3.4095,0.61291
4.9528,0.53408
3.3797,0.61634
4.6721,0.54963
3.5052,0.60889
3.4342,0.61462
4.707,0.54881
3.5769,0.60456
3.5344,0.60769
3.5058,0.61126
3.6625,0.59934
3.5277,0.60841
3.4685,0.61555
3.6046,0.60496
3.5793,0.60468
3.2846,0.62795
3.1604,0.63801
3.2461,0.63075
3.3276,0.62265
3.2849,0.6268
3.2201,0.63161
3.1572,0.63731
3.3354,0.62448
3.5771,0.60337
3.5513,0.60783
3.6681,0.59701
3.5471,0.60789
3.2527,0.63175
3.4081,0.61905
3.1038,0.6378
3.2748,0.62378
3.3377,0.62001
3.1513,0.63324
3.2988,0.62137
3.4382,0.61209
3.5445,0.60434
3.5583,0.60418
3.6512,0.597
3.6827,0.594
3.1812,0.63172
3.3855,0.61536
3.2529,0.62329
3.3346,0.61744
3.1134,0.63473
3.3296,0.61952
3.1308,0.63255
3.1604,0.63244
3.0967,0.63556
3.3326,0.61767
3.3776,0.61625
3.2156,0.62782
3.0405,0.6426
3.405,0.61312
3.2368,0.62498
3.5702,0.60454
3.3689,0.61945
3.4952,0.60922
3.3394,0.6205
3.4712,0.61108
3.5217,0.60721
3.6682,0.60186
3.7541,0.59467
3.4163,0.61396
3.2272,0.62623
3.4077,0.61461
3.4581,0.61012
3.1966,0.62533
3.4451,0.60874
3.2714,0.62645
3.1892,0.62762
3.5272,0.60773
3.4315,0.6149
3.6994,0.59654
3.522,0.60823
3.4926,0.60901
3.0818,0.63501
3.3447,0.62123
3.3948,0.618
3.3455,0.6215
3.3808,0.61844
3.2008,0.63059
3.7534,0.59992
3.5007,0.61146
3.8718,0.59242
3.4763,0.61214
4.1426,0.57425
3.7359,0.59331
4.1905,0.57565
2.9228,0.64923
3.7435,0.59503
3.7151,0.59695
3.6992,0.59906
3.6132,0.60303
3.5274,0.609
3.6369,0.60627
3.4363,0.61736
3.6162,0.60361
3.7005,0.59679
3.7004,0.59778
3.7241,0.59483
3.2749,0.62036
3.8937,0.58232
3.3032,0.61474
3.4424,0.60333
3.2806,0.61646
3.3345,0.61271
3.4859,0.60925
3.4485,0.61134
3.4543,0.6042
3.608,0.59962
3.2886,0.61593
3.2141,0.62363
3.0848,0.63454
3.5383,0.6013
3.3511,0.61605
3.2329,0.62479
3.6087,0.59639
3.196,0.62625
3.4998,0.6026
3.8447,0.57954
3.5202,0.60422
3.3355,0.61786
3.0735,0.63515
3.4776,0.60424
3.6125,0.59503
3.5135,0.60267
3.8613,0.58596
3.5467,0.60199
3.6127,0.59934
3.634,0.59989
3.7271,0.59604
3.7938,0.58968
3.6675,0.59814
3.8213,0.58791
3.6352,0.6003
3.2529,0.6163
3.2769,0.61791
3.1642,0.62586
3.6495,0.58747
3.5139,0.59865
3.3448,0.61231
3.3747,0.60892
3.3324,0.61019
3.2651,0.61516
3.4592,0.60062
3.5229,0.60121
3.133,0.62677
3.4473,0.60345
3.4306,0.60368
3.6529,0.59571
4.0609,0.5707
4.3107,0.55771
4.0047,0.57266
3.531,0.5967
3.6178,0.58849
3.3904,0.60695
3.5607,0.59416
3.4173,0.60431
3.5027,0.59865
2.9555,0.64323
3.1166,0.62848
3.2999,0.61461
3.4895,0.60039
3.8061,0.58538
3.5282,0.59798
3.3874,0.60868
3.5289,0.59435
3.3539,0.60992
3.2688,0.61628
3.393,0.60734
3.6784,0.59264
3.5859,0.59719
3.488,0.60351
3.1756,0.62679
3.383,0.61067
3.4755,0.60361
3.5327,0.59917
3.4593,0.60554
3.4256,0.60821
3.4638,0.6045
3.6246,0.5914
3.7797,0.57954
3.7404,0.58237
3.0491,0.62786
3.3858,0.60759
3.4707,0.60179
3.4858,0.60103
3.4454,0.60601
3.4102,0.6102
3.3777,0.60895
3.2325,0.61987
3.3842,0.61074
3.4245,0.60719
3.2976,0.6135
3.3463,0.60847
3.253,0.61392
3.1187,0.62591
3.4368,0.60788
3.6484,0.59221
3.3097,0.61152
3.5619,0.59752
3.6193,0.59519
3.2856,0.61388
3.6476,0.59373
3.5165,0.60093
3.5841,0.59448
3.6358,0.59112
3.534,0.60027
3.7173,0.58946
3.5293,0.59965
3.5612,0.60216
3.3881,0.61126
3.4514,0.60663
3.8241,0.58131
3.9348,0.57197
4.0806,0.56591
3.1785,0.62453
3.6223,0.59211
3.794,0.58383
3.2266,0.61631
3.2158,0.61896
2.9948,0.63335
3.2438,0.61944
3.377,0.60672
3.4536,0.60496
3.4626,0.60333
3.3265,0.61386
3.4348,0.60622
3.4331,0.60676
3.2428,0.62073
3.0631,0.62816
3.3856,0.61076
3.3776,0.60966
3.5798,0.59551
3.2553,0.61543
3.3324,0.60835
3.5226,0.60245
3.3488,0.61395
3.4582,0.60555
3.5548,0.59569
3.2673,0.61386
3.4443,0.60079
3.675,0.59013
3.0694,0.62887
3.3241,0.61243
3.3315,0.61135
3.3339,0.61138
3.4778,0.5996
3.13,0.62321
3.4748,0.60126
3.2578,0.61951
3.3528,0.61173
3.4167,0.60679
3.2743,0.6155
3.7109,0.58744
3.2532,0.6137
3.4283,0.61001
3.6328,0.59369
3.6348,0.59362
3.5616,0.59384
3.3623,0.60717
3.6475,0.58731
3.7712,0.58122
3.5033,0.59904
3.3616,0.60885
3.7361,0.59065
3.6714,0.59615
3.0816,0.62794
3.2877,0.61184
3.3497,0.60598
3.149,0.61883
3.3636,0.6026
3.0925,0.61829
3.389,0.60652
3.3945,0.59986
3.423,0.59902
3.3046,0.61102
3.2279,0.61622
3.6205,0.59064
3.3138,0.61095
3.3799,0.61014
3.676,0.58414
3.3583,0.60561
3.5201,0.59369
3.3288,0.60856
3.5248,0.592
3.4228,0.59961
3.3603,0.6047
3.4215,0.60083
3.4144,0.60202
3.3484,0.60823
3.2403,0.61796
3.2548,0.61502
3.2871,0.6143
3.5887,0.5947
3.4643,0.60416
3.481,0.60247
3.6299,0.59048
3.5804,0.59312
3.8118,0.5854
3.7209,0.59073
3.29,0.61303
3.5215,0.595
3.2368,0.61535
3.7742,0.57832
3.672,0.58572
3.6151,0.58966
3.5476,0.59252
3.6458,0.58947
3.6502,0.59066
3.8941,0.57434
3.5019,0.59788
3.6832,0.58906
3.451,0.60068
3.8099,0.58076
3.4233,0.60517
3.3697,0.61205
3.5054,0.60052
3.4567,0.60273
3.4394,0.59902
3.6438,0.5883
3.6192,0.58855
3.7634,0.57998
3.7854,0.58135
3.7464,0.58455
3.4632,0.59885
3.6021,0.59401
3.3429,0.60813
3.4,0.60604
3.4481,0.60126
3.382,0.60458
3.3988,0.60351
3.4925,0.59765
3.5719,0.5912
3.5495,0.59349
3.5684,0.59154
4.004,0.56916
3.7313,0.58085
3.4506,0.60133
3.2758,0.61113
3.6277,0.59293
3.3892,0.60306
3.1673,0.62107
3.4494,0.59973
3.5595,0.59783
3.2209,0.61658
3.0733,0.62623
3.3285,0.60804
3.1189,0.6225
3.4106,0.60735
3.1939,0.61401
3.0979,0.62265
3.196,0.61517
3.4431,0.59622
3.2639,0.61043
3.4382,0.5986
3.3309,0.60723
3.7434,0.58685
3.9492,0.57727
3.4208,0.60402
3.288,0.61219
3.9119,0.57865
3.4042,0.6039
3.2931,0.61703
3.4655,0.60255
3.5482,0.59487
3.502,0.59722
3.492,0.59844
3.5235,0.59746
3.5088,0.60018
3.4552,0.60509
3.7612,0.58382
3.7577,0.58365
3.5467,0.59766
3.6714,0.58758
3.1517,0.626
3.4647,0.59668
3.4579,0.60099
3.29,0.61051
3.2888,0.61238
3.2692,0.61407
3.3988,0.60663
3.3779,0.60914
3.4468,0.60461
3.2947,0.61545
3.4403,0.60314
3.5028,0.60005
3.2466,0.62007
3.3558,0.61258
3.3407,0.61454
3.5486,0.59619
3.5285,0.59841
3.6198,0.59009
3.413,0.60706
3.5964,0.59299
3.8923,0.57307
3.5268,0.59878
3.728,0.58384
3.6795,0.58667
3.3803,0.60653
3.47,0.59961
3.5408,0.59523
3.5561,0.59223
3.7654,0.5785
3.7118,0.59048
3.513,0.60722
3.5129,0.60104
3.609,0.59282
3.477,0.60475
3.5502,0.59681
3.4928,0.60252
3.5397,0.59486
3.485,0.59991
3.4694,0.59836
3.5698,0.59041
3.619,0.58654
3.4909,0.59666
3.4392,0.60225
3.6685,0.58654
3.4702,0.6004
3.5094,0.59855
3.5955,0.59275
3.5282,0.59686
3.3568,0.60537
3.5615,0.58917
3.3121,0.61076
3.2412,0.61497
3.4105,0.601
3.736,0.57695
3.4648,0.59708
3.4188,0.6037
3.389,0.60538
3.5791,0.59451
3.2176,0.61448
3.6016,0.58664
3.1192,0.62402
3.3693,0.60392
3.4167,0.6041
3.4288,0.59735
3.9313,0.57105
3.3642,0.60408
3.5127,0.59885
3.1079,0.62235
3.5546,0.59231
3.815,0.5773
3.5554,0.59361
3.466,0.6007
3.5566,0.59529
3.5493,0.59569
3.6613,0.58723
3.5499,0.59578
3.5283,0.59798
3.7048,0.58352
3.3639,0.60708
3.7833,0.5794
3.69,0.5851
3.6854,0.58406
3.8765,0.57064
3.6432,0.5873
3.8961,0.57579
3.3371,0.61143
3.5702,0.59705
3.939,0.57281
3.6564,0.59016
3.4567,0.60456
3.6226,0.59211
3.4201,0.60236
3.5896,0.59522
3.5539,0.59817
3.7375,0.58395
3.8487,0.58147
3.2686,0.61926
3.0391,0.63231
3.5359,0.59681
3.7084,0.58537
3.4619,0.60415
3.664,0.58925
3.5515,0.59593
3.5946,0.59121
3.6116,0.59064
3.2403,0.61438
3.7373,0.58867
3.2933,0.61874
2.9991,0.64078
3.7305,0.58503
3.0923,0.62701
3.1756,0.62051
3.2318,0.61405
3.2955,0.61082
3.5482,0.6019
3.5497,0.60165
3.3791,0.60706
3.8646,0.58009
3.5311,0.59707
3.393,0.60528
4.4188,0.55264
3.584,0.59275
3.541,0.59625
3.4526,0.60052
3.3228,0.60762
3.6387,0.58878
3.0738,0.63047
3.7326,0.58293
3.4518,0.60234
3.4661,0.60215
3.7596,0.58098
3.811,0.5803
3.5202,0.5992
3.4098,0.60595
3.5785,0.59174
3.5999,0.58893
3.7106,0.58108
3.6077,0.58924
3.824,0.57622
3.7174,0.58309
3.691,0.58646
3.7017,0.58688
3.6958,0.58789
3.6053,0.59444
3.7765,0.58897
3.6367,0.59082
3.4493,0.60476
3.3393,0.61449
3.6406,0.59112
3.5615,0.59546
3.4984,0.60017
3.3679,0.60985
3.4886,0.60099
3.4698,0.60342
3.5301,0.60002
3.5337,0.59864
3.4103,0.60616
3.6019,0.59197
3.5178,0.59739
3.5573,0.59608
3.5747,0.59475
3.7616,0.58191
3.4983,0.60194
3.4519,0.60473
3.7229,0.58737
3.6348,0.59442
3.5485,0.6007
3.5518,0.59888
3.2418,0.61843
3.4079,0.60503
3.5268,0.60576
3.8146,0.58562
3.8765,0.58143
3.6449,0.58915
3.9299,0.57477
3.9201,0.57682
3.5745,0.5975
3.5125,0.60408
3.475,0.60495
3.9574,0.57869
3.7307,0.58905
3.62,0.59711
3.7192,0.5908
3.8518,0.58044
3.5687,0.59825
3.6282,0.59353
3.8692,0.57683
3.6879,0.59067
3.964,0.57239
3.6314,0.59421
3.2662,0.61746
3.2185,0.62379
3.4881,0.60215
3.3129,0.6181
3.6589,0.59257
3.7385,0.5865
3.7059,0.58743
3.7694,0.58315
3.5862,0.59684
3.5816,0.59657
3.9853,0.57539
3.5194,0.60096
3.5891,0.59681
4.2671,0.5622
3.325,0.61937
3.562,0.60201
3.7247,0.58913
3.4622,0.60963
3.5225,0.60603
3.579,0.60332
3.5695,0.60277
3.4813,0.60751
3.5387,0.60269
3.7347,0.58786
3.6563,0.59374
3.6599,0.59482
3.5809,0.60312
3.4977,0.60868
3.3056,0.61382
3.4036,0.61269
3.6507,0.59803
3.1751,0.62877
3.3516,0.61827
3.5906,0.60314
3.7124,0.59372
3.5854,0.60362
3.8492,0.58541
3.6953,0.59595
4.6541,0.52483
3.9582,0.5719
3.4054,0.61586
3.2755,0.6242
3.3367,0.62083
3.254,0.62627
3.3555,0.62002
3.7561,0.59208
3.6211,0.60156
3.6442,0.60037
3.69,0.59681
3.7135,0.59448
2.8375,0.66128
3.328,0.62076
3.4372,0.61407
3.5066,0.60717
3.5586,0.60384
3.5262,0.60818
3.6703,0.59813
3.698,0.59656
3.4636,0.61236
3.9027,0.58502
3.4711,0.61111
3.5519,0.60513
3.2394,0.62477
3.3425,0.61769
3.4616,0.61109
3.5341,0.60321
3.7231,0.59499
3.7413,0.59395
3.811,0.58357
3.4377,0.61741
3.7017,0.59803
3.651,0.60236
3.7137,0.59741
3.6498,0.60168
3.6691,0.60656
3.6713,0.60608
3.9265,0.58836
3.7407,0.60011
3.7567,0.59867
3.701,0.60026
3.8609,0.5908
3.7937,0.59482
3.5657,0.60702
3.6627,0.60184
3.8916,0.59268
3.551,0.60933
4.1818,0.576
3.9427,0.5924
4.2659,0.57208
3.5544,0.60727
3.6409,0.6023
3.572,0.6076
3.4294,0.61695
3.6119,0.60497
3.5393,0.60901
3.5705,0.6071
3.4837,0.61406
3.6181,0.60495
3.8471,0.59206
3.8134,0.59422
3.4614,0.617
3.6735,0.60546
3.7667,0.59853
3.6564,0.60634
3.7566,0.60001
3.5477,0.61165
3.8522,0.59276
3.7193,0.6013
4.2152,0.57692
3.7008,0.60114
3.4376,0.6192
3.402,0.62419
3.6538,0.60394
3.8919,0.58867
3.8158,0.5952
3.71,0.60311
5.1139,0.52347
5.2964,0.51892
3.394,0.6262
3.604,0.61005
3.736,0.6008
3.8012,0.5963
3.3378,0.62846
3.645,0.60761
3.3825,0.62563
3.4232,0.6214
4.4997,0.56378
3.3815,0.62549
3.449,0.6233
3.6483,0.60947
3.5651,0.615
3.5203,0.6175
3.5379,0.61456
3.4715,0.61945
3.241,0.63847
3.4765,0.62283
3.5433,0.61764
3.5922,0.60241
3.6334,0.61568
3.6959,0.60768
3.5806,0.61877
3.6053,0.61882
3.7348,0.6081
3.6533,0.61547
3.7807,0.60636
3.5701,0.62254
4.6072,0.56524
3.4267,0.62578
3.9426,0.59398
4.1475,0.58473
3.5392,0.61594
3.703,0.6033
4.0059,0.59265
4.0529,0.58936
3.7566,0.60176
3.4661,0.62367
3.8179,0.59904
3.6447,0.61136
3.5148,0.62155
3.4252,0.62682
3.2268,0.63923
3.4456,0.6248
3.5869,0.61513
3.6119,0.61408
3.7687,0.60447
3.4692,0.62268
3.6475,0.61215
3.7335,0.60823
3.489,0.62242
3.5996,0.61377
3.7603,0.60662
3.8297,0.59843
3.7603,0.60757
3.678,0.61193
3.7842,0.60413
3.9784,0.58887
3.9339,0.59171
3.8562,0.60168
3.5063,0.62291
3.5184,0.62247
4.2243,0.57638
3.4528,0.6258
3.5744,0.61884
3.3752,0.63382
3.6761,0.60988
3.471,0.62836
3.5541,0.61947
3.512,0.62639
3.5614,0.61941
3.5294,0.62587
3.5518,0.62383
3.6706,0.61886
3.6774,0.61462
3.4834,0.62867
3.518,0.62498
3.6825,0.6138
3.657,0.61598
3.541,0.62358
3.7119,0.60953
3.878,0.59741
4.6776,0.55633
6.4972,0.46703
3.7927,0.60423
3.2552,0.64596
3.6498,0.61466
5.3747,0.51636
5.2455,0.53305
5.5161,0.51535
3.9267,0.59298
3.9321,0.5974
4.9353,0.53551
4.6294,0.56277
4.3874,0.57293
4.4809,0.56372
4.5322,0.56988
6.3443,0.47074
3.6277,0.62153
3.4644,0.63283
4.3079,0.56876
4.3521,0.56886
3.8773,0.60751
4.5786,0.55533
4.1927,0.59189
4.4095,0.56429
3.9285,0.59862
4.9373,0.54449
4.0701,0.60157
3.8389,0.61514
3.8464,0.61449
3.6483,0.62687
3.1869,0.65068
3.2878,0.64565
4.0709,0.5853
3.6871,0.61868
4.766,0.54864
4.4471,0.57734
4.1163,0.5971
3.4737,0.63341
3.8333,0.61767
5.2187,0.53447
3.5953,0.63366
3.8402,0.60565
3.2816,0.65057
3.5805,0.62632
3.6184,0.62449
3.6645,0.62076
3.6315,0.62226
3.8556,0.60695
3.7222,0.6152
3.7654,0.6133
3.6625,0.61989
3.7157,0.62099
3.691,0.62353
3.8139,0.61477
3.5607,0.6303
3.4813,0.6368
3.5716,0.6301
3.5793,0.63071
3.5915,0.62903
3.6681,0.62369
4.4773,0.56671
4.4671,0.57382
3.7302,0.61884
3.7141,0.61863
3.7057,0.61895
3.8004,0.61255
3.7922,0.61643
3.7813,0.6174
3.6977,0.62121
3.7855,0.61702
4.3349,0.58926
3.8748,0.60822
5.4565,0.51503
3.7271,0.62065
3.6603,0.6258
5.0219,0.5451
4.0928,0.59521
3.655,0.62551
3.7314,0.6204
3.7689,0.61673
3.8365,0.6118
3.7181,0.62017
3.7229,0.61843
3.6759,0.62215
5.5913,0.50476
4.832,0.5673
4.4009,0.57798
4.2443,0.5845
6.3927,0.4737
5.6061,0.51397
3.6442,0.62325
4.311,0.58004
4.2786,0.58441
4.9742,0.5489
5.9904,0.49261
4.9457,0.54147
5.9486,0.50014
3.8673,0.60688
3.8613,0.61215
4.5427,0.57217
6.9936,0.45524
6.2561,0.49228
4.8916,0.56023
4.2398,0.5855
5.1229,0.53244
6.2448,0.47832
4.5523,0.56006
5.7989,0.50347
5.9345,0.49936
5.1622,0.53811
4.3737,0.579
5.5012,0.52951
4.8451,0.55985
4.4371,0.5751
5.4175,0.5265
4.8249,0.55681
6.1181,0.49571
4.4696,0.57765
4.7965,0.55521
5.1144,0.53743
4.9912,0.54302
4.7135,0.55816
5.6943,0.51642
4.6631,0.563
4.3665,0.57975
4.5769,0.56858
4.5353,0.5667
5.7631,0.50675
4.5616,0.56834
4.7366,0.55584
4.4658,0.57454
4.9219,0.54731
4.5957,0.56719
4.9093,0.54997
5.0011,0.54547
4.9337,0.55075
5.0345,0.54452
4.8305,0.556
4.8248,0.55582
5.0044,0.54441
4.794,0.55929
5.5166,0.52207
5.4274,0.52962
4.5396,0.57528
4.6634,0.56511
4.7945,0.56073
4.8738,0.55444
4.825,0.55917
5.8649,0.508
6.1277,0.50022
4.944,0.55126
4.8895,0.553
4.4904,0.57397
5.3293,0.5357
5.5481,0.5277
5.6054,0.52077
5.8548,0.50947
5.351,0.53164
5.7315,0.50959
5.973,0.49721
4.936,0.54995
5.7006,0.51203
5.0419,0.54382
5.2385,0.53371
5.5686,0.52492
5.1119,0.54929
4.2878,0.58975
5.5958,0.52689
4.9179,0.55208
4.9698,0.54794
5.2547,0.53375
4.9969,0.54846
5.2145,0.53751
4.7801,0.56085
5.1787,0.53666
5.2683,0.53223
5.3583,0.52987
5.2479,0.53268
4.4897,0.57418
5.3163,0.53061
5.2622,0.53585
6.29,0.49699
4.9775,0.55263
5.0864,0.54562
5.3575,0.53207
5.2954,0.53511
4.4931,0.58045
4.9858,0.55261
4.9604,0.55271
5.1873,0.54098
5.0609,0.54686
5.0939,0.54571
5.8443,0.50839
5.5226,0.52097
5.5254,0.52177
5.2633,0.53705
5.4095,0.53129
5.2424,0.53899
4.0353,0.60665
5.1467,0.54384
4.9267,0.55364
5.0569,0.54787
5.0686,0.54946
4.9904,0.55542
5.2776,0.53836
4.9705,0.55161
5.0049,0.55139
5.1623,0.54128
5.1985,0.54023
4.293,0.59349
5.4764,0.52853
6.1004,0.50239
6.1965,0.49626
5.3733,0.53297
5.1782,0.54171
5.3077,0.53651
5.495,0.52824
5.2108,0.54368
4.6966,0.56665
4.8175,0.56817
4.5386,0.58404
5.079,0.55061
5.6232,0.52747
5.6353,0.52061
5.1811,0.54377
5.0049,0.55291
5.1515,0.54378
5.3321,0.53759
5.4675,0.52887
4.9747,0.55793
4.7423,0.57436
4.9896,0.55702
4.6379,0.5724
4.4805,0.58416
4.6893,0.57546
4.6361,0.57895
5.0743,0.55535
4.8839,0.56539
4.8743,0.56631
4.9694,0.55662
5.1391,0.54845
4.4189,0.5934
4.9857,0.55662
5.0043,0.55849
5.5507,0.52515
5.607,0.52263
4.7927,0.56541
4.9603,0.55514
5.4511,0.53313
5.5733,0.52797
4.9981,0.55258
5.4947,0.53503
5.4591,0.53007
5.8172,0.51616
5.6229,0.52843
5.81,0.51881
4.8802,0.56452
4.167,0.60871
5.708,0.51886
5.4363,0.53303
5.2535,0.54067
5.086,0.553
4.7056,0.5756
5.4893,0.53092
5.6829,0.52088
6.0052,0.50428
5.2481,0.54333
5.2391,0.54492
6.018,0.50928
5.5293,0.52757
5.5101,0.52949
5.8451,0.51223
4.9323,0.56062
5.1602,0.54906
5.654,0.52203
5.4635,0.53436
5.2562,0.54758
4.7974,0.56911
5.6337,0.52861
5.6858,0.52675
5.5986,0.52516
4.9068,0.55866
5.4863,0.53351
5.7549,0.52217
5.3905,0.53744
5.0248,0.55953
5.2589,0.54681
5.5793,0.53495
5.7989,0.5223
5.6088,0.52954
5.9909,0.51127
5.7542,0.52528
5.3793,0.54034
5.8509,0.51786
5.5779,0.52697
4.9559,0.56396
5.7754,0.52216
5.4247,0.53783
5.4156,0.5359
4.9166,0.56475
5.6838,0.52952
5.2927,0.54406
5.1136,0.55755
5.5957,0.53406
5.4351,0.53868
5.3534,0.54404
5.026,0.56217
5.1042,0.56326
4.4554,0.59621
5.0556,0.56679
5.0321,0.56981
4.5768,0.58422
4.5403,0.59274
4.6443,0.58598
5.1416,0.5615
4.9113,0.56808
5.0403,0.56457
4.3711,0.60131
5.6215,0.53643
5.5478,0.53996
5.0314,0.56405
4.757,0.5776
5.88,0.52737
4.9832,0.56454
5.4012,0.54734
4.9494,0.56483
4.806,0.5744
4.801,0.57595
5.1637,0.55705
5.9507,0.51714
5.1742,0.55345
5.2564,0.55108
5.8668,0.52175
5.1026,0.55811
5.3451,0.54592
5.319,0.54694
5.6141,0.53239
5.7252,0.53127
5.8871,0.52209
5.3616,0.54587
5.0369,0.56384
5.6044,0.53832
4.6078,0.58877
4.369,0.59793
5.3118,0.54503
4.7682,0.5746
4.7311,0.5773
4.6428,0.58331
5.5484,0.53499
5.4457,0.5418
4.6409,0.58165
5.8812,0.52231
5.6529,0.53604
4.6959,0.58446
5.463,0.54967
5.3018,0.55091
4.9566,0.5653
5.1723,0.55447
5.3176,0.54405
5.8242,0.5236
5.6249,0.53422
5.2504,0.55024
5.1352,0.55372
5.1848,0.55435
5.155,0.55462
5.3649,0.54422
5.4758,0.54124
5.969,0.51722
5.4228,0.54561
5.7418,0.52944
5.0109,0.5643
5.5375,0.53834
4.9717,0.56847
5.8424,0.53134
5.3626,0.55565
6.0056,0.52503
5.8121,0.53095
5.9867,0.52246
5.1766,0.55798
4.7339,0.57869
5.4106,0.54573
5.4119,0.54855
5.2445,0.55396
5.3984,0.54893
4.5263,0.59061
5.187,0.55967
5.4524,0.54523
4.9035,0.56914
4.3296,0.6015
4.4378,0.59595
4.7464,0.5774
5.4353,0.54546
4.9336,0.57279
5.2304,0.55581
4.9304,0.57541
4.8231,0.57528
4.4511,0.59567
4.4621,0.59578
5.0979,0.56488
4.9042,0.57608
4.3953,0.60177
4.4615,0.597
5.3031,0.55355
5.8649,0.53192
5.7329,0.53925
5.3097,0.55221
5.8573,0.53446
6.1698,0.51538
4.6788,0.58383
4.7837,0.57944
5.4867,0.54834
5.1363,0.56008
5.9495,0.52634
5.9037,0.5282
5.3577,0.5476
5.7007,0.53249
5.656,0.53794
5.2385,0.55532
4.8613,0.57347
5.5808,0.54102
5.5451,0.54659
5.0312,0.56424
5.047,0.5708
5.3007,0.55782
5.6324,0.53787
5.5207,0.54543
5.0858,0.56532
5.0064,0.56847
4.7822,0.58214
4.443,0.59898
5.249,0.55995
4.4548,0.59786
4.7941,0.57847
4.4816,0.59504
4.279,0.60677
4.7607,0.58684
4.9933,0.57206
4.7267,0.57966
4.3854,0.59774
5.0151,0.56779
4.8834,0.57918
5.3312,0.55204
5.598,0.54303
5.2827,0.55689
5.2521,0.55985
4.8368,0.57553
5.3239,0.55264
5.1674,0.56455
4.6131,0.58917
5.2259,0.55694
5.1844,0.55964
4.5511,0.59153
5.1326,0.56662
4.9335,0.57773
4.9765,0.57426
5.1827,0.56136
4.7889,0.58413
4.4225,0.59955
4.3187,0.60764
4.4595,0.59923
4.6924,0.58464
5.3662,0.55105
5.4623,0.5508
5.6529,0.5406
5.2556,0.56067
5.1457,0.56114
5.4383,0.55024
4.6227,0.59076
5.1603,0.56542
4.4788,0.60164
5.3112,0.56262
5.5147,0.54853
5.4838,0.55197
5.3691,0.55824
5.3257,0.56024
5.4312,0.55596
4.5569,0.59705
4.8263,0.58223
4.592,0.59771
4.5892,0.59545
4.7991,0.57834
5.3937,0.55219
4.8513,0.58038
4.8914,0.57758
4.8707,0.57895
4.9429,0.57683
5.1032,0.56773
4.8582,0.57798
5.2842,0.55542
5.2916,0.55726
4.7384,0.58583
4.9579,0.57359
4.9858,0.5732
4.6815,0.5872
4.6242,0.59094
4.4186,0.60173
5.0006,0.57247
5.1449,0.56442
5.0979,0.57458
5.1622,0.56445
3.8223,0.64263
5.1373,0.57482
5.0711,0.57833
4.2779,0.61859
5.094,0.57757
5.1181,0.57405
5.036,0.57879
5.2544,0.56588
