22.53,0.42706
26.596,0.34872
23.704,0.38496
23.691,0.38386
21.91,0.41819
21.563,0.42641
22.093,0.42516
23.97,0.39338
19.712,0.45388
22.405,0.41013
20.716,0.42493
19.336,0.45409
25.525,0.40525
23.176,0.40756
20.373,0.44669
22.669,0.41241
23.607,0.3966
22.678,0.41578
21.301,0.44255
22.853,0.41873
22.878,0.41459
22.37,0.43558
22.439,0.41623
22.522,0.4134
22.507,0.3989
23.348,0.39327
23.429,0.38596
23.228,0.39935
23.715,0.39414
24.525,0.37758
23.862,0.38656
23.169,0.39927
23.61,0.39509
22.248,0.42299
24.443,0.38405
22.792,0.41224
21.671,0.41276
21.735,0.41201
23.518,0.38848
22.432,0.40193
22.185,0.41927
21.895,0.42386
23.078,0.4011
22.294,0.41465
20.907,0.44696
21.293,0.44271
20.256,0.45647
21.257,0.43695
23.363,0.39551
22.621,0.41398
21.754,0.43153
22.689,0.41441
21.783,0.42528
22.106,0.44074
23.436,0.39246
22.924,0.41335
22.502,0.42573
21.552,0.44623
21.916,0.43196
22.33,0.42507
22.344,0.409
21.848,0.41324
20.094,0.45155
21.315,0.43251
19.64,0.46729
20.776,0.44446
20.832,0.44261
20.488,0.45096
22.371,0.41729
23.396,0.41321
21.264,0.4308
20.816,0.45108
22.834,0.41024
22.438,0.4185
25.447,0.36806
23.665,0.38508
22.016,0.4051
21.639,0.42436
21.388,0.4302
21.123,0.4453
21.567,0.43763
22.288,0.41834
21.639,0.4266
20.379,0.4505
21.11,0.45043
23.363,0.41709
24.325,0.40682
22.331,0.42504
21.945,0.43897
22.531,0.42183
22.074,0.43194
22.981,0.42073
20.623,0.44628
22.447,0.42842
23.61,0.39573
22.801,0.41587
25.527,0.3603
22.271,0.41746
20.508,0.44606
19.971,0.45694
23.024,0.42584
20.684,0.45698
21.436,0.43267
22.888,0.4219
22.507,0.41897
20.204,0.46253
22.045,0.43977
22.383,0.42709
21.801,0.42028
22.536,0.41375
22.214,0.41491
21.245,0.44049
22.355,0.4039
22.228,0.41641
21.757,0.43706
21.339,0.43584
21.681,0.43634
20.431,0.45151
21.48,0.43489
22.357,0.41129
20.928,0.42797
21.202,0.44129
22.092,0.41807
19.854,0.4498
21.837,0.42688
22.312,0.40995
20.085,0.44639
19.902,0.4421
23.636,0.37906
23.157,0.37503
20.295,0.44578
21.669,0.41197
17.719,0.48474
17.951,0.47723
17.914,0.4824
20.285,0.42246
20.843,0.43014
19.329,0.45329
18.039,0.47981
19.717,0.45375
18.69,0.46301
19.156,0.4374
18.97,0.45648
21.038,0.41353
18.342,0.4453
18.904,0.43922
18.074,0.45891
19.395,0.41665
17.828,0.45746
18.09,0.45604
20.182,0.44201
16.06,0.51521
19.126,0.43038
18.262,0.4644
18.674,0.45139
17.135,0.48025
20.059,0.44014
18.574,0.47234
18.955,0.45731
19.156,0.45368
16.386,0.48668
16.404,0.48731
18.946,0.42344
20.903,0.38702
17.744,0.44989
17.155,0.47369
18.205,0.43139
20.124,0.4007
17.434,0.45133
17.539,0.45407
17.869,0.43926
18.14,0.43001
19.588,0.42922
17.881,0.46625
18.488,0.43251
17.613,0.44346
19.03,0.39369
19.069,0.40102
19.197,0.39406
17.656,0.42874
21.394,0.36852
22.689,0.35345
22.116,0.36783
21.837,0.38157
21.302,0.40104
21.832,0.37771
22.384,0.35228
21.396,0.36545
21.447,0.38031
21.056,0.40282
22.43,0.36287
18.04,0.44014
22.851,0.36561
24.587,0.33269
21.4,0.3916
22.99,0.36422
19.587,0.42986
17.685,0.43285
19.279,0.39498
17.387,0.44745
17.961,0.41558
17.666,0.42247
15.325,0.484
14.865,0.4954
19.403,0.393
16.519,0.44276
17.835,0.41969
16.425,0.44431
18.62,0.39616
17.929,0.40893
16.766,0.44448
16.393,0.44718
20.092,0.35296
17.128,0.40755
16.271,0.44887
18.829,0.37837
20.238,0.36632
18.087,0.39669
21.302,0.31656
16.773,0.42135
17.583,0.39418
18.723,0.35438
17.733,0.39607
14.392,0.47306
15.231,0.4538
14.738,0.47097
15.964,0.43414
15.489,0.45673
18.018,0.41575
20.53,0.36846
13.22,0.51429
13.613,0.50031
15.056,0.47092
14.429,0.4536
14.249,0.47322
11.832,0.54638
15.136,0.44596
12.693,0.51322
13.86,0.47568
14.906,0.44956
12.701,0.50491
12.386,0.5095
13.777,0.47141
14.456,0.45445
15.976,0.42743
15.614,0.4267
14.786,0.451
10.828,0.54587
12.278,0.50822
17.795,0.42706
12.346,0.5154
15.325,0.46864
14.619,0.45433
11.138,0.54282
15.752,0.45986
16.624,0.43818
12.29,0.51606
17.21,0.40354
16.708,0.44208
12.854,0.49481
12.626,0.50708
13.594,0.48921
14.779,0.4644
12.532,0.49714
15.01,0.45195
12.595,0.50542
11.137,0.53061
15.966,0.43861
17.384,0.40507
17.78,0.38811
15.691,0.43836
14.084,0.48005
14.611,0.4717
12.646,0.50494
13.126,0.48796
13.401,0.48906
13.683,0.48993
14.492,0.45786
13.266,0.48845
12.261,0.51158
12.534,0.50703
13.529,0.4838
10.521,0.54221
13.271,0.46372
12.697,0.47966
12.392,0.49245
11.74,0.51547
13.494,0.47369
16.152,0.43227
15.887,0.42986
13.867,0.47939
14.37,0.46117
10.536,0.54179
11.434,0.52087
11.718,0.51387
14.157,0.44164
13.408,0.45982
16.116,0.4296
11.685,0.5075
11.752,0.51256
16.305,0.39903
13.715,0.44572
11.102,0.52613
13.991,0.46363
11.974,0.50396
10.36,0.56576
10.176,0.56905
15.358,0.43574
12.707,0.49152
11.527,0.51187
13.333,0.48475
11.816,0.51136
14.53,0.43208
12.444,0.47951
14.327,0.44498
13.999,0.45532
9.2078,0.57545
10.174,0.54058
11.891,0.50327
10.312,0.52942
13.795,0.46139
15.291,0.42556
14.051,0.43542
15.158,0.44432
11.88,0.50549
12.145,0.49274
10.285,0.54648
10.076,0.54265
11.835,0.51215
14.733,0.43707
12.053,0.49932
12.407,0.49807
12.871,0.49322
12.701,0.49021
10.362,0.53576
13.282,0.47495
14.199,0.4287
12.983,0.4629
10.895,0.50697
14.45,0.4555
13.99,0.46156
10.007,0.54184
12.275,0.49271
10.098,0.5328
11.652,0.50448
11.53,0.5057
12.304,0.48719
12.041,0.49864
14.247,0.43092
11.22,0.50392
15.484,0.41833
13.108,0.46629
12.356,0.49318
14.257,0.43593
9.3971,0.5513
10.245,0.51883
13.609,0.45786
12.617,0.45339
13.824,0.4687
14.285,0.45076
15.04,0.40361
13.459,0.43836
12.379,0.48892
12.378,0.49057
15.293,0.42498
14.074,0.45721
13.655,0.47402
14.001,0.44563
9.2449,0.56471
12.071,0.47832
10.175,0.53782
11.705,0.51313
11.569,0.49376
12.87,0.44797
10.707,0.53169
12.757,0.48334
14.648,0.41801
14.485,0.42073
10.893,0.52454
13.026,0.4658
12.863,0.46615
14.24,0.43813
10.214,0.53534
9.9566,0.55032
17.751,0.35393
11.257,0.48344
11.679,0.4804
12.572,0.47886
8.7987,0.56672
8.7588,0.56926
15.524,0.39951
14.473,0.44228
9.055,0.56115
16.562,0.39426
12.773,0.46418
11.862,0.48268
14.415,0.43095
12.058,0.48387
12.3,0.47569
12.691,0.47264
10.469,0.53802
10.108,0.5539
10.198,0.5469
11.322,0.49994
11.458,0.4987
11.791,0.48618
10.14,0.53779
9.6492,0.55592
12.646,0.46335
12.092,0.47566
13.115,0.47784
8.7324,0.5734
13.551,0.4651
15.076,0.42629
9.9669,0.52496
9.5152,0.5501
10.69,0.52996
11.082,0.51757
11.754,0.49886
11.826,0.49601
14.565,0.4222
15.251,0.41894
15.383,0.41326
15.423,0.40442
14.6,0.43095
10.024,0.51914
10.042,0.53251
7.6214,0.60334
12.584,0.48864
13.181,0.46002
13.326,0.44602
14.773,0.41183
10.932,0.50163
9.4316,0.56046
9.4409,0.55356
16.195,0.38676
9.4282,0.5378
10.967,0.50506
10.465,0.52766
9.887,0.54613
10.414,0.51835
11.237,0.48852
19.172,0.31764
12.724,0.43507
13.851,0.4251
14.068,0.41391
15.425,0.39835
10.032,0.53128
13.274,0.45098
10.071,0.52686
11.252,0.47785
9.6267,0.53776
8.7987,0.56518
13.18,0.45504
9.9189,0.52078
11.976,0.48772
15.381,0.39641
14.306,0.43231
9.1405,0.54997
13.392,0.4675
12.341,0.47757
12.975,0.45405
13.288,0.43806
14.306,0.45204
10.398,0.53183
9.9747,0.5368
11.422,0.48119
8.8164,0.55997
9.8105,0.52654
14.353,0.41989
9.9796,0.54089
9.746,0.52926
15.596,0.39638
11.934,0.49792
16.56,0.39197
9.8677,0.52755
11.522,0.50982
10.426,0.50025
11.946,0.47553
14.075,0.43952
15.342,0.39942
9.0417,0.55087
10.326,0.51138
13.509,0.44615
12.831,0.45703
13.928,0.4223
13.088,0.46093
13.389,0.44095
16.797,0.37611
13.144,0.46344
13.149,0.41713
10.292,0.51892
13.044,0.43334
10.505,0.49961
14.251,0.43563
12.278,0.45539
9.4943,0.54061
9.0916,0.54952
11.137,0.49206
9.8143,0.52751
7.881,0.59123
12.505,0.47636
11.929,0.46601
11.9,0.45526
14.892,0.38839
10.248,0.51118
11.965,0.45711
10.124,0.51484
8.9777,0.55414
9.5159,0.53498
8.9215,0.5502
12.205,0.48174
11.873,0.48339
11.335,0.47459
9.347,0.54056
14.622,0.4127
19.799,0.32326
19.665,0.30478
14.806,0.42735
14.138,0.4329
13.266,0.44929
12.733,0.46023
12.785,0.46065
14.352,0.42865
16.106,0.3889
15.585,0.40007
14.492,0.42268
15.075,0.39593
15.729,0.39076
18.717,0.33893
8.946,0.54417
9.5467,0.54605
12.194,0.469
14.502,0.41477
12.834,0.46877
13.556,0.44024
10.493,0.51088
13.035,0.43561
10.09,0.53068
14.405,0.43679
14.151,0.43019
16.079,0.39376
11.581,0.47632
15.994,0.39249
11.175,0.48025
16.105,0.38726
9.9933,0.5246
13.72,0.44382
11.892,0.49353
8.381,0.57462
13.827,0.43528
13.74,0.44921
14.567,0.40408
11.062,0.48037
13.817,0.41445
13.705,0.42433
10.296,0.51743
11.61,0.47305
11.823,0.46729
12.916,0.44617
13.106,0.46173
11.863,0.46027
12.444,0.4492
15.022,0.40848
13.234,0.4578
15.275,0.39287
10.367,0.51039
9.9621,0.5048
9.682,0.526
9.0382,0.54991
9.3712,0.54103
10.748,0.48339
12.927,0.45793
8.9105,0.54865
11.253,0.50389
9.5039,0.53194
11.753,0.46647
12.214,0.44779
13.372,0.44515
12.258,0.44904
12.012,0.44883
14.644,0.42852
13.931,0.43976
14.576,0.42005
17.277,0.36937
14.692,0.43403
15.167,0.41358
14.947,0.40781
17.511,0.34936
16.728,0.36631
17.007,0.36496
16.022,0.39835
15.213,0.41642
15.242,0.42202
10.197,0.52055
15.313,0.36833
15.818,0.39784
15.848,0.40577
14.795,0.4256
9.4996,0.53584
14.34,0.4288
15.049,0.42337
14.275,0.40794
11.102,0.50134
11.245,0.47696
8.9024,0.54369
8.3364,0.5667
14.019,0.43021
11.968,0.4809
11.185,0.49639
12.559,0.45402
12.187,0.4508
12.492,0.43797
7.5075,0.58477
9.1035,0.53685
8.8288,0.55326
12.281,0.47362
8.1824,0.57784
12.915,0.46866
11.439,0.47955
9.3761,0.5498
10.884,0.49579
13.649,0.4438
11.517,0.50439
12.223,0.48013
10.893,0.50857
12.745,0.44468
11.696,0.4877
14.064,0.41353
11.715,0.48676
12.305,0.4842
14.231,0.42614
12.529,0.47284
12.144,0.48541
12.715,0.47077
11.693,0.49099
19.041,0.3148
18.059,0.33898
11.875,0.45579
11.608,0.45011
17.303,0.35771
14.311,0.42262
16.221,0.37161
10.863,0.48177
10.88,0.48438
10.215,0.51267
15.136,0.40458
14.985,0.41341
15.563,0.38483
12.999,0.44838
12.985,0.46213
11.568,0.47159
16.61,0.34813
15.107,0.37968
10.713,0.49227
11.706,0.45874
9.6762,0.53741
10.217,0.51231
9.4968,0.53646
9.8006,0.52429
14.84,0.39726
12.009,0.44265
10.892,0.47657
13.61,0.4288
10.784,0.48514
13.279,0.4398
14.589,0.4102
16.386,0.37936
10.467,0.49408
13.477,0.44261
14.474,0.41654
12.94,0.46131
13.583,0.42363
12.726,0.44002
9.8211,0.51326
12.845,0.44149
13.586,0.43647
11.563,0.46962
12.197,0.46775
13.138,0.4474
11.865,0.4785
10.807,0.5146
11.563,0.45959
17.613,0.36577
17.272,0.36581
10.152,0.5111
15.59,0.40769
11.795,0.47433
17.669,0.37981
10.317,0.52155
14.968,0.41193
11.791,0.46747
13.25,0.44134
14.615,0.42895
16.197,0.37045
11.31,0.47591
13.776,0.39116
17.542,0.34594
13.035,0.45623
8.4912,0.55776
12.787,0.4604
13.83,0.44523
10.965,0.49396
11.334,0.47748
10.7,0.49383
10.023,0.51491
10.054,0.51972
9.5655,0.51626
13.069,0.43068
10.748,0.48702
13.49,0.45214
16.146,0.39636
10.249,0.49942
18.888,0.3409
18.635,0.33561
12.649,0.42956
14.33,0.41914
14.28,0.41699
11.095,0.48377
17.211,0.37127
13.916,0.42498
15.406,0.38466
14.765,0.39909
13.343,0.43489
13.626,0.41037
14.219,0.40404
16.784,0.37106
12.013,0.46497
16.048,0.41469
9.5322,0.54326
11.246,0.48254
11.558,0.47574
16.654,0.36793
16.948,0.36138
17.394,0.3545
12.289,0.43873
16.094,0.39213
9.1844,0.54096
11.489,0.48641
11.303,0.49569
10.195,0.52025
9.6355,0.52951
11.425,0.47245
9.4007,0.52251
14.882,0.39638
16.684,0.37218
12.065,0.45682
12.568,0.43742
14.712,0.3799
12.796,0.43319
14.471,0.39254
12.055,0.45562
13.651,0.40779
12.031,0.47898
11.837,0.46908
12.378,0.43776
13.289,0.43408
15.06,0.39285
14.831,0.39663
15.959,0.38481
15.004,0.38798
10.58,0.49065
15.108,0.40741
15.869,0.39377
14.279,0.41977
11.775,0.44585
15.764,0.38949
15.672,0.38577
16.258,0.36896
18.526,0.32996
14.598,0.42451
11.533,0.48002
12.507,0.43995
14.42,0.40428
11.998,0.47843
15.417,0.41001
16.274,0.38419
13.521,0.43904
16.233,0.39795
17.952,0.35615
12.911,0.42457
12.752,0.42995
13.479,0.41315
10.858,0.50005
13.508,0.44966
10.817,0.49575
11.617,0.47601
11.368,0.4839
15.698,0.4104
15.791,0.40196
10.485,0.50474
10.257,0.51705
15.617,0.39053
15.561,0.39309
13.665,0.41339
13.514,0.45514
15.888,0.38957
14.626,0.42869
14.184,0.43742
17.631,0.35458
11.337,0.48276
13.553,0.40893
13.167,0.45627
13.934,0.44998
18.21,0.34026
16.261,0.36765
10.279,0.49951
12.185,0.45386
11.704,0.47333
13.69,0.43335
13.656,0.42556
10.295,0.50105
13.059,0.42698
11.063,0.47311
15.472,0.40186
10.114,0.50862
11.825,0.45081
13.074,0.42105
12.186,0.44552
10.954,0.47825
13.996,0.42953
14.081,0.42642
10.364,0.50371
15.676,0.39376
12.73,0.46119
10.657,0.4992
11.497,0.48094
11.873,0.48893
12.292,0.45993
10.844,0.48084
12.524,0.44997
11.433,0.47636
13.135,0.42103
13.892,0.41816
11.551,0.47316
13.573,0.4026
15.259,0.38996
11.006,0.48452
13.268,0.4372
11.582,0.45504
16.159,0.37482
16.959,0.35688
15.385,0.38481
14.962,0.40752
17.532,0.34507
14.007,0.42344
13.89,0.41697
15.43,0.38328
16.482,0.35499
12.857,0.42634
11.474,0.48367
11.303,0.4857
12.208,0.46114
13.808,0.43574
9.4716,0.53695
15.905,0.38384
16.68,0.36597
12.198,0.44468
10.004,0.52146
10.401,0.50444
10.153,0.5185
9.0092,0.54185
11.632,0.46485
11.584,0.46812
12.348,0.42303
10.74,0.48425
13.067,0.4318
14.027,0.39658
10.377,0.49235
13.548,0.43039
16.228,0.37415
15.466,0.39353
14.44,0.41201
13.706,0.42766
11.831,0.47037
14.83,0.397
17.397,0.34513
9.8573,0.52073
11.758,0.44209
13.185,0.41544
12.186,0.44619
11.482,0.4683
12.225,0.43859
15.15,0.4104
14.098,0.43639
15.353,0.40089
14.103,0.42768
12.214,0.4447
18.204,0.33552
16.293,0.35686
14.572,0.38715
13.59,0.40306
12.663,0.42616
13.29,0.41904
12.661,0.44567
15.094,0.37748
9.0025,0.54634
9.2073,0.54003
10.725,0.49459
18.631,0.33094
16.093,0.37038
13.168,0.41822
10.114,0.51108
10.216,0.50312
8.9647,0.55126
8.4461,0.57147
10.382,0.4929
10.549,0.49728
10.418,0.50197
12.447,0.44495
8.8444,0.56678
11.276,0.48062
14.303,0.40583
12.393,0.43105
17.139,0.33839
16.427,0.34983
13.866,0.41214
12.166,0.44932
11.951,0.46116
12.778,0.43049
15.778,0.35537
13.235,0.42127
13.629,0.44036
11.164,0.48977
16.767,0.36176
13.647,0.41916
11.08,0.48415
12.365,0.43451
12.777,0.4393
11.26,0.46698
14.504,0.41759
10.633,0.48148
17.133,0.36591
16.98,0.35512
14.545,0.41581
17.629,0.34898
14.48,0.38979
16.483,0.35714
11.298,0.45867
15.214,0.38567
13.874,0.42306
11.306,0.4716
11.406,0.4603
12.181,0.44129
11.514,0.4869
14.545,0.41097
11.093,0.49425
13.144,0.44273
15.778,0.39141
14.097,0.43095
16.482,0.38946
15.232,0.41046
14.482,0.41237
16.064,0.38478
13.211,0.44659
13.354,0.43626
10.283,0.49758
9.8314,0.51595
10.14,0.49959
11.715,0.47587
9.2386,0.52638
12.239,0.43871
9.5812,0.53124
8.6975,0.56507
13.204,0.44602
13.559,0.43704
13.238,0.44279
12.625,0.46527
13.514,0.43154
12.205,0.46467
9.9619,0.50404
11.876,0.47411
11.402,0.46878
11.232,0.46738
11.01,0.47149
14.144,0.41727
14.054,0.42081
15.506,0.38758
14.221,0.42384
13.964,0.43105
12.295,0.46008
10.865,0.50028
11.881,0.47242
15.573,0.39313
9.8118,0.51801
8.6698,0.55863
8.996,0.55148
9.6714,0.52331
9.5241,0.5312
11.741,0.45351
9.8175,0.51953
10.305,0.50763
11.855,0.475
11.644,0.46254
16.644,0.37177
15.263,0.41012
9.2513,0.53453
9.7938,0.51833
12.575,0.45414
8.9398,0.53871
9.812,0.50681
13.041,0.44352
11.017,0.47308
13.453,0.40053
13.407,0.43298
11.315,0.48213
12.98,0.44362
11.135,0.48377
13.99,0.39046
9.1107,0.54297
17.293,0.34525
13.497,0.44106
14.115,0.40093
9.9761,0.50936
13.609,0.42908
13.558,0.43228
18.462,0.33177
17.189,0.35495
9.9265,0.51504
9.9353,0.51111
17.184,0.35821
16.026,0.3882
11.343,0.47389
16.176,0.38667
16.641,0.37861
11.629,0.4607
10.7,0.48372
10.66,0.4892
18.574,0.34936
10.963,0.47701
11.331,0.48529
11.962,0.4472
16.816,0.35582
15.088,0.37255
13.257,0.43015
15.207,0.38945
12.62,0.4254
15.717,0.3868
13.618,0.42124
15.033,0.39896
11.049,0.48477
10.83,0.50051
12.842,0.4252
11.564,0.47266
14.743,0.38487
12.741,0.42331
12.572,0.44855
12.797,0.43203
11.584,0.48065
11.249,0.47936
9.4539,0.53907
10.037,0.51779
10.793,0.49285
11.299,0.47044
15.66,0.40678
15.191,0.41308
16.997,0.36709
15.048,0.42018
15.22,0.41925
15.9,0.40181
11.29,0.4931
14.258,0.43289
13.142,0.43726
12.25,0.45036
10.65,0.49731
12.748,0.43103
10.643,0.49775
14.252,0.43484
14.231,0.42756
11.714,0.47451
13.919,0.4366
10.349,0.49443
11.68,0.45385
11.35,0.48482
11.033,0.48032
13.368,0.44714
15.744,0.39908
10.123,0.50066
8.7922,0.55015
8.768,0.55407
17.788,0.33323
15.896,0.37919
14.584,0.3945
7.6583,0.60148
8.8002,0.55045
6.997,0.62901
7.9506,0.59132
15.576,0.40999
8.4536,0.56678
8.9418,0.54608
15.907,0.40192
11.099,0.49174
13.711,0.4096
9.0511,0.54126
12.55,0.44293
11.797,0.46261
13.629,0.41563
16.88,0.35019
13.581,0.42769
9.3125,0.52865
14.271,0.42508
14.411,0.41897
13.293,0.45562
10.714,0.47892
13.746,0.39974
12.217,0.46031
10.776,0.48588
14.246,0.41656
15.98,0.37101
11.332,0.46107
13.576,0.4095
14.252,0.40983
16.243,0.3866
8.7494,0.54748
12.453,0.46428
11.68,0.48793
12.815,0.43948
16.955,0.34579
14.027,0.42949
11.615,0.48106
11.376,0.46604
9.2168,0.54249
12.56,0.45932
14.255,0.41503
16.066,0.39471
11.052,0.4841
9.2511,0.53299
16.538,0.36047
11.532,0.45375
14.348,0.39193
11.608,0.47108
14.059,0.41448
10.389,0.4972
10.866,0.47949
10.359,0.49852
13.007,0.44779
9.4137,0.53269
14.408,0.42629
12.303,0.44093
11.31,0.48091
19.502,0.30798
17.764,0.34445
16.113,0.38936
15.389,0.40943
12.936,0.4402
16.892,0.37828
17.024,0.36839
17.78,0.34542
15.244,0.40468
14.337,0.42576
13.557,0.43944
19.321,0.30949
16.143,0.34579
11.371,0.4757
12.918,0.4298
11.874,0.46197
9.4286,0.52587
15.395,0.37685
17.107,0.37602
14.085,0.39279
12.493,0.44024
15.906,0.38808
12.266,0.45614
14.362,0.42149
16.087,0.39342
14.823,0.39988
14.683,0.4165
15.55,0.39432
12.855,0.4373
15.435,0.40547
16.216,0.38686
18.16,0.34599
13.504,0.44991
8.261,0.56506
9.8558,0.51825
7.0625,0.61881
11.993,0.43726
12.083,0.44935
10.93,0.50172
13.282,0.4316
11.271,0.47417
9.6062,0.51812
10.975,0.47788
13.256,0.4597
14.289,0.42376
12.739,0.44061
11.606,0.46701
12.134,0.4622
18.471,0.33095
17.881,0.34365
17.468,0.36905
16.93,0.36875
17.184,0.37519
10.826,0.4753
12.439,0.43221
12.673,0.41913
17.161,0.35484
20.046,0.31693
14.025,0.43565
12.461,0.4643
19.379,0.31907
10.552,0.48939
18.516,0.33832
18.366,0.33082
16.89,0.36023
14.133,0.43228
10.256,0.51148
9.764,0.51111
13.673,0.43262
13.956,0.41994
11.562,0.46665
17.039,0.3686
19.61,0.29318
13.532,0.40672
12.264,0.43481
13.607,0.42803
9.3391,0.51735
9.6662,0.52107
12.147,0.45557
16.959,0.36398
11.949,0.46013
14.616,0.40317
11.888,0.45073
13.271,0.43957
12.596,0.4195
8.9972,0.54041
12.084,0.45098
11.015,0.46823
18.24,0.35786
10.317,0.50094
12.302,0.45054
11.796,0.45924
10.751,0.46912
9.1734,0.52482
11.209,0.46844
13.073,0.41014
15.027,0.39019
14.521,0.41433
18.568,0.33319
19.116,0.3177
18.228,0.34915
17.781,0.34976
17.835,0.34308
16.023,0.38396
10.183,0.50533
10.75,0.48558
15.447,0.39151
14.529,0.41949
11.599,0.46181
13.917,0.40816
11.725,0.44915
11.668,0.45691
12.442,0.45378
10.433,0.50659
11.267,0.47385
9.9819,0.49949
11.795,0.44174
9.9606,0.50168
11.393,0.47601
14.477,0.39465
21.48,0.26901
16.197,0.37898
13.65,0.41139
16.011,0.38925
10.402,0.5069
15.308,0.39525
13.926,0.41997
10.144,0.48798
16.521,0.36646
13.145,0.42038
11.602,0.45365
10.006,0.51247
13.064,0.42412
13.08,0.43425
10.346,0.48975
12.399,0.45029
12.573,0.43828
16.873,0.34808
17.479,0.34469
14.128,0.41548
11.24,0.45748
14.35,0.41562
8.4022,0.55216
10.189,0.50178
12.587,0.43987
15.078,0.37724
11.513,0.44223
10.798,0.47309
10.325,0.48054
10.252,0.48409
11.979,0.44533
8.9157,0.53776
12.965,0.45103
10.406,0.4731
9.7636,0.49543
15.112,0.39073
16.39,0.35967
17.346,0.34983
18.173,0.31688
17.955,0.32295
15.897,0.35072
11.129,0.46044
12.744,0.42261
11.96,0.4366
13.839,0.4021
18.945,0.3098
17.269,0.34231
14.663,0.40088
17.104,0.34122
18.846,0.312
14.896,0.39522
18.026,0.34108
16.568,0.36959
17.346,0.34262
15.991,0.35561
10.473,0.48096
11.818,0.45289
10.976,0.4901
12.352,0.44649
14.815,0.38065
19.625,0.31102
13.862,0.3827
21.448,0.24703
19.028,0.28567
18.574,0.31288
14.737,0.38956
14.477,0.40347
15.79,0.37228
9.9506,0.49203
14.339,0.36469
17.167,0.32923
16.007,0.35967
10.399,0.44305
16.031,0.36055
11.377,0.43329
9.319,0.50627
15.322,0.38804
15.13,0.39804
11.397,0.43442
17.202,0.33697
14.791,0.34802
14.585,0.38135
13.804,0.40128
10.176,0.46465
15.377,0.35114
12.669,0.40804
14.199,0.36981
16.387,0.34408
10.099,0.49093
11.837,0.42164
17.75,0.32225
14.473,0.36318
14.243,0.36509
14.302,0.37945
13.48,0.36615
10.145,0.46491
15.731,0.335
14.872,0.35437
12.059,0.3939
15.238,0.36587
14.754,0.38312
15.438,0.36315
18.197,0.29287
15.025,0.36784
9.0598,0.51118
10.395,0.44485
12.332,0.40298
13.96,0.39072
16.787,0.3214
13.824,0.36216
17.947,0.303
18.549,0.29941
10.539,0.45671
13.6,0.37096
13.477,0.3701
12.316,0.41852
10.781,0.43667
10.876,0.43768
12.528,0.41529
16.492,0.33377
11.356,0.4177
5.6468,0.60989
9.7879,0.48248
11.008,0.4321
8.9919,0.50601
14.611,0.36011
12.678,0.40099
13.369,0.36187
11.444,0.43291
13.941,0.37275
11.341,0.41953
15.987,0.31536
18.617,0.29531
11.91,0.38778
16.308,0.32262
9.4047,0.48004
11.258,0.41761
11.589,0.42888
12.011,0.40618
14.438,0.33769
17.121,0.32181
12.245,0.39161
18.476,0.28664
18.373,0.30804
8.8298,0.50399
15.077,0.37282
16.399,0.31857
17.167,0.30668
10.765,0.44274
13.354,0.36608
14.04,0.34746
7.9322,0.53653
14.932,0.35686
14.377,0.31773
12.216,0.39975
11.985,0.38324
14.828,0.34428
15.838,0.3238
12.554,0.40625
9.7963,0.45226
14.778,0.34962
14.493,0.32662
12.531,0.36643
14.267,0.331
7.0486,0.53272
14.583,0.35455
17.441,0.27578
15.358,0.33056
19.51,0.22841
17.561,0.27605
13.738,0.33053
12.646,0.36069
13.764,0.33759
13.257,0.33588
15.448,0.3127
15.358,0.31513
14.967,0.33212
12.62,0.3959
19.995,0.2534
11.893,0.39495
19.474,0.23951
17.529,0.27926
15.917,0.31746
14.517,0.35304
15.014,0.33716
14.877,0.33814
17.186,0.29568
14.888,0.33969
15.846,0.33402
16.991,0.30006
15.15,0.34415
16.907,0.30974
11.791,0.36474
18.176,0.25092
16.601,0.31116
19.249,0.24556
19.321,0.26318
14.545,0.31823
16.046,0.30591
15.542,0.31958
15.832,0.33449
14.974,0.32428
14.631,0.35398
14.979,0.3402
17.351,0.28311
15.471,0.32235
15.765,0.31481
14.553,0.3514
14.003,0.36058
13.739,0.36929
15.14,0.32885
16.839,0.2838
15.516,0.31583
16.509,0.28819
14.546,0.33482
16.357,0.28984
16.802,0.27388
19.452,0.23432
15.413,0.32206
14.313,0.34624
14.295,0.33776
16.463,0.28292
13.559,0.38043
14.161,0.35273
14.39,0.33486
15.905,0.29537
12.779,0.38774
14.453,0.33117
9.3903,0.41476
15.906,0.28968
13.946,0.33518
15.774,0.29003
16.208,0.27487
9.6884,0.41322
14.426,0.32294
13.557,0.3455
11.955,0.39787
15.912,0.28337
14.606,0.32283
13.351,0.35677
17.372,0.26582
13.371,0.35475
14.885,0.32226
18.002,0.24494
14.635,0.30775
16.538,0.28513
11.152,0.35581
17.304,0.27455
13.373,0.35988
16.56,0.26973
14.081,0.35044
17.348,0.26032
14.645,0.31855
16.078,0.29488
18.718,0.23006
17.683,0.24872
19.658,0.20985
18.538,0.22733
17.834,0.24754
19.831,0.20835
10.796,0.42046
23.495,0.15921
17.977,0.26336
21.339,0.19539
19.668,0.19454
13.908,0.29521
17.217,0.25781
19.198,0.22385
19.393,0.23668
15.572,0.28938
17.113,0.26664
16.006,0.30366
17.934,0.26004
10.925,0.42623
12.912,0.36698
18.602,0.23394
9.3331,0.44433
15.528,0.29398
18.446,0.26451
12.661,0.37544
11.381,0.38006
12.285,0.38073
13.13,0.31534
15.775,0.28965
13.728,0.34721
15.05,0.31976
15.194,0.32254
14.56,0.32875
15.765,0.25158
14.267,0.29299
16.096,0.2743
16.637,0.27586
21.342,0.19752
16.786,0.25427
22.087,0.17378
17.3,0.23976
17.945,0.2576
12.403,0.33357
24.212,0.12308
13.851,0.32108
14.428,0.30648
9.3506,0.47026
16.359,0.31229
8.1083,0.4794
10.203,0.42955
10.05,0.44689
7.6075,0.48603
10.765,0.41993
7.4293,0.46767
14.555,0.32578
12.988,0.37461
18.882,0.22484
16.535,0.26892
18.128,0.26852
8.1344,0.46715
16.739,0.26248
20.113,0.20759
16.946,0.2681
15.706,0.29809
13.922,0.33872
15.879,0.30349
10.368,0.44896
15.286,0.3115
15.783,0.29082
11.37,0.37144
14.585,0.35695
10.172,0.41444
15.654,0.31709
18.343,0.25246
12.704,0.35862
8.3499,0.47052
12.355,0.39942
16.273,0.28898
12.261,0.34882
14.423,0.33458
8.0008,0.45334
15.486,0.26825
11.569,0.39891
15.959,0.28795
15.169,0.29494
16.932,0.26448
13.015,0.37476
8.1549,0.48784
5.5033,0.56211
13.725,0.33843
6.2427,0.53958
11.334,0.38586
16.414,0.27209
8.3254,0.4717
11.15,0.40298
10.885,0.41576
9.0489,0.45
15.334,0.31078
4.914,0.5896
10.94,0.4162
19.278,0.21381
14.131,0.30547
13.368,0.34339
15.771,0.28299
19.515,0.21692
12.476,0.36829
11.217,0.40677
12.974,0.34566
16.525,0.27147
15.034,0.2918
13.388,0.36195
15.074,0.29485
17.266,0.25337
17.518,0.25613
13.724,0.32208
14.847,0.31066
12.05,0.32599
6.4485,0.53308
13.223,0.34244
17.405,0.25246
10.658,0.41467
12.101,0.37282
14.054,0.33989
10.26,0.44633
13.19,0.36233
11.351,0.40699
13.714,0.31627
11.354,0.40762
17.084,0.25958
18.959,0.22723
17.709,0.25879
17.579,0.27599
18.004,0.2285
17.581,0.25765
6.5652,0.53696
13.433,0.36787
15.412,0.31
18.125,0.24062
12.59,0.34394
12.347,0.38284
14.985,0.30731
14.649,0.32387
15.191,0.29311
15.174,0.32454
14.397,0.33477
12.653,0.37029
10.963,0.41072
16.491,0.27861
15.893,0.30252
15.197,0.29796
15.588,0.27435
15.341,0.31112
14.012,0.33622
13.99,0.32792
15.7,0.31434
13.627,0.34059
14.721,0.28938
13.441,0.33626
13.124,0.36529
13.664,0.31139
16.774,0.26456
14.563,0.32818
13.815,0.32396
13.653,0.32722
17.453,0.24813
20.781,0.2016
18.289,0.23425
18.162,0.22972
14.266,0.34009
15.046,0.30211
15.678,0.2766
14.042,0.31736
18.795,0.21247
14.733,0.29582
15.238,0.28523
10.514,0.41313
13.606,0.32219
13.404,0.35304
12.735,0.36485
6.2681,0.55365
15.283,0.28408
17.328,0.26904
12.993,0.3525
14.134,0.32536
15.678,0.27732
18.176,0.2358
17.918,0.24036
16.439,0.27262
17.545,0.25959
16.028,0.29003
20.989,0.19571
15.984,0.27928
20.942,0.19245
16.335,0.27557
16.244,0.27128
18.331,0.22436
15.624,0.2838
21.806,0.18292
12.18,0.35562
18.524,0.22483
18.864,0.20127
19.563,0.20183
15.459,0.29346
12.875,0.3692
17.143,0.25136
16.372,0.26318
17.762,0.23884
15.186,0.30453
17.238,0.25571
13.294,0.3496
12.088,0.36267
10.184,0.41053
17.087,0.25788
13.272,0.33228
13.624,0.34194
16.324,0.27557
13.088,0.33575
12.485,0.33829
16.748,0.26715
17.485,0.23674
17.728,0.2122
10.677,0.39814
10.371,0.40471
14.213,0.29186
14.643,0.30123
12.378,0.372
12.96,0.35464
13.506,0.35634
16.021,0.27284
15.252,0.2825
14.369,0.31461
10.074,0.42346
13.775,0.32571
16.449,0.26413
11.157,0.40924
18.01,0.25513
14.327,0.32134
9.7967,0.43422
14.505,0.31159
19.103,0.22113
16.814,0.26008
18.015,0.26242
15.217,0.31098
18.489,0.24451
19.037,0.23302
16.726,0.26941
9.7153,0.43625
14.191,0.32962
15.369,0.27504
20.275,0.19975
21.812,0.16069
21.824,0.19491
21.451,0.18536
19.684,0.21157
20.577,0.18571
20.365,0.21771
19.604,0.23065
19.325,0.23187
19.582,0.22281
10.393,0.40669
21.305,0.19909
12.67,0.33934
13.286,0.31798
15.762,0.29419
12.209,0.35141
11.381,0.39256
13.616,0.32726
19.52,0.22691
9.5343,0.4471
16.265,0.29562
13.867,0.33995
17.809,0.24231
18.294,0.26326
9.6497,0.43131
10.428,0.41027
10.948,0.41976
16.597,0.25294
20.656,0.19806
16.421,0.27645
14.409,0.2926
19.805,0.22148
16.909,0.23291
12.094,0.36892
14.695,0.30197
16.323,0.29233
9.7622,0.41933
12.605,0.33803
14.914,0.30601
16.87,0.27144
17.922,0.24747
19.64,0.1964
19.925,0.18716
19.189,0.21167
16.736,0.2923
20.911,0.17387
16.66,0.24162
14.183,0.32216
15.767,0.27368
9.1578,0.46086
11.436,0.39231
9.7601,0.42129
17.736,0.22633
20.54,0.19394
17.959,0.21058
14.301,0.30274
16.282,0.26519
11.999,0.35099
14.337,0.32616
15.804,0.2889
15.667,0.25587
14.456,0.30295
17.64,0.21762
16.363,0.23045
17.355,0.23312
13.201,0.33122
16.411,0.24807
14.019,0.29816
16.148,0.24635
4.9149,0.58976
12.034,0.35174
16.291,0.26229
13.585,0.30151
10.098,0.40842
9.3812,0.42594
18.108,0.21526
13.151,0.32255
13.081,0.32447
11.351,0.37783
13.208,0.31024
11.321,0.37153
11.378,0.37603
14.555,0.27184
15.321,0.26179
10.993,0.3708
11.627,0.37051
14.165,0.31407
13.975,0.32692
15,0.3031
17.587,0.23371
14.635,0.32447
10.734,0.39293
17.077,0.25557
16.57,0.27265
16.126,0.2425
17.63,0.26487
13.4,0.3271
18.077,0.23975
13.106,0.3446
8.1699,0.45868
18.502,0.25037
17.255,0.28844
12.682,0.36412
15.603,0.26999
18.244,0.21282
16.278,0.26774
10.712,0.39158
10.637,0.42833
17.133,0.23567
12.75,0.31185
16.919,0.25719
16.23,0.26773
19.061,0.20079
14.918,0.30895
9.4441,0.41352
15.647,0.28602
19.132,0.19436
19.028,0.22471
17.517,0.28646
15.479,0.2986
15.079,0.30458
17.789,0.23974
13.062,0.33376
16.434,0.26469
15.857,0.27833
19.832,0.18983
18.498,0.21468
21.752,0.16146
19.37,0.2042
18.05,0.22929
19.911,0.19309
18.889,0.21911
13.897,0.32456
13.423,0.33329
18.768,0.2371
10.346,0.38494
17.978,0.24917
12.322,0.36439
14.943,0.30024
15.159,0.27108
12.064,0.36221
13.178,0.34498
13.227,0.35032
18.863,0.22157
10.726,0.41419
13.329,0.34732
14.558,0.31664
11.688,0.38015
13.155,0.35113
9.4781,0.42837
19.139,0.23307
15.888,0.28362
15.555,0.2694
14.871,0.27324
13.212,0.3493
17.418,0.2429
13.839,0.32564
10.098,0.40128
16.455,0.25666
15.633,0.29002
18.444,0.21014
20.475,0.17157
18.247,0.22122
17.178,0.21922
15.864,0.28106
11.825,0.37853
13.478,0.33872
16.042,0.27126
16.565,0.26169
18.925,0.22676
16.341,0.29423
14.883,0.31284
12.647,0.34264
19.019,0.25508
14.86,0.29994
9.2502,0.41864
16.309,0.26986
12.372,0.39046
18.608,0.22293
15.647,0.28407
12.986,0.32621
18.251,0.2471
10.162,0.39831
12.064,0.34517
17.715,0.25308
16.007,0.24198
10.316,0.40061
11.767,0.3675
17.397,0.26183
13.34,0.33988
14.527,0.31817
15.363,0.3014
14.547,0.28264
19.267,0.22502
20.124,0.17974
10.495,0.40477
14.099,0.3269
7.9401,0.47208
13.057,0.34484
15.596,0.2839
14.854,0.27972
15.3,0.27227
15.831,0.27591
15.468,0.2785
14.753,0.3027
17.639,0.23974
17.338,0.24132
13.602,0.30121
7.871,0.48013
12.066,0.38692
17.952,0.22769
16.981,0.2555
13.118,0.35163
16.11,0.27063
18.195,0.21863
19.228,0.2105
15.93,0.26935
14.292,0.30968
10.038,0.42513
12.23,0.36848
16.641,0.25828
17.2,0.25592
14.773,0.32038
11.417,0.36445
12.492,0.35008
16.365,0.25656
14.387,0.31879
21.8,0.15338
13.309,0.3364
20.422,0.21824
14.59,0.26169
10.589,0.38565
11.999,0.33971
11.138,0.35979
15.692,0.26453
21.861,0.15229
15.581,0.28453
12.372,0.35947
16.511,0.26174
19.935,0.17081
16.32,0.26561
15.393,0.28266
14.226,0.2975
16.552,0.24425
17.4,0.22689
15.28,0.29574
14.494,0.31593
18.189,0.20888
14.556,0.3075
17.413,0.24517
15.619,0.27652
17.072,0.2303
12.491,0.33767
17.599,0.22702
22.465,0.13294
18.029,0.23198
12.374,0.36463
18.706,0.22408
18.381,0.2244
14.603,0.32664
13.757,0.32612
13.275,0.33547
11.481,0.34773
11.988,0.36258
9.4213,0.42303
16.233,0.26165
17.677,0.24167
16.097,0.27914
22.29,0.16092
21.83,0.1954
16.727,0.25884
19.7,0.18872
20.368,0.1831
19.833,0.20642
20.353,0.18933
19.912,0.19752
15.506,0.29462
13.676,0.34057
14.829,0.29063
12.098,0.37003
17.008,0.257
20.585,0.182
18.467,0.21261
16.04,0.26191
13.447,0.32416
11.354,0.37803
18.969,0.19696
13.764,0.31318
13.869,0.32695
11.479,0.38084
15.548,0.30493
14.71,0.30538
19.671,0.16912
20.546,0.19093
14.17,0.31403
18.388,0.22029
22.327,0.12856
17.253,0.24509
14.456,0.30799
14.406,0.2853
18.553,0.1993
21.691,0.19314
20.385,0.18743
9.9118,0.4073
15.467,0.26295
14.798,0.28987
13.266,0.32969
13.95,0.31665
14.532,0.29298
13.789,0.31359
19.214,0.19588
15.561,0.28297
15.136,0.29092
11.34,0.37308
13.788,0.33574
18.231,0.20693
19.302,0.19643
19.257,0.22986
19.953,0.18943
15.656,0.26537
9.7271,0.43614
15.604,0.28495
13.103,0.32662
15.038,0.2958
16.814,0.25187
12.197,0.37182
17.195,0.2447
17.071,0.26852
19.076,0.21705
19.358,0.20259
17.577,0.24454
17.696,0.23426
18.973,0.20844
13.059,0.34175
15.439,0.27994
14.485,0.27628
8.6288,0.46074
13.236,0.3116
14.186,0.28565
20.461,0.17283
16.56,0.24776
17.27,0.24053
16.037,0.27762
18.394,0.23137
20.641,0.17053
4.2315,0.58267
15.198,0.27599
16.831,0.23231
9.459,0.4246
12.285,0.357
13.683,0.34293
17.075,0.24885
16.964,0.26339
16.161,0.29926
21.05,0.16645
22.164,0.15056
16.512,0.28812
14.817,0.32599
18.565,0.23151
16.233,0.26989
10.028,0.41414
16.732,0.26046
6.8674,0.49318
12.395,0.34522
12.654,0.35638
14.129,0.30956
13.388,0.33596
9.8441,0.40596
15.423,0.27108
20.806,0.19412
11.884,0.3641
17.926,0.21633
18.628,0.2416
5.3309,0.55864
21.409,0.1783
13.555,0.30791
21.45,0.18655
12.33,0.33676
9.92,0.38281
14.466,0.28098
22.817,0.15316
11.808,0.3688
18.467,0.20208
11.154,0.39528
14.62,0.31171
15.827,0.29185
17.486,0.24246
17.497,0.25074
16.112,0.26835
16.953,0.26021
20.918,0.17226
14.941,0.28187
16.54,0.24993
21.402,0.15522
11.804,0.35274
15.587,0.28275
13.824,0.30603
14.304,0.30169
15.018,0.28688
13.547,0.33507
19.872,0.17624
15.643,0.24328
17.284,0.22916
17.818,0.22885
19.44,0.19707
19.897,0.22938
16.918,0.25837
22.269,0.14197
12.666,0.33028
11.903,0.37764
14.238,0.27543
13.902,0.33949
8.5967,0.43558
19.832,0.19425
9.3587,0.4376
14,0.33215
15.59,0.27842
6.3623,0.52107
20.045,0.21259
11.825,0.36479
15.754,0.26007
14.397,0.28151
14.808,0.23826
10.749,0.3833
20.079,0.17175
15.524,0.25919
16.397,0.2574
19.618,0.17327
14.261,0.2844
13.301,0.31236
11.638,0.34388
13.121,0.31215
12.463,0.35087
15.429,0.28003
18.885,0.22548
12.754,0.3584
13.382,0.32227
17.134,0.26227
16.575,0.26231
18.048,0.2351
15.58,0.31199
16.354,0.29327
15.716,0.28949
10.429,0.41238
14.087,0.31163
16.029,0.28267
18.58,0.21791
17.937,0.21743
14.512,0.31899
13.177,0.3345
8.8836,0.42174
16.737,0.26066
18.15,0.24497
17.63,0.23632
17.132,0.25835
12.114,0.35974
11.968,0.3488
10.644,0.39868
16.233,0.24029
11.767,0.36139
14.515,0.29564
17.475,0.24299
9.108,0.426
13.028,0.32917
14.245,0.29833
11.753,0.37764
21.66,0.15487
15.673,0.28212
18.117,0.2081
18.417,0.2104
14.63,0.28637
20.938,0.17698
20.009,0.17795
15.334,0.26745
14.073,0.30164
12.057,0.35215
14.506,0.32282
17.625,0.25173
16.584,0.24612
12.832,0.33365
18.189,0.22319
22.63,0.13204
22.409,0.13561
21.824,0.17144
18.608,0.22937
23.436,0.126
20.832,0.19531
19.079,0.21074
21.489,0.16542
19.487,0.22692
17.92,0.2429
14.586,0.30501
13.371,0.34546
12.552,0.32387
20.783,0.20924
21.01,0.19368
22.317,0.15781
21.865,0.17945
5.6007,0.52142
8.4396,0.4449
13.318,0.3046
13.516,0.30041
7.6941,0.45724
14.938,0.26331
11.089,0.37456
13.585,0.35244
14.036,0.32046
16.012,0.26816
15.155,0.29099
14.943,0.30704
18.182,0.24502
18.842,0.23534
18.908,0.22958
13.948,0.30113
15.616,0.27895
8.4423,0.44415
13.542,0.3198
16.876,0.27098
19.381,0.20299
20.53,0.18213
21.291,0.16393
16.31,0.2664
20.942,0.1808
11.158,0.36882
14.86,0.29283
13.484,0.33129
6.542,0.52048
12.792,0.3282
14.709,0.30082
21.415,0.18784
15.018,0.29195
17.722,0.24117
14.502,0.32777
15.784,0.28929
16.277,0.25872
21.904,0.17139
17.999,0.25013
13.864,0.3088
20.763,0.17604
18.863,0.21876
14.778,0.30801
16.866,0.23778
15.627,0.25963
15.435,0.29268
17.949,0.23356
17.564,0.22998
13.555,0.35919
14.774,0.28527
16.413,0.25739
20.617,0.17074
17.606,0.24817
17.275,0.21771
14.271,0.29933
9.9265,0.41
17.81,0.24848
17.671,0.26857
11.402,0.36885
19.8,0.19722
16.557,0.25613
19.294,0.18912
21.632,0.16784
19.205,0.2107
20.329,0.18504
17.123,0.24581
4.8023,0.60196
18.394,0.25564
4.0305,0.60381
18.531,0.2296
9.7966,0.42562
12.766,0.31457
14.503,0.30064
16.964,0.25596
15.853,0.28944
3.6289,0.61966
16.865,0.24652
16.486,0.28002
18.64,0.23682
13.598,0.2817
19.888,0.18934
17.325,0.24702
19.569,0.19702
16.964,0.2485
16.306,0.25432
14.274,0.29698
11.027,0.36505
14.412,0.29141
12.574,0.33804
15.32,0.29404
12.093,0.35382
12.571,0.33695
19.527,0.22014
18.844,0.21109
19.197,0.22692
21.198,0.18086
16.314,0.30107
15.492,0.29757
23.178,0.16052
22.272,0.18828
23.165,0.12422
15.477,0.25714
13.489,0.30148
15.353,0.26131
17.915,0.22657
17.173,0.24454
15.732,0.26527
14.543,0.27929
10.845,0.37945
14.417,0.31562
7.4561,0.45097
14.923,0.29213
23.267,0.14239
19.14,0.19544
18.208,0.263
18.313,0.24601
16.149,0.25069
16.285,0.26838
15.378,0.27924
13.619,0.3276
16.893,0.21819
22.809,0.12945
15.143,0.31449
12.648,0.32059
13.89,0.30199
17.133,0.24345
11.216,0.36174
13.781,0.33151
18.283,0.23804
12.573,0.32552
9.9449,0.42158
13.625,0.34059
19.799,0.20981
14.381,0.3063
13.014,0.35628
18.467,0.2448
15.687,0.27387
20.424,0.20511
17.634,0.23437
18.86,0.2141
19.267,0.21623
18.892,0.20572
19.405,0.17985
18.737,0.21498
18.747,0.21935
13.878,0.32254
21.013,0.18753
9.5223,0.41885
23.042,0.15654
21.703,0.14864
20.039,0.17206
21.153,0.16069
19.738,0.19653
20.422,0.18889
18.609,0.21237
17.203,0.25649
19.278,0.22309
14.008,0.32303
17.464,0.21417
23.523,0.14572
10.674,0.39911
21.067,0.16371
13.394,0.31355
14.381,0.31499
19.565,0.22753
21.374,0.16326
19.024,0.20551
17.431,0.2571
16.915,0.25761
21.139,0.16464
19.65,0.20352
14.699,0.29016
16.14,0.27937
17.596,0.2304
18.464,0.23023
14.604,0.29866
16.734,0.26843
16.422,0.21572
19.434,0.19028
17.137,0.25077
13.837,0.28815
17.268,0.26145
13.265,0.30681
17.997,0.26505
16.544,0.26174
16.279,0.27017
20.472,0.18973
17.367,0.2525
21.671,0.17721
19.996,0.1933
19.814,0.19919
22.698,0.12418
17.212,0.25123
21.894,0.19448
16.727,0.27165
13.241,0.3265
10.45,0.42131
13.259,0.35186
14.673,0.30307
11.818,0.37964
20.923,0.18439
15.065,0.28696
16.997,0.26764
18.347,0.22001
20.455,0.20598
20.173,0.19041
19.191,0.21325
16.725,0.26047
17.98,0.20675
18.102,0.21902
12.545,0.34599
21.758,0.14715
18.448,0.19868
14.134,0.30922
17.011,0.24504
11.896,0.34256
18.844,0.23278
18.862,0.20449
19.468,0.22279
17.552,0.24321
20.186,0.18085
20.356,0.19052
12.489,0.34971
17.317,0.24286
18.753,0.20959
19.37,0.20618
19.92,0.195
16.696,0.27172
22.734,0.16331
22.461,0.14063
18.147,0.23552
20.146,0.18817
23.331,0.13699
18.311,0.21355
11.336,0.37341
13.65,0.32527
14.663,0.30027
15.889,0.27658
16.118,0.28831
14.136,0.29905
19.513,0.20184
16.578,0.28367
19.489,0.21373
17.353,0.23837
23.191,0.13073
14.835,0.29922
13.17,0.33817
15.496,0.30746
13.396,0.33025
16.182,0.25961
19.299,0.18895
19.435,0.16355
16.684,0.24751
10.714,0.36825
13.194,0.33632
17.46,0.2317
16.49,0.24606
18.527,0.24279
12.633,0.33155
16.699,0.26159
15.916,0.27862
15.378,0.27055
21.825,0.1766
15.067,0.28078
20.998,0.18152
14.612,0.30631
15.951,0.25094
16.074,0.25934
17.053,0.24477
13.236,0.33283
16.46,0.22864
19.848,0.22021
11.205,0.36575
14.12,0.29671
20.701,0.18044
17.92,0.2151
21.422,0.13812
19.597,0.18092
18.096,0.21963
16.794,0.24869
18.332,0.21659
19.462,0.19668
9.7955,0.43318
17.83,0.20747
18.918,0.20899
17.395,0.24629
19.172,0.19312
22.39,0.1234
13.669,0.30549
17.787,0.22485
17.439,0.2286
23.748,0.11468
15.724,0.25804
12.513,0.34778
13.327,0.31509
14.205,0.32236
17.382,0.23686
21.613,0.15733
20.986,0.16413
15.357,0.29613
15.613,0.27028
13.274,0.30839
23.931,0.089239
21.393,0.14767
11.727,0.33453
6.0003,0.51999
12.111,0.35313
15.791,0.26374
16.197,0.24909
15.865,0.25396
16.479,0.23927
12.158,0.35769
18.45,0.19887
18.072,0.22247
3.2168,0.65863
17.635,0.23528
12.813,0.3044
10.571,0.39043
8.945,0.42732
19.779,0.18619
14.536,0.29222
9.8317,0.40842
15.407,0.27034
13.484,0.31777
15.835,0.24734
14.285,0.28696
15.562,0.26511
6.862,0.49689
14.738,0.27866
15.629,0.25225
17.732,0.22494
16.417,0.23789
9.1478,0.39657
16.168,0.25015
12.073,0.35906
17.007,0.23611
18.216,0.21467
14.659,0.29416
13.909,0.27404
14.381,0.26264
7.2871,0.44138
11.991,0.31906
13.97,0.2722
14.06,0.29888
15.245,0.24508
8.9838,0.39447
4.7077,0.56403
3.2191,0.64375
18.256,0.18976
16.089,0.24107
12.227,0.35573
14.183,0.28273
18.291,0.21557
5.2197,0.53472
12.266,0.30127
12.85,0.31134
19.299,0.1781
23.206,0.13666
23.634,0.13158
5.6029,0.50679
20.533,0.18521
17.169,0.21835
21.263,0.13684
18.681,0.1854
2.445,0.71327
10.339,0.36746
8.7735,0.42118
9.4488,0.40228
19.681,0.186
23.06,0.15513
19.327,0.17801
20.354,0.14236
16.142,0.24667
12.118,0.33032
15.904,0.24156
11.672,0.31355
17.681,0.17737
13.403,0.29133
15.136,0.24822
13.084,0.32864
13.19,0.32223
9.0058,0.42906
10.501,0.38027
18.306,0.21116
11.715,0.35431
15.784,0.22593
18.182,0.19251
17.785,0.1822
22.865,0.13465
18.758,0.16053
16.56,0.21241
18.18,0.18166
21.769,0.14373
15.82,0.22993
17.954,0.2174
14.732,0.21993
22.81,0.1153
6.6401,0.46181
17.266,0.21375
10.069,0.38537
13.096,0.31147
8.9725,0.37344
14.957,0.26452
12.127,0.30945
22.305,0.14586
22.433,0.13133
22.561,0.11783
16.04,0.22665
17.029,0.24937
18.386,0.22655
17.019,0.20569
16.04,0.21843
19.071,0.19349
20.75,0.14406
21.648,0.11773
12.598,0.28427
14.65,0.23652
6.4171,0.47694
1.9865,0.71492
9.3208,0.39498
12.199,0.34146
9.1669,0.39392
15.354,0.23563
15.067,0.25673
4.1314,0.59546
16.984,0.22038
10.983,0.3438
6.6154,0.48814
9.637,0.36363
10.921,0.33756
9.2237,0.40915
17.682,0.22205
13.598,0.27179
17.892,0.20939
22.947,0.12319
15.603,0.26018
21.541,0.12956
12.382,0.33607
20.685,0.16554
21.216,0.14676
6.9574,0.44002
3.323,0.61706
3.3339,0.60764
13.049,0.27891
16.042,0.22193
2.8332,0.68295
21.356,0.14571
14.605,0.27374
17.791,0.17752
11.134,0.35668
8.1379,0.40186
12.893,0.29399
12.825,0.3031
9.1228,0.40672
12.107,0.28781
10.698,0.35735
8.0561,0.44016
10.942,0.35555
13.859,0.26373
10.726,0.37042
10.335,0.34171
10.045,0.40157
16.41,0.20714
16.875,0.24025
3.2904,0.58368
16.929,0.22316
20.063,0.1806
10.546,0.37469
10.04,0.37639
22.531,0.091257
16.824,0.20826
9.5201,0.42254
10.778,0.33868
18.133,0.1784
3.0641,0.64661
7.4867,0.38457
3.9011,0.61402
10.195,0.3466
6.2478,0.52217
13.21,0.29349
9.4145,0.41617
13.794,0.27331
13.438,0.28864
4.0632,0.6116
15.014,0.25199
5.8694,0.49977
6.1761,0.48728
8.078,0.42835
16.502,0.22361
14.111,0.30616
12.113,0.33894
6.5873,0.49744
2.8295,0.72189
13.888,0.29076
11.333,0.30793
1.2773,0.86476
16.254,0.2478
10.039,0.37485
4.6864,0.49501
12.115,0.33934
2.1802,0.72304
14.077,0.25312
11.813,0.32456
10.899,0.33918
16.882,0.1829
17.058,0.24149
8.3135,0.43699
18.843,0.14577
16.503,0.20954
15.767,0.21409
13.508,0.26884
14.936,0.21222
9.932,0.36173
7.0868,0.48594
3.8921,0.5725
4.4228,0.5659
15.663,0.2772
18.173,0.20777
6.2761,0.4151
18.098,0.17779
17.537,0.21728
4.7025,0.56256
13.14,0.28779
5.7206,0.51845
10.244,0.34786
17.166,0.20815
12.15,0.32901
16.549,0.19247
16.129,0.20128
14.092,0.2705
11.358,0.34978
7.6248,0.42667
1.4065,0.84826
11.99,0.33759
1.8606,0.76852
8.4449,0.37378
11.986,0.28582
7.2206,0.43877
14.729,0.27271
2.9082,0.66089
10.099,0.36579
2.6976,0.6671
9.1557,0.36749
8.8475,0.35042
11.364,0.33939
13.513,0.27561
18.468,0.13216
15.717,0.21247
16.347,0.19633
14.013,0.24614
13.999,0.27192
14.718,0.25859
13.611,0.2727
9.5758,0.37082
10.669,0.32456
14.556,0.20887
10.468,0.35039
15.366,0.20095
19.894,0.0961
1.4342,0.84556
3.8341,0.56115
13.464,0.28888
19.524,0.15384
15.295,0.27082
17.823,0.16665
17.807,0.20482
14.584,0.21706
9.1515,0.35409
7.1654,0.38996
5.4093,0.50578
6.2513,0.48605
2.9954,0.6748
3.2032,0.65122
6.0862,0.50575
12.947,0.28057
9.0261,0.36404
4.9236,0.55128
1.3844,0.84393
11.301,0.37212
12.939,0.30824
17.132,0.18315
4.0797,0.55231
1.4842,0.84234
8.8941,0.35593
8.3985,0.42737
8.108,0.39598
16.057,0.22177
6.4513,0.50267
12.526,0.2978
3.244,0.65295
13.289,0.29326
10.755,0.35966
13.732,0.25673
17.525,0.16472
7.9885,0.38869
15.477,0.24769
17.628,0.19188
1.5035,0.83718
8.0799,0.43467
8.5708,0.39196
14.997,0.26112
17.877,0.19699
4.8979,0.55607
9.7268,0.38856
15.894,0.26148
13.9,0.25593
13.013,0.31712
5.5844,0.4693
17.796,0.19029
13.885,0.30079
14.783,0.26642
4.1139,0.57583
15.27,0.21976
10.815,0.33773
13.496,0.27926
14.551,0.2558
7.6804,0.35405
1.096,0.91455
17.738,0.20166
8.0936,0.39979
2.7845,0.67625
11.742,0.2652
2.7603,0.69231
3.841,0.59204
10.968,0.32225
5.636,0.49323
12.398,0.32649
16.729,0.23901
12.948,0.25467
16.923,0.22493
6.785,0.43176
2.1668,0.7179
10.727,0.35672
3.9303,0.5307
2.3842,0.71827
2.862,0.67462
1.0745,0.92924
14.224,0.24875
8.9222,0.37056
7.9125,0.40044
10.433,0.31052
3.6084,0.56602
1.4292,0.84302
4.2131,0.53523
11.448,0.32531
7.5019,0.35511
4.079,0.55588
7.1729,0.37913
9.1971,0.38674
2.5832,0.70309
10.773,0.34157
11.378,0.3153
1.2941,0.87964
9.5616,0.39013
13.195,0.25124
14.589,0.23875
5.2824,0.53033
11.48,0.33574
5.7197,0.45082
9.3755,0.31234
15.259,0.25212
15.341,0.23426
12.459,0.30722
8.5262,0.4239
6.0227,0.45521
5.7524,0.43278
6.262,0.45381
3.3931,0.56631
5.2561,0.52195
5.8323,0.46263
14.141,0.20397
14.739,0.25122
14.655,0.23644
9.2349,0.29773
16.163,0.22533
17.836,0.16972
16.989,0.16933
10.849,0.34743
16.326,0.24381
15.679,0.24241
7.2972,0.38248
13.011,0.29294
5.8637,0.46293
3.3894,0.58973
5.2928,0.53313
12.868,0.33261
15.381,0.21359
3.2285,0.64929
4.7899,0.53989
5.7926,0.45234
7.8418,0.44099
10.959,0.36504
17.462,0.20649
2.5186,0.68175
6.1395,0.42867
4.0065,0.56584
2.3393,0.70704
8.5955,0.39724
12.123,0.30966
3.9625,0.56336
9.555,0.33849
6.2054,0.4723
10.467,0.31968
7.8131,0.39275
4.2136,0.59808
8.9051,0.37077
3.8533,0.61728
18.5,0.18661
1.647,0.81809
2.763,0.68973
1.8146,0.76745
1.5411,0.8191
4.6075,0.53747
9.2134,0.38317
6.4968,0.45446
2.5198,0.73159
3.8684,0.59279
2.0603,0.73784
6.0456,0.4898
3.8771,0.61852
4.9533,0.52936
9.6262,0.28769
12.088,0.29278
15.938,0.23698
2.5305,0.64351
2.5485,0.71186
5.3116,0.46789
7.1949,0.35465
8.0578,0.42405
16.059,0.2011
5.9503,0.44208
14.406,0.20999
19.434,0.15629
13.985,0.26548
8.8877,0.42977
7.5331,0.43794
14.212,0.241
15.938,0.22892
22.211,0.086141
13.962,0.26645
17.519,0.20255
16.272,0.23016
14.465,0.2303
6.2621,0.44834
8.3581,0.34961
13.817,0.2608
16.835,0.19465
3.3632,0.60352
8.1358,0.40761
16.9,0.18468
5.0892,0.52013
4.2342,0.5587
8.4358,0.32341
6.4099,0.4678
8.4434,0.38079
12.882,0.28646
5.8199,0.53546
5.3828,0.55268
2.8209,0.69197
2.903,0.65166
7.4593,0.42908
9.4492,0.28284
10.512,0.32268
18.421,0.16368
3.6929,0.56044
2.7135,0.64558
1.0972,0.92049
14.286,0.2734
16.454,0.22353
10.346,0.36841
7.2986,0.45387
11.773,0.31376
7.9246,0.42136
2.471,0.67011
12.216,0.28247
7.0102,0.41092
9.4121,0.28937
6.9717,0.46215
5.6958,0.48294
10.559,0.34093
8.3783,0.36435
16.477,0.19558
10.134,0.39097
4.2347,0.51484
8.1513,0.33946
2.5497,0.7331
4.6969,0.57539
3.3062,0.61369
11.123,0.32333
6.7062,0.45248
9.6614,0.37499
11.677,0.34198
14.649,0.25037
15.589,0.22471
4.4645,0.54979
16.402,0.24345
6.6485,0.46482
4.4222,0.52461
2.915,0.66355
5.8747,0.42954
2.7497,0.66139
9.999,0.33744
5.3141,0.48539
12.381,0.28259
2.4387,0.68028
14.625,0.26578
14.197,0.2543
9.4143,0.39081
16.56,0.25487
5.3636,0.46458
4.6754,0.50518
5.1858,0.56459
13.512,0.283
2.9776,0.65753
7.9547,0.35969
3.5034,0.61954
19.524,0.10715
3.3544,0.61208
11.081,0.35029
6.2288,0.40608
9.593,0.38058
1.5546,0.80262
6.4375,0.42077
2.5071,0.66805
12.823,0.25042
11.802,0.3383
2.7739,0.67691
12.366,0.3036
4.0789,0.56788
9.3989,0.37001
11.005,0.30508
6.3938,0.46857
6.6886,0.44455
14.276,0.23394
8.0927,0.33663
9.8413,0.37106
7.4617,0.43023
2.9317,0.68903
14.438,0.29564
6.8156,0.4794
2.7226,0.69264
11.633,0.29891
18.956,0.14737
12.809,0.23501
6.4818,0.41027
3.3301,0.57265
8.188,0.389
3.1982,0.62584
9.988,0.3846
15.063,0.29865
2.3903,0.69033
11.224,0.3284
7.1538,0.39148
18.337,0.17645
5.8381,0.45134
5.6363,0.45854
10.821,0.2938
12.052,0.31374
4.1043,0.55587
4.2641,0.55232
11.227,0.35777
2.0075,0.7535
5.8878,0.49976
18.607,0.18929
6.8066,0.38992
8.044,0.33669
3.1762,0.63085
4.701,0.51902
18.042,0.19346
5.7814,0.46492
8.6027,0.30385
2.8038,0.69847
13.598,0.28426
10.984,0.32606
3.6383,0.5778
12.368,0.29817
6.9829,0.42463
3.2299,0.66714
10.381,0.34608
4.9782,0.53369
4.8416,0.51758
11.828,0.28773
5.6905,0.5302
5.7113,0.49679
8.2368,0.39863
18.01,0.20541
14.77,0.23923
18.844,0.17007
16.544,0.2245
15.386,0.22051
3.1088,0.61417
8.5953,0.41452
9.4417,0.30018
8.7781,0.36375
3.0622,0.62855
5.8331,0.44941
11.806,0.32551
11.478,0.31369
10.325,0.30081
10.398,0.3163
11.989,0.31391
16.292,0.21227
10.195,0.3154
9.5578,0.37606
12.924,0.29438
8.6347,0.31878
3.5582,0.56863
2.7106,0.6616
14.254,0.23202
3.2614,0.61207
17.271,0.20066
17.237,0.21837
2.7476,0.63539
9.5853,0.40057
7.4406,0.46085
6.6932,0.48509
9.2441,0.3455
5.9713,0.48229
15.213,0.23183
12.885,0.25325
12.785,0.25969
8.7204,0.40503
3.2458,0.63437
11.078,0.26645
1.6194,0.79692
5.2057,0.48994
12.377,0.30506
8.5126,0.42433
9.6619,0.3937
5.2706,0.51929
5.1589,0.47677
4.4803,0.54943
12.893,0.26851
4.6491,0.47869
6.7459,0.36047
7.7512,0.43591
7.2907,0.34463
7.6669,0.33572
9.5064,0.31937
14.226,0.25335
2.7486,0.66291
15.915,0.23594
3.1285,0.59402
7.1643,0.41677
9.7135,0.36583
16.193,0.20925
9.4431,0.3911
9.8654,0.34609
16.837,0.20687
4.9148,0.46896
3.8651,0.55215
10.168,0.31892
6.2533,0.42282
15.837,0.21885
13.956,0.26508
14.647,0.22399
13.994,0.26063
9.4479,0.33978
10.625,0.28065
2.5985,0.70459
12.469,0.30284
3.2422,0.59633
10.457,0.34031
9.7868,0.35089
2.8584,0.64609
5.4712,0.50885
14.106,0.26653
15.225,0.22194
17.527,0.20786
14.6,0.2311
13.976,0.27354
13.746,0.26854
7.27,0.4127
12.808,0.26541
3.106,0.63573
2.6555,0.70996
13.103,0.25649
3.2252,0.62178
10.053,0.32162
6.9712,0.449
2.2412,0.71781
12.402,0.30626
17.241,0.18073
15.099,0.22435
2.7112,0.67782
12.675,0.25115
10.268,0.34556
14.36,0.25329
10.234,0.37167
15.16,0.22925
15.813,0.18604
20.749,0.094818
11.602,0.2974
10.748,0.29663
2.9225,0.61431
15.434,0.23254
6.9493,0.46489
1.8701,0.7682
1.3749,0.81237
3.8685,0.52296
4.4708,0.53773
2.3146,0.72818
3.9579,0.5337
4.0815,0.52525
8.1213,0.35492
11.772,0.32237
11.529,0.28494
12.273,0.31998
12.527,0.31357
2.7952,0.63122
12.108,0.31114
6.6914,0.42523
11.151,0.32508
18.057,0.20782
14.488,0.24614
1.3639,0.8566
4.163,0.57466
3.7986,0.56172
6.0672,0.46969
6.49,0.49664
1.4946,0.80506
11.153,0.30605
3.9242,0.58139
13.849,0.24328
6.7031,0.43731
7.3747,0.40821
10.898,0.29797
9.0627,0.36885
13.618,0.23587
5.7221,0.49067
2.9655,0.66533
3.38,0.59975
11.326,0.32516
8.8182,0.35885
18.627,0.15829
19.232,0.15077
3.209,0.58071
8.0078,0.3569
14.386,0.25263
6.0106,0.49191
2.8202,0.65018
5.4335,0.50123
9.5852,0.37477
2.7272,0.68954
7.2251,0.41751
14.325,0.24448
10.481,0.37108
4.5254,0.49358
9.4229,0.36351
6.4902,0.41534
13.408,0.25576
2.5878,0.694
5.1647,0.51165
4.6698,0.56799
6.355,0.48973
6.0754,0.42736
9.3893,0.37067
3.3428,0.58887
7.0984,0.36308
11.961,0.31584
5.9911,0.47062
6.8537,0.39256
4.5559,0.50959
5.8913,0.45269
12.37,0.29663
20.599,0.14695
16.805,0.15829
9.797,0.35024
2.7075,0.67698
13.945,0.25333
16.048,0.18004
14.835,0.23481
10.015,0.34756
16.817,0.16529
6.8793,0.43323
12.715,0.28921
17.088,0.22901
9.2945,0.37438
9.3286,0.37129
10.564,0.35591
2.5418,0.62837
20.292,0.14815
13.553,0.27326
6.3594,0.42441
21.686,0.099039
10.32,0.36804
3.6762,0.56577
5.8962,0.46773
18.585,0.13352
10.381,0.33855
12.486,0.23362
7.5232,0.42328
5.664,0.47114
3.575,0.54122
13.187,0.26429
13.408,0.22444
10.238,0.31142
6.7741,0.41068
12.215,0.26993
8.428,0.34401
11.78,0.29774
15.081,0.2139
12.692,0.28603
13.716,0.25103
7.3531,0.39315
16.142,0.1848
10.381,0.33392
1.9406,0.73181
9.2526,0.34355
4.0855,0.54279
3.4409,0.61091
3.4499,0.61919
2.9091,0.67601
3.3387,0.62343
7.5617,0.41417
4.6825,0.54514
4.7368,0.54382
2.5516,0.68541
8.7989,0.39808
6.0291,0.50588
9.4254,0.37033
10.915,0.34315
19.971,0.12864
11.95,0.30219
4.2546,0.53879
4.3336,0.54941
13.229,0.2315
9.9071,0.38245
2.8106,0.68573
3.3402,0.62708
6.1038,0.42672
15.197,0.2179
8.1081,0.34317
8.0062,0.34382
11.694,0.31168
10.885,0.34822
12.698,0.27473
15.791,0.21968
7.6861,0.44189
14.931,0.21845
2.0393,0.71766
17.003,0.21349
16.337,0.19256
18.305,0.16603
6.1168,0.43055
6.8173,0.40887
16.191,0.24043
18.191,0.2136
13.971,0.27403
15.266,0.25357
16.644,0.22202
15.593,0.18631
10.285,0.30447
20.655,0.12271
8.237,0.37916
16.993,0.19795
11.153,0.2828
6.7502,0.42875
7.8217,0.3996
12.375,0.24974
16.108,0.23349
1.5909,0.80843
8.5951,0.34112
14.052,0.22769
9.7696,0.33781
18.254,0.21126
3.8757,0.56252
5.6335,0.42217
10.59,0.3125
2.0402,0.74289
13.916,0.25825
7.9027,0.40234
2.0607,0.78502
3.1032,0.64015
4.0404,0.55637
2.5411,0.71751
3.6106,0.58077
7.1601,0.40528
10.213,0.36098
9.453,0.38347
2.6391,0.68256
14.018,0.27103
7.4571,0.40066
3.7899,0.59216
7.7906,0.39194
9.1769,0.3826
7.7001,0.40816
12.513,0.25138
2.3522,0.70708
2.4053,0.71439
6.7226,0.39431
2.5413,0.68313
18.885,0.13432
3.1496,0.60707
3.2345,0.59548
12.229,0.31169
16.284,0.24939
6.3663,0.44849
1.9822,0.71782
15.866,0.21767
11.573,0.31366
6.0631,0.44746
2.1939,0.70817
3.8362,0.56674
10.681,0.26886
15.484,0.19657
2.3705,0.72532
6.0143,0.47104
12.713,0.28414
14.324,0.24776
14.899,0.25081
17.861,0.18807
3.0775,0.61053
13.923,0.24663
13.905,0.27074
4.3566,0.52134
15.575,0.23185
2.6661,0.65466
4.21,0.56411
6.4249,0.42053
9.7202,0.393
4.7233,0.47539
10.848,0.323
6.2398,0.46921
12.989,0.28981
2.8628,0.64227
13.001,0.29482
6.5085,0.47178
11.46,0.32573
2.8886,0.64064
5.4247,0.44867
3.8643,0.56806
8.0931,0.44455
15.667,0.25602
9.9903,0.26347
5.3025,0.48365
10.413,0.31118
12.371,0.28837
8.9735,0.39652
17.71,0.17872
8.4737,0.38938
4.3595,0.53434
3.7728,0.56416
4.3235,0.56867
7.8453,0.41824
1.8633,0.77451
10.391,0.31848
18.334,0.19881
2.9227,0.63395
7.3692,0.40958
9.3621,0.35722
12.052,0.28274
4.6999,0.49902
10.459,0.33006
10.464,0.37725
14.06,0.25917
13.707,0.25546
18.232,0.20547
11.352,0.32383
8.5791,0.43785
10.782,0.30837
5.2479,0.54391
16.852,0.16428
9.6438,0.388
2.375,0.69832
10.878,0.34811
10.243,0.32251
10.194,0.38276
14.721,0.29199
12.991,0.27416
4.7211,0.50424
19.266,0.15797
3.1853,0.63775
6.9664,0.37997
14.296,0.24628
12.17,0.32306
2.5428,0.65396
1.9294,0.76882
5.5118,0.53609
6.4765,0.38706
2.0664,0.76972
6.3029,0.46915
16.78,0.21048
1.4307,0.8145
6.1886,0.52017
4.9765,0.51659
18.102,0.1686
18.209,0.18646
14.826,0.21327
12.237,0.27442
7.5042,0.45183
5.1753,0.49067
15.092,0.21871
13.382,0.27548
5.0677,0.52399
14.882,0.24996
11.97,0.26778
6.7372,0.38967
13.144,0.26572
8.0795,0.41511
7.1084,0.44303
12.084,0.31169
12.808,0.24004
12.186,0.28381
12.017,0.2517
8.5255,0.31561
12.124,0.18393
4.9382,0.48441
11.603,0.31109
3.2117,0.5959
1.6186,0.84912
7.3349,0.41319
3.3577,0.62701
6.1977,0.46618
10.749,0.35018
5.0947,0.4457
6.2576,0.44438
6.078,0.46062
17.122,0.2098
16.571,0.22308
14.335,0.26173
18.654,0.16968
8.5326,0.35186
14.349,0.20615
20.016,0.12349
5.876,0.51768
10.89,0.36532
20.531,0.11388
11.02,0.32644
13.609,0.25841
10.347,0.35167
7.5963,0.35033
14.385,0.2389
8.3039,0.34064
8.0962,0.3747
10.687,0.31135
15.613,0.18689
4.1314,0.53469
5.4663,0.48964
2.2919,0.692
2.0981,0.70343
7.7159,0.35034
4.6179,0.48636
7.0445,0.38505
19.15,0.13043
2.5892,0.65125
4.1366,0.58131
7.9255,0.35182
7.1338,0.39747
5.929,0.38888
11.93,0.30369
6.4337,0.4273
3.1867,0.61546
16.241,0.20761
15.392,0.21903
2.9726,0.6512
13.56,0.2594
4.5124,0.50697
6.9994,0.34045
12.792,0.31407
14.292,0.2907
17.406,0.18229
13.458,0.27666
5.1798,0.47621
13.142,0.27069
16.422,0.19788
5.4096,0.4724
19.684,0.14347
9.7882,0.36352
11.595,0.31627
14.762,0.20284
10.905,0.25908
13.617,0.27864
11.953,0.30424
12.243,0.29365
17.382,0.20606
3.2366,0.63816
1.7055,0.77204
3.8124,0.53526
2.8888,0.64265
12.269,0.31193
2.8443,0.63113
3.4296,0.57716
10.742,0.33189
3.0673,0.64825
5.42,0.48374
14.617,0.2446
3.0276,0.61937
9.8262,0.29059
10.313,0.32807
8.0487,0.36367
12.739,0.26858
10.842,0.3318
11.026,0.34375
4.0897,0.51441
11.033,0.3377
13.064,0.27235
7.5056,0.41013
3.1514,0.63048
7.7917,0.40257
5.6188,0.51077
8.8754,0.34477
6.453,0.4572
6.0498,0.48827
10.639,0.29916
4.545,0.51394
18.822,0.18774
17.226,0.18902
10.19,0.31904
8.9093,0.35866
3.0978,0.62468
3.111,0.65392
13.843,0.22852
5.287,0.44168
6.9869,0.35603
7.9502,0.41281
5.6737,0.42336
11.781,0.26562
8.9644,0.34428
6.7261,0.39332
10.338,0.23851
15.447,0.25017
4.6806,0.51219
8.4965,0.36014
7.568,0.35929
6.8428,0.39254
8.6585,0.35847
8.3177,0.33861
15.036,0.22013
1.973,0.80217
11.496,0.29108
6.9576,0.39543
9.8285,0.35999
5.9512,0.50008
10.117,0.29534
3.0346,0.59867
4.2308,0.50932
4.7692,0.46244
13.214,0.2538
5.6726,0.45015
19.282,0.15533
7.896,0.35183
12.192,0.30414
19.519,0.16136
19.401,0.15598
15.232,0.22631
2.6027,0.67871
3.3263,0.62189
2.9124,0.68789
4.7723,0.48731
16.303,0.22919
11.324,0.2769
11.961,0.31833
19.432,0.14957
19.056,0.15787
16.932,0.18866
17.049,0.23807
3.2532,0.65645
7.6992,0.35841
6.09,0.44844
3.2932,0.58522
19.31,0.16973
18.121,0.19381
14.414,0.23776
10.682,0.33697
6.8203,0.43705
10.593,0.32961
17.709,0.17049
5.7112,0.46755
13.312,0.25513
4.3191,0.52536
6.6617,0.38431
6.4015,0.46885
10.216,0.29371
9.5887,0.34784
12.514,0.30016
18.798,0.1602
18.817,0.19683
5.1501,0.47177
6.204,0.47061
5.6644,0.43379
7.8502,0.42722
12.537,0.30609
3.7428,0.5742
3.0387,0.59953
19.408,0.16519
6.0676,0.49404
11.065,0.36473
1.9516,0.78156
18.707,0.18091
19.614,0.15392
10.005,0.29706
17.378,0.22111
19.283,0.16124
11.714,0.29191
18.923,0.16939
14.172,0.29447
15.67,0.25644
17.577,0.21036
4.2631,0.54348
7.6862,0.36306
11.705,0.29665
13.364,0.27494
11.98,0.32531
6.6698,0.3966
11.671,0.32891
7.0523,0.43222
4.7949,0.52409
4.5805,0.55069
14.023,0.22495
10.198,0.28775
2.9548,0.68579
8.4487,0.36234
17.924,0.20179
8.1657,0.35733
12.324,0.3014
3.6769,0.63257
16.855,0.22057
6.727,0.44712
14.947,0.23857
10.128,0.32571
5.9806,0.45533
10.425,0.33036
5.9889,0.48281
12.717,0.30187
14.763,0.25224
3.3996,0.64428
7.0603,0.4427
3.3437,0.64818
11.483,0.32624
2.9505,0.69391
3.0692,0.62417
11.623,0.32265
8.3214,0.39304
10.095,0.30159
21.146,0.14439
15.8,0.22811
8.4264,0.31501
13.261,0.24894
10.509,0.31802
16.657,0.24766
7.397,0.42521
12.118,0.24565
4.9011,0.55164
3.3679,0.65911
5.3508,0.5493
10.136,0.36221
6.7533,0.44784
16.929,0.20067
12.004,0.29472
13.512,0.23949
17.466,0.18398
10.788,0.34877
10.636,0.34318
11.139,0.32931
9.7154,0.36632
6.8141,0.49289
15.93,0.21594
7.8935,0.3855
8.8842,0.38403
12.941,0.2832
12.175,0.31693
1.577,0.82944
15.215,0.24712
11.605,0.32839
6.7555,0.47875
18.741,0.18783
12.239,0.29962
9.7582,0.38818
16.52,0.21395
11.604,0.35515
4.6406,0.56547
5.0394,0.52318
2.3851,0.70878
7.2746,0.45119
7.3951,0.40595
13.333,0.28142
3.0566,0.64671
12.007,0.30027
15.357,0.23343
7.3335,0.44025
8.5022,0.37871
16.546,0.16734
8.4379,0.38451
12.445,0.2976
6.5265,0.42474
8.7739,0.43533
13.514,0.25645
16.307,0.22947
10.242,0.32142
5.9832,0.44894
6.0106,0.43901
10.688,0.29443
10.446,0.27073
11.655,0.26151
10.173,0.26837
19.106,0.19262
10.737,0.35711
15.073,0.22409
16.888,0.18773
13.906,0.2559
6.5064,0.45825
9.8049,0.35808
10.397,0.38891
7.0834,0.44558
6.6882,0.45934
9.5502,0.38277
2.3658,0.71228
1.6213,0.80073
3.0901,0.66737
6.3788,0.51908
12.71,0.32421
18.005,0.24711
15.598,0.27227
9.504,0.36918
14.764,0.26911
20.146,0.19497
18.531,0.1766
16.525,0.24354
23.735,0.13678
18.662,0.17755
17.743,0.18098
13.448,0.32575
4.9979,0.56757
9.2635,0.41258
5.25,0.5525
11.319,0.32567
4.5743,0.52149
14.083,0.25054
8.8994,0.35448
13.732,0.29274
15.976,0.23722
19.474,0.18193
7.4089,0.46544
13.803,0.29808
21.44,0.15568
15.497,0.22612
7.5985,0.43718
13.83,0.29123
15.459,0.30491
14.843,0.296
17.429,0.22928
12.492,0.35008
6.1059,0.45658
18.333,0.22833
16.247,0.28257
8.9506,0.39629
2.6395,0.68498
17.611,0.24279
16.159,0.28276
10.236,0.37158
9.7303,0.33399
10.708,0.3304
16.686,0.23697
13.683,0.31058
5.2394,0.46651
2.8555,0.69311
3.244,0.64899
8.2019,0.42304
4.7936,0.54692
10.21,0.32571
8.851,0.42284
1.4462,0.87279
3.4425,0.63028
1.3648,0.89321
2.8068,0.71536
15.738,0.25319
19.149,0.23966
7.175,0.44943
12.879,0.34771
3.2368,0.6502
14.099,0.28554
3.7354,0.64754
9.5579,0.41583
17.353,0.18104
3.9203,0.56678
10.703,0.37351
7.3869,0.45374
10.612,0.39
12.858,0.28507
23.032,0.14672
11.221,0.36144
12.132,0.33499
13.786,0.2903
12.182,0.34009
13.589,0.28808
10.084,0.34635
3.7583,0.57104
11.995,0.31489
7.2477,0.40992
14.544,0.24493
12.404,0.29407
6.0917,0.42344
12.599,0.28845
18.241,0.20415
12.353,0.31754
17.156,0.20731
16.544,0.23669
13.719,0.26555
8.9771,0.39357
16.797,0.2323
5.9153,0.55274
16.46,0.238
8.2498,0.42725
2.2307,0.7489
6.3546,0.49907
22.48,0.15968
17.004,0.25355
10.316,0.3774
1.8363,0.79184
14.46,0.29145
3.0211,0.63315
20.551,0.18531
17.108,0.24654
19.057,0.19398
20.846,0.1692
18.903,0.19574
17.592,0.22559
13.769,0.28952
14.25,0.28419
8.8278,0.40615
9.8841,0.42726
10.419,0.34325
9.4999,0.35646
1.9514,0.79702
9.7254,0.43516
10.631,0.39959
8.1744,0.46598
13.884,0.33407
5.4414,0.56604
18.134,0.25776
4.7209,0.59791
9.7465,0.37699
2.5498,0.71853
9.6985,0.41542
15.165,0.26256
4.1359,0.61121
17.913,0.22498
17.075,0.24612
13.401,0.30851
6.4792,0.49499
9.2327,0.42373
19.51,0.19756
4.1372,0.59991
9.3726,0.39935
6.2428,0.45004
13.466,0.28374
21.38,0.14952
8.2826,0.37209
22.201,0.16741
8.7626,0.40528
17.838,0.22883
5.9159,0.45687
14.407,0.27078
10.993,0.30386
13.937,0.24576
9.5139,0.38641
8.2604,0.411
10.222,0.37191
6.1369,0.54544
19.847,0.22804
16.287,0.28223
5.5202,0.53154
6.5174,0.48098
10.135,0.34992
9.4221,0.40072
10.626,0.3574
11.267,0.33526
9.0555,0.40225
17.925,0.20775
6.9836,0.4724
3.7668,0.63553
5.1705,0.58859
3.3131,0.68532
12.623,0.3452
10.473,0.40585
3.3402,0.66295
4.7506,0.55684
2.0363,0.79308
23.172,0.13302
7.4403,0.48767
9.827,0.3822
5.3646,0.57466
2.9533,0.68479
4.1777,0.6121
7.047,0.51334
7.212,0.48409
14.692,0.317
15.366,0.25284
3.7518,0.56602
4.8859,0.53974
19.811,0.23512
13.945,0.31844
17.951,0.21877
14.884,0.32475
7.3323,0.45954
5.6981,0.47911
23.961,0.15678
18.899,0.26456
13.124,0.29737
22.421,0.17568
17.654,0.25121
12.064,0.28344
20.392,0.19643
14.777,0.27295
11.78,0.29019
11.873,0.3514
2.0032,0.80186
11.579,0.33979
23.617,0.19717
8.14,0.43703
7.3488,0.45091
22.832,0.20129
11.091,0.39625
11.648,0.33078
23.295,0.19347
24.153,0.16695
18.195,0.22393
18.316,0.2579
11.177,0.31441
13.268,0.25726
8.0377,0.44509
10.759,0.32499
19.458,0.20197
10.135,0.32361
8.5414,0.40869
19.97,0.19526
16.677,0.28663
17.654,0.26827
18.045,0.24775
5.326,0.51941
14.579,0.27764
12.546,0.26448
13.438,0.29887
13.057,0.30401
8.3905,0.40417
11.157,0.31859
11.141,0.40574
19.259,0.2267
7.1629,0.43747
10.07,0.3716
11.534,0.29774
7.963,0.46939
7.1529,0.46435
20.658,0.17258
24.046,0.15974
21.441,0.20618
22.413,0.19402
18.645,0.20458
17.114,0.24648
21.303,0.17603
16.002,0.24047
21.368,0.19748
17.766,0.21945
20.721,0.16692
13.041,0.32419
18.606,0.17999
12.34,0.30394
13.036,0.31593
16.48,0.23793
16.888,0.21521
16.75,0.25592
24.124,0.16648
18.045,0.25667
9.4894,0.41966
19.417,0.22192
17.677,0.21496
14.716,0.28387
17.615,0.20712
9.8218,0.31448
14.376,0.30518
13.711,0.31591
12.59,0.30775
10.207,0.33927
15.388,0.29195
21.201,0.19393
15.392,0.26094
12.551,0.28777
15.681,0.24998
15.167,0.26211
11.586,0.36401
16.275,0.28759
9.7679,0.38261
12.663,0.34748
19.762,0.22932
14.011,0.24092
8.2418,0.3992
16.607,0.29181
16.894,0.29377
18.058,0.23678
8.5214,0.40069
5.134,0.56761
14.702,0.28984
12.18,0.34957
15.577,0.26799
14.351,0.29517
15.045,0.27089
11.989,0.29629
15.009,0.2846
12.14,0.30545
9.7917,0.38259
6.4634,0.50255
13.501,0.29604
11.638,0.35923
8.7711,0.46656
13.123,0.31205
12.317,0.3524
16.944,0.22395
7.7329,0.43357
6.3949,0.49898
10.061,0.38006
8.1499,0.41759
9.6267,0.39611
11.48,0.34342
10.115,0.40891
8.5268,0.41821
8.6016,0.46369
17.22,0.25414
16.301,0.26218
15.281,0.2741
6.7965,0.53262
10.975,0.35194
15.075,0.26884
7.6139,0.48855
3.2455,0.65424
10.657,0.36041
6.5609,0.46885
9.3859,0.38712
10.092,0.39708
13.878,0.24321
12.725,0.30559
11.186,0.36393
14.132,0.27093
7.3336,0.46732
14.168,0.28947
8.7266,0.37972
8.5768,0.40466
12.941,0.29536
9.1859,0.4203
17.688,0.25578
3.2291,0.6822
11.641,0.39844
13.365,0.32446
15.183,0.28765
5.4899,0.55153
9.0465,0.46243
4.2137,0.6105
11.033,0.36978
14.59,0.28549
10.441,0.37017
10.84,0.39302
12.046,0.31273
5.229,0.53407
14.488,0.2953
13.748,0.30942
7.4075,0.46059
7.585,0.43626
16.823,0.29458
19.504,0.22067
11.451,0.39427
13.756,0.34481
5.119,0.54728
18.071,0.25034
12.593,0.36776
13.555,0.28934
20.453,0.20369
11.307,0.38289
15.309,0.23186
13.418,0.2823
21.987,0.16041
18.451,0.22499
14.65,0.26406
14.53,0.26186
12.843,0.30185
6.9292,0.46007
10.945,0.35875
15.556,0.2707
8.5357,0.464
13.416,0.29865
7.7695,0.44118
12.921,0.29926
14.005,0.28562
19.814,0.189
19.248,0.2061
15.086,0.25733
9.74,0.3701
13.145,0.31834
14.587,0.29981
16.673,0.25321
17.418,0.23836
8.6912,0.40333
10.861,0.41524
14.866,0.29924
7.894,0.44705
13.363,0.31565
9.655,0.44191
14.537,0.27957
16.167,0.27205
12.889,0.3409
21.053,0.16284
13.681,0.33693
7.0124,0.45139
17.128,0.2659
10.21,0.37789
8.9013,0.42167
6.6337,0.48475
8.0785,0.42846
17.429,0.2474
5.5559,0.51741
10.629,0.36053
12.115,0.36579
22.615,0.19423
5.5705,0.56468
7.2779,0.41787
6.7663,0.48601
8.2624,0.4287
12.065,0.36441
11.834,0.36586
9.8511,0.38148
10.12,0.41413
4.6055,0.58762
10.186,0.42009
10.812,0.37338
10.864,0.37109
14.738,0.27588
15.076,0.27082
16.408,0.25725
6.0507,0.54822
7.474,0.48022
13.671,0.33782
17.965,0.22209
14.477,0.32128
15.894,0.32496
16.127,0.26098
17.061,0.27137
5.0854,0.5848
7.4568,0.4519
8.8274,0.43714
20.841,0.17608
16.977,0.22758
10.456,0.3774
9.8012,0.39647
18.415,0.23285
11.229,0.36256
12.746,0.33169
9.1344,0.41564
11.781,0.30666
7.306,0.45612
15.987,0.26503
5.001,0.58961
16.14,0.2437
8.0509,0.41726
9.8077,0.37024
16.193,0.24281
11.946,0.3116
19.323,0.19351
21.665,0.14701
18.415,0.21619
10.796,0.37504
15.409,0.25857
13.439,0.32752
12.147,0.35497
9.577,0.34693
13.176,0.29158
12.374,0.31465
12.133,0.32776
16.643,0.26684
15.407,0.25576
14.745,0.27271
8.6772,0.46389
13.064,0.34463
16.571,0.26192
13.775,0.29974
12.354,0.32876
14.872,0.29515
15.182,0.25439
10.665,0.37509
10.11,0.3654
13.831,0.29705
16.464,0.2476
15.685,0.24645
12.127,0.3279
13.212,0.28786
18.398,0.23786
13.407,0.30029
18.239,0.22173
12.38,0.29615
19.862,0.20056
10.32,0.36251
12.478,0.29123
12.161,0.33634
19.568,0.18867
10.378,0.3811
15.829,0.26329
17.261,0.21571
17.511,0.21083
10.859,0.36964
15.739,0.22521
19.498,0.16868
13.332,0.2899
9.699,0.38079
19.433,0.19144
20.615,0.15696
20.087,0.19311
14.171,0.29595
14.266,0.29667
9.9738,0.43879
6.4647,0.52103
7.6145,0.46456
4.8556,0.59351
10.356,0.37608
13.643,0.29004
7.7425,0.43978
7.4904,0.49685
8.9197,0.42339
13.044,0.33717
17.461,0.26638
10.111,0.39009
12.243,0.32349
18.636,0.24006
7.763,0.41632
9.4894,0.38175
7.4795,0.43087
14.505,0.26227
13.163,0.28209
9.0188,0.36716
10.49,0.33377
11.888,0.31788
11.999,0.32021
10.948,0.33914
11.225,0.36836
10.462,0.37092
7.5906,0.44916
13.25,0.31543
13.187,0.30997
8.6608,0.42979
8.2221,0.4359
16.525,0.26641
17.068,0.25092
18.488,0.19697
17.836,0.20536
18.834,0.19964
11.861,0.33387
19.969,0.1735
9.4379,0.38592
11.028,0.36202
11.922,0.32533
15.981,0.24744
14.024,0.2657
12.746,0.28309
9.9174,0.3605
17.94,0.18637
10.604,0.32515
17.04,0.21705
13.928,0.28838
11.383,0.37971
7.2829,0.47238
12.164,0.34701
17.498,0.22114
10.308,0.40139
15.407,0.26568
19.438,0.19383
13.249,0.30108
18.202,0.18772
18.247,0.23959
14.868,0.28178
13.883,0.2799
11.515,0.2879
17.082,0.24799
20.745,0.19153
17.969,0.25013
8.7216,0.4403
15.124,0.27794
18.985,0.17986
19.319,0.15676
15.966,0.26036
15.942,0.25799
15.327,0.24977
11.271,0.35641
14.784,0.27946
12.191,0.37061
12.685,0.30794
14.968,0.27122
12.104,0.34886
