14.393,0.54951
13.338,0.57005
13.991,0.5572
14.278,0.55112
14.552,0.54729
14.644,0.54373
9.5923,0.65687
13.766,0.56387
13.631,0.56282
13.604,0.56239
13.523,0.56492
13.04,0.57624
14.677,0.54521
14.066,0.55625
14.477,0.54919
14.696,0.54441
14.567,0.54734
13.316,0.57191
14.279,0.55237
14.651,0.54593
14.297,0.55249
14.369,0.55011
14.442,0.54797
14.456,0.54908
13.467,0.56402
13.694,0.55908
13.831,0.55616
13.719,0.55878
14.364,0.54446
14.827,0.53633
14.344,0.54904
13.955,0.55622
14.442,0.54667
14.561,0.54435
14.116,0.55495
14.259,0.54877
16.729,0.51119
14.175,0.55325
14.398,0.54732
13.657,0.56158
14.709,0.54203
13.686,0.56071
13.989,0.55504
14.82,0.5413
13.61,0.5628
13.743,0.56065
14.116,0.5527
13.655,0.56177
13.022,0.57098
13.627,0.56044
12.838,0.57788
13.562,0.56157
13.999,0.55731
13.154,0.57059
12.97,0.577
14.554,0.543
13.213,0.56898
13.44,0.56461
12.842,0.57948
12.994,0.57444
13.557,0.56502
14.2,0.55066
13.94,0.55498
13.938,0.55456
13.287,0.56429
14.753,0.53765
9.3461,0.65602
13.148,0.56778
13.986,0.55125
13.897,0.5531
14.382,0.54124
13.862,0.55438
13.492,0.56119
13.865,0.54832
13.516,0.55577
13.387,0.56134
13.516,0.55579
13.307,0.56217
13.886,0.54868
13.312,0.56274
13.102,0.56396
13.69,0.55251
13.332,0.56368
12.797,0.57576
13.187,0.56499
12.619,0.57681
12.567,0.58003
12.725,0.57256
12.858,0.56894
12.787,0.5708
12.94,0.57251
14.217,0.55363
12.111,0.58468
15.144,0.52966
13.189,0.56012
13.225,0.55981
11.847,0.58408
13.32,0.552
13.112,0.55713
13.472,0.54923
13.325,0.55116
12.894,0.55965
12.809,0.56123
12.461,0.56701
12.866,0.55921
13.049,0.55434
12.159,0.57399
12.069,0.57581
12.805,0.56415
13.152,0.55606
12.982,0.55744
12.549,0.5667
13.214,0.54926
16.638,0.49292
12.212,0.57089
13.042,0.55115
12.998,0.55123
16.445,0.49575
14.893,0.5228
14.979,0.52081
12.299,0.56312
13.099,0.54928
12.546,0.56039
15.504,0.50832
12.091,0.56986
11.794,0.57502
12.588,0.55872
12.204,0.56272
12.06,0.57058
11.493,0.58161
11.874,0.57314
11.94,0.5697
15.322,0.51272
10.637,0.59768
11.962,0.5707
11.809,0.57111
11.412,0.57981
14.507,0.52405
13.886,0.53397
11.87,0.56932
11.588,0.57333
14.753,0.51582
12.238,0.55779
11.716,0.57225
8.3396,0.65611
7.7774,0.6775
14.642,0.51832
13.725,0.53768
14.052,0.53103
11.215,0.58344
14.353,0.52031
14.013,0.52987
13.648,0.53791
14.105,0.53009
13.948,0.5327
11.859,0.56909
12.475,0.55333
12.866,0.54309
12.511,0.55304
12.66,0.54725
14.973,0.51034
14.751,0.50992
12.278,0.55341
12.063,0.55984
12.385,0.55171
10.914,0.5833
11.857,0.56268
12.22,0.55537
11.404,0.57439
6.4013,0.71475
7.7411,0.66998
7.6877,0.67354
14.02,0.52597
11.659,0.56765
12.517,0.55038
11.968,0.55887
12.99,0.546
11.119,0.58038
11.785,0.56212
13.634,0.52952
11.726,0.56271
11.269,0.57326
13.234,0.53361
14.152,0.51721
10.964,0.57693
11.139,0.57338
10.355,0.59137
12.456,0.54916
10.369,0.59182
10.349,0.59245
10.99,0.57615
11.388,0.56739
13.286,0.52966
10.982,0.57465
11.076,0.57388
10.904,0.57773
11.691,0.5603
11.409,0.56499
12.304,0.55005
10.733,0.57995
11.409,0.56602
12.734,0.54241
13.085,0.53189
12.703,0.53926
13.199,0.53012
12.636,0.54095
12.643,0.54009
12.563,0.54295
12.173,0.54962
10.653,0.58144
9.7322,0.60491
12.161,0.55241
11.554,0.56457
9.5728,0.60755
9.7205,0.60282
11.849,0.55708
12.591,0.53995
12.793,0.53619
12.548,0.5419
11.734,0.55791
12.74,0.53559
12.63,0.542
7.9164,0.6543
12.147,0.54951
10.789,0.57553
12.832,0.5331
12.169,0.54726
12.343,0.54412
12.091,0.54917
12.179,0.54793
12.464,0.53977
12.084,0.55178
12.119,0.54773
12.447,0.54448
9.8804,0.59748
12.518,0.53874
12.401,0.54264
11.544,0.55824
12.264,0.54452
12.286,0.54308
14.667,0.49691
13.989,0.51296
12.793,0.53264
12.733,0.53348
13.165,0.52397
12.606,0.53583
10.539,0.58128
9.9862,0.59117
13.068,0.5295
13.701,0.51396
13.881,0.51165
13.48,0.51829
12.979,0.52694
13.927,0.51108
13.024,0.53138
13.934,0.51056
12.978,0.52812
14.594,0.49918
12.812,0.53059
13.949,0.50963
14.025,0.50698
14.774,0.49424
12.966,0.52681
14.504,0.49851
12.511,0.53432
13.235,0.52354
13.123,0.52236
13.169,0.5192
13.485,0.513
13.327,0.51712
13.276,0.52479
12.31,0.54126
14.325,0.49936
14.224,0.50466
12.098,0.54225
15.191,0.48741
12.319,0.5396
12.357,0.53523
12.158,0.54426
12.121,0.54526
12.789,0.53348
12.546,0.54011
11.692,0.5504
12.463,0.53901
12.347,0.54012
12.51,0.54001
10.525,0.57957
12.095,0.54805
13.556,0.51766
10.488,0.57647
12.017,0.54606
12.444,0.53771
13.867,0.51038
13.235,0.51941
13.115,0.52432
12.884,0.52833
14.207,0.50275
12.895,0.5277
12.123,0.5421
11.966,0.54335
13.801,0.51617
9.6929,0.59759
12.562,0.53577
11.989,0.54894
12.308,0.54366
11.875,0.55389
12.093,0.55055
9.5864,0.59978
9.8733,0.59308
11.487,0.55904
11.309,0.56273
10.843,0.57001
13.586,0.51532
12.148,0.54345
11.826,0.54773
12.083,0.54783
11.457,0.55567
11.68,0.55051
11.974,0.54598
11.375,0.55821
11.687,0.54981
12.318,0.53586
11.854,0.54954
11.637,0.55702
13.834,0.50956
13.156,0.5174
12.242,0.53754
14.632,0.49368
12.219,0.5395
11.683,0.55115
11.628,0.54837
11.856,0.54514
12.276,0.53555
11.608,0.55448
12.271,0.53867
13.937,0.50212
13.136,0.5222
13.003,0.52394
13.038,0.52203
13.104,0.52092
13.33,0.51895
13.351,0.5167
13.756,0.50923
12.793,0.5288
13.07,0.52433
13.527,0.5137
12.427,0.53652
13.016,0.52236
13.579,0.51284
12.739,0.52719
13.692,0.50845
14.249,0.49624
14.215,0.50405
14.276,0.49938
14.332,0.49698
14.51,0.49547
14.535,0.49735
14.086,0.50392
13.607,0.51394
13.746,0.50805
13.715,0.51061
13.454,0.51198
14.053,0.50435
13.461,0.51486
12.34,0.53933
13.71,0.50669
13.426,0.51369
13.255,0.51569
14.278,0.49985
13.699,0.50977
12.376,0.53714
13.738,0.51043
14.469,0.49843
14.506,0.49463
12.966,0.52698
14.649,0.49633
11.338,0.55558
13.851,0.50208
12.3,0.53638
13.897,0.50847
12.401,0.53738
12.923,0.51961
12.179,0.5373
14.464,0.49497
14.545,0.49545
13.886,0.50174
14.686,0.48602
9.7552,0.59219
15.098,0.48137
14.488,0.49376
15.676,0.47033
15.085,0.4812
15.31,0.47406
15.202,0.47612
14.221,0.49716
14.17,0.49826
13.618,0.51256
13.553,0.50973
14.583,0.49003
14.465,0.5005
13.411,0.51132
14.417,0.49066
13.847,0.50635
14.221,0.49832
15.024,0.48173
14.554,0.49293
14.059,0.49993
13.938,0.50137
13.106,0.51603
13.828,0.5015
13.127,0.51767
13.032,0.5201
13.098,0.51723
13.46,0.50881
14.984,0.48167
13.086,0.51654
14.925,0.48303
14.1,0.49673
13.016,0.5169
12.871,0.51846
11.922,0.54308
12.012,0.53933
13.227,0.51388
11.799,0.54219
12.525,0.52923
12.261,0.53616
12.564,0.52724
11.95,0.53882
12.095,0.53685
12.486,0.52975
11.606,0.54834
11.588,0.54709
12.257,0.53485
12.608,0.52674
12.796,0.52007
12.964,0.51941
11.894,0.53697
12.458,0.52801
12.301,0.5347
11.971,0.53956
12.767,0.52184
12.4,0.5273
13.458,0.50907
12.422,0.53172
14.308,0.49484
12.027,0.5386
12.371,0.53116
12.456,0.53005
14.08,0.49608
14.375,0.49011
12.104,0.53398
11.425,0.55168
12.048,0.53539
12.113,0.53615
14.253,0.49328
14.407,0.49077
12.099,0.53814
14.786,0.48619
15.453,0.4731
14.218,0.49542
14.642,0.48676
14.256,0.49097
14.779,0.48366
14.071,0.49609
13.773,0.4998
14.607,0.48664
13.959,0.49713
14.237,0.49387
12.374,0.53315
14.765,0.48868
14.309,0.49545
14.891,0.48553
15.475,0.47356
14.932,0.48208
14.132,0.49576
14.678,0.48816
14.869,0.48358
8.376,0.62763
14.642,0.48888
14.261,0.49552
14.897,0.48004
14.447,0.48787
15.201,0.47645
15.317,0.47376
15.377,0.46978
14.564,0.48788
14.587,0.48729
14.999,0.4789
14.462,0.49091
13.273,0.51125
14.886,0.47882
14.101,0.49611
14.733,0.48339
13.644,0.50266
14.199,0.49254
13.447,0.50768
9.8347,0.58689
13.028,0.51652
13.624,0.50742
13.411,0.5091
13.293,0.50842
13.35,0.50981
14.187,0.49417
13.452,0.50797
11.949,0.53925
14.624,0.48679
12.823,0.51929
13.013,0.51444
14.493,0.48935
14.892,0.4801
14.187,0.49217
11.485,0.54707
11.512,0.5463
14.022,0.49556
15.278,0.47451
12.036,0.53513
12.743,0.5213
12.441,0.52741
11.936,0.5418
12.671,0.52784
12.649,0.52545
12.522,0.52437
13.201,0.51477
12.675,0.52452
12.385,0.53051
12.687,0.52466
12.344,0.53053
12.808,0.52219
13.771,0.4974
13.968,0.50103
12.233,0.53442
14.82,0.48385
14.212,0.49603
14.702,0.48398
14.701,0.48375
14.226,0.4928
14.2,0.48636
15.209,0.47343
14.826,0.48219
15.114,0.47815
11.317,0.5503
11.525,0.54456
12.723,0.5227
12.883,0.5212
12.165,0.53323
14.334,0.48892
12.235,0.52938
12.217,0.53054
12.626,0.52262
12.82,0.51702
12.437,0.52538
12.652,0.52015
14.054,0.50329
14.243,0.49331
14.381,0.49173
14.243,0.49895
13.956,0.50377
14.838,0.48184
12.829,0.51742
14.618,0.48913
13.944,0.49673
13.857,0.49726
13.894,0.4975
13.77,0.49989
11.867,0.5404
13.768,0.50189
14.569,0.48439
13.766,0.50037
13.958,0.49768
11.738,0.54085
12.853,0.51917
14.088,0.49447
13.687,0.50393
11.934,0.54187
14.653,0.4846
14.702,0.48394
14.117,0.49432
14.153,0.49596
14.32,0.49528
13.602,0.50859
13.623,0.50793
12.806,0.52254
13.894,0.50226
13.878,0.49913
13.816,0.50107
14.297,0.49385
14.205,0.49397
12.518,0.52576
11.71,0.54415
12.068,0.53594
14.611,0.48866
12.254,0.53117
14.351,0.49095
11.171,0.5537
11.806,0.53996
11.561,0.54317
13.483,0.50548
11.694,0.54086
12.237,0.53084
12.448,0.52676
13.404,0.51138
13.451,0.5108
14.216,0.49606
13.776,0.504
15.768,0.4723
14.612,0.48633
14.138,0.49433
14.545,0.48923
12.833,0.52358
15.133,0.47898
12.622,0.52261
12.653,0.52299
12.293,0.53068
13.451,0.50605
13.367,0.50854
14.65,0.48509
12.75,0.52344
13.797,0.49863
13.558,0.50559
12.893,0.51365
13.63,0.50267
13.587,0.50418
13.042,0.51493
13.152,0.51311
13.224,0.5119
12.632,0.5235
13.007,0.51744
13.252,0.51147
12.544,0.52556
13.075,0.51501
13.152,0.5125
12.113,0.53549
11.629,0.54474
12.2,0.53092
12.9,0.51847
13.399,0.50857
12.387,0.52651
12.626,0.52157
12.576,0.52453
12.541,0.52343
12.182,0.53114
12.418,0.52855
13.728,0.50047
13.723,0.50103
13.029,0.51708
13.655,0.50447
12.525,0.52658
13.947,0.49798
13.425,0.51035
12.342,0.52721
12.624,0.52435
13.073,0.51627
11.58,0.54757
12.966,0.51337
12.851,0.52217
11.674,0.54415
11.521,0.54497
12.59,0.5242
12.462,0.52812
12.616,0.52699
12.269,0.5318
13.066,0.51393
12.455,0.52294
11.269,0.54741
12.19,0.52953
12.212,0.5299
11.944,0.53411
11.746,0.53937
11.926,0.53676
13.358,0.51079
12.73,0.52107
13.211,0.51081
12.403,0.5245
12.834,0.51792
12.704,0.52277
11.829,0.54047
12.845,0.51947
12.942,0.51785
13.165,0.51399
12.834,0.51644
12.805,0.51642
11.563,0.54435
12.652,0.52247
11.679,0.54356
12.679,0.52172
12.011,0.53479
11.908,0.53751
13.009,0.51614
12.525,0.5262
11.678,0.54107
11.633,0.53784
12.229,0.52785
12.41,0.52384
11.62,0.54438
12.532,0.52615
12.486,0.5269
12.369,0.52572
11.92,0.5352
11.764,0.53983
14.924,0.48161
13.251,0.51134
11.448,0.54736
12.527,0.524
11.5,0.5497
12.163,0.5288
11.857,0.53957
12.58,0.52164
13.791,0.49887
11.278,0.55099
11.97,0.53388
11.847,0.53756
12.378,0.52807
13.049,0.51407
12.537,0.52308
12.14,0.52998
12.358,0.52643
12.378,0.52789
12.756,0.51747
11.434,0.54644
12.058,0.53203
11.487,0.54748
11.567,0.54515
11.164,0.55436
11.7,0.53837
12.284,0.52808
12.189,0.52741
11.692,0.53784
13.568,0.50351
12.19,0.5305
12.152,0.5311
11.817,0.53904
11.442,0.54656
11.562,0.54497
11.437,0.54734
12.3,0.5297
11.927,0.53563
11.614,0.54237
13.388,0.50644
12.09,0.53223
12.361,0.53041
12.493,0.52769
12.084,0.53262
12.304,0.52841
12.442,0.52672
12.408,0.52937
12.438,0.52997
13.185,0.51335
12.632,0.5253
11.218,0.55043
12.212,0.53258
12.499,0.5257
12.62,0.52215
10.834,0.56378
11.096,0.55156
11.028,0.55696
11.558,0.5433
10.988,0.55675
12.58,0.52251
10.686,0.56458
11.04,0.55427
11.37,0.54837
12.3,0.52857
12.75,0.52059
12.164,0.53218
12.144,0.53207
12.231,0.53218
11.928,0.53511
12.127,0.53121
12.31,0.52934
14.093,0.49583
11.66,0.5421
11.963,0.53616
13.04,0.51464
12.179,0.53004
11.292,0.54962
11.772,0.54288
11.148,0.5538
10.919,0.5594
11.758,0.54233
12.076,0.53344
10.688,0.56484
11.155,0.55612
10.855,0.56052
11.298,0.55038
12.097,0.53457
10.898,0.56283
11.384,0.54611
12.178,0.53177
12.044,0.53499
11.262,0.55012
11.523,0.54338
11.528,0.54504
12.979,0.51385
12.539,0.52293
11.01,0.55581
11.369,0.54494
11.032,0.5544
12.483,0.52408
12.385,0.5264
11.477,0.5433
11.462,0.54726
11.923,0.53683
11.399,0.54536
11.851,0.54164
11.073,0.55661
11.121,0.55518
11.056,0.55317
11.006,0.5554
10.296,0.57596
10.303,0.57334
10.737,0.5651
11.36,0.54825
11.629,0.54305
11.076,0.5512
10.308,0.5692
11.208,0.54953
12.421,0.52686
10.918,0.55575
11.242,0.55124
13.15,0.51224
11.547,0.54765
10.835,0.56308
11.571,0.54484
10.764,0.56096
11.871,0.53836
11.349,0.54778
10.897,0.55768
11.671,0.54093
11.097,0.552
11.69,0.54422
10.725,0.56127
10.965,0.55778
11.369,0.54817
12.05,0.53832
11.767,0.54324
11.796,0.53837
11.483,0.54451
11.184,0.55104
11.483,0.54427
11.702,0.53847
12.556,0.52681
12.837,0.51493
12.936,0.51586
13.915,0.49804
12.901,0.51781
11.595,0.54333
13.734,0.50011
13.476,0.50342
11.628,0.54286
14.091,0.49275
13.208,0.50904
13.141,0.51054
11.222,0.5516
12.415,0.52686
11.487,0.54589
11.336,0.54803
10.984,0.5611
11.869,0.53733
14.081,0.49849
12.008,0.53551
11.906,0.53654
12.095,0.53279
11.367,0.54771
12.38,0.52945
11.932,0.53844
12.89,0.51698
10.832,0.56089
13.855,0.49881
13.259,0.50954
10.88,0.5575
12.064,0.53114
10.873,0.55986
11.683,0.54212
11.339,0.55009
11.759,0.53928
10.356,0.57265
11.066,0.55755
12.94,0.5185
12.406,0.52829
12.575,0.5251
13.029,0.51431
11.103,0.55279
11.805,0.53632
11.074,0.55352
12.741,0.51849
11.972,0.53309
12.68,0.51938
10.985,0.55656
11.016,0.55653
11.852,0.53772
11.635,0.53791
10.912,0.55684
11.272,0.54971
11.667,0.53882
11.561,0.54223
11.333,0.54881
11.263,0.55026
11.309,0.55134
11.983,0.5373
11.653,0.54265
10.971,0.55574
11.143,0.55226
11.423,0.54599
11.439,0.54525
11.469,0.54534
11.834,0.53826
12.228,0.53014
11.974,0.5347
11.221,0.55345
11.861,0.53558
11.773,0.53724
12.11,0.5334
11.069,0.55668
10.824,0.55731
10.86,0.56061
12.188,0.5327
10.813,0.55752
10.828,0.55864
10.631,0.56264
11.139,0.55434
10.885,0.55901
10.37,0.56674
10.453,0.56441
10.79,0.55658
10.802,0.55925
10.531,0.56432
11.306,0.5483
11.076,0.55322
12.087,0.53151
11.673,0.5408
11.491,0.54391
10.864,0.55633
10.594,0.56229
10.957,0.55849
11.421,0.54781
10.894,0.55644
11.653,0.54222
10.25,0.5722
11.068,0.55201
10.469,0.56775
11.218,0.54787
11.169,0.55048
11.184,0.5502
11.213,0.55243
11.507,0.54376
11.788,0.53723
11.479,0.54249
11.033,0.55555
12.284,0.52861
12.355,0.52655
12.706,0.51721
12.555,0.5204
12.971,0.51189
11.913,0.5319
12.827,0.51444
11.114,0.54866
11.43,0.54121
13.116,0.50643
12.97,0.51144
12.684,0.51788
10.56,0.56632
10.555,0.56528
10.927,0.55549
13.186,0.50886
10.283,0.57274
10.803,0.55818
10.949,0.55157
11.77,0.53768
12.611,0.51811
12.855,0.5126
10.965,0.55733
10.739,0.55934
11.962,0.53329
12.134,0.53014
12.224,0.5255
11.642,0.53898
12.205,0.5282
10.743,0.5605
12.078,0.53245
10.351,0.56872
9.9168,0.57782
9.8256,0.57897
11.066,0.55427
10.51,0.56785
11.054,0.55434
11.054,0.55525
11.312,0.55079
12.564,0.52344
11.122,0.55052
10.806,0.55907
10.794,0.55858
10.438,0.5661
10.955,0.55361
11.253,0.5502
11.538,0.54113
11.402,0.54545
11.078,0.54914
10.647,0.56269
12.977,0.5114
13.405,0.50251
13.088,0.5137
10.538,0.56326
10.978,0.55634
11.116,0.55367
10.661,0.56338
11.155,0.5502
10.505,0.5651
10.788,0.56047
11.219,0.55113
10.651,0.5613
10.556,0.56364
10.426,0.56902
10.999,0.55651
10.307,0.57451
11.457,0.54679
10.43,0.57006
11.277,0.5512
10.825,0.56107
11.058,0.55496
10.857,0.55844
11.821,0.53638
12.801,0.51621
12.704,0.51866
13.507,0.50265
13.268,0.50926
11.266,0.54935
12.686,0.51728
13.201,0.50648
12.973,0.51368
13.054,0.51223
10.826,0.55752
13.499,0.50347
11.154,0.55312
10.783,0.56319
12.369,0.52399
11.084,0.5575
13.141,0.5131
11.49,0.54884
13.184,0.51403
12.568,0.52057
11.813,0.53648
12.008,0.53419
12.818,0.51924
11.504,0.54302
10.052,0.57577
11.147,0.54978
10.651,0.56425
10.72,0.56375
10.508,0.56699
10.405,0.56915
10.409,0.56895
9.9412,0.58008
10.581,0.56411
10.974,0.55567
10.97,0.55468
10.824,0.55999
11.022,0.55487
11.961,0.53537
12.139,0.52925
11.105,0.55309
13.409,0.50653
11.771,0.53705
11.929,0.53543
13.817,0.49664
11.365,0.54684
10.688,0.56414
12.168,0.53082
11.157,0.55372
11.511,0.54366
12.126,0.52899
11.312,0.55105
11.621,0.54393
11.724,0.5385
11.52,0.54269
11.061,0.55054
10.764,0.55626
10.596,0.56593
12.143,0.53193
10.823,0.55597
10.903,0.55979
13.502,0.50607
11.184,0.55121
10.852,0.55507
10.631,0.56033
10.38,0.56832
10.879,0.55843
10.934,0.55541
10.542,0.56367
10.833,0.55952
11.09,0.55451
11.051,0.55417
10.974,0.5546
10.343,0.57035
10.392,0.57081
12.881,0.51785
10.687,0.5625
11.217,0.55141
12.79,0.51746
11.363,0.54593
12.381,0.52592
13.662,0.50129
13.469,0.50573
11.02,0.55432
12.943,0.51511
10.271,0.57084
10.893,0.55617
11.059,0.55349
10.63,0.56578
10.038,0.57642
10.858,0.56039
10.445,0.56913
10.718,0.55934
10.584,0.56524
10.598,0.56302
10.88,0.55348
10.307,0.57003
10.107,0.57468
11.805,0.53761
12.919,0.51318
11.444,0.5427
11.77,0.53608
11.218,0.54912
12.162,0.52701
11.644,0.53988
13.035,0.51465
13.131,0.51187
12.666,0.51993
10.963,0.5556
10.846,0.55808
10.676,0.56255
12.325,0.52643
12.072,0.53136
12.41,0.52398
11.023,0.5532
11.467,0.54161
12.215,0.52896
12.079,0.53241
11.123,0.55084
12.192,0.52918
12.721,0.52086
11.761,0.53757
13.229,0.50716
11.928,0.53317
12.445,0.5221
10.87,0.55564
12.295,0.52802
11.537,0.54287
11.297,0.54979
11.558,0.54244
11.345,0.54768
14.431,0.48541
11.654,0.54113
10.027,0.58319
12.244,0.52924
11.112,0.55536
12.343,0.52592
10.022,0.57903
10.862,0.55798
11.055,0.55668
12.028,0.53416
10.126,0.57595
10.537,0.56638
11.052,0.55412
11.055,0.55613
12.149,0.53127
11.712,0.5383
11.991,0.53543
10.995,0.55301
10.899,0.55803
12.076,0.53404
13.572,0.50375
13.12,0.51079
10.693,0.56436
13.384,0.50657
13.615,0.5032
10.64,0.56264
11.993,0.53076
12.612,0.52039
12.559,0.52605
12.22,0.5275
11.372,0.54793
13.802,0.49676
12.35,0.5273
14.296,0.4862
12.789,0.51376
12.739,0.51672
13.398,0.50505
12.645,0.5235
12.189,0.52888
12.596,0.51722
12.768,0.51867
10.725,0.56136
10.76,0.55853
10.792,0.56012
10.984,0.55663
10.852,0.55776
10.544,0.56528
10.636,0.56238
11.361,0.54674
13.802,0.49829
10.357,0.56564
9.8481,0.57919
10.747,0.55877
12.959,0.51242
11.789,0.53612
10.771,0.55835
10.698,0.5598
9.8951,0.58027
11.07,0.55126
9.5295,0.58615
9.805,0.5826
10.24,0.57195
11.865,0.534
10.971,0.55156
10.976,0.55187
10.678,0.55916
12.059,0.5283
11,0.55482
13.017,0.50907
11.035,0.55192
11.211,0.5484
12.23,0.52875
13.044,0.50942
12.16,0.52507
10.973,0.55128
11.195,0.54446
11.16,0.54887
10.766,0.55602
10.96,0.55227
10.662,0.55979
11.451,0.54277
10.555,0.56162
10.758,0.5545
11.274,0.54584
11.28,0.54444
10.857,0.55265
11.463,0.54204
11.322,0.54455
11.496,0.54057
11.326,0.54403
11.228,0.55067
10.671,0.55815
11.058,0.55078
11.716,0.53743
11.457,0.5412
11.683,0.53843
11.492,0.54348
11.21,0.54769
11.062,0.55191
9.4404,0.59027
10.323,0.56893
11.139,0.55069
12.36,0.5243
11.967,0.53299
10.689,0.55791
11.542,0.54189
11.922,0.53008
10.248,0.5679
10.179,0.56953
10.872,0.55106
12.315,0.51964
12,0.52367
12.259,0.52156
11.833,0.52903
9.8916,0.57055
10.099,0.56787
10.791,0.55221
10.056,0.56919
10.369,0.56196
10.252,0.56419
10.179,0.56503
10.83,0.54943
11.503,0.53892
12.101,0.5241
11.967,0.52495
10.526,0.55605
11.471,0.53473
11.559,0.54034
12.656,0.51404
10.909,0.55025
12.141,0.52344
12.164,0.52248
11.93,0.52695
10.456,0.56012
10.078,0.56982
10.718,0.55562
8.6414,0.60421
7.315,0.64287
11.609,0.53221
11.24,0.53666
9.6902,0.57333
10.244,0.56176
10.167,0.56409
10.368,0.55635
11.312,0.53779
11.111,0.54086
10.657,0.55159
10.164,0.56227
9.7478,0.57161
10.248,0.55871
10.476,0.55398
10.043,0.56181
9.7378,0.56939
9.5056,0.57396
10.009,0.5616
9.716,0.56953
9.3747,0.57686
9.8355,0.56814
9.64,0.57403
9.6085,0.57218
9.0399,0.58542
8.8152,0.59195
9.3345,0.57787
9.1336,0.58321
9.5602,0.57323
9.5155,0.57695
9.791,0.57093
9.8965,0.56386
9.6968,0.56511
9.3155,0.57619
9.601,0.56756
9.8206,0.55956
9.7093,0.56481
9.9397,0.5614
8.6675,0.58999
8.9141,0.58258
8.8607,0.58458
9.282,0.57276
9.0105,0.57921
8.8492,0.58376
8.9101,0.58091
8.7163,0.58569
9.1935,0.57467
8.7487,0.58564
8.6024,0.59003
8.601,0.5895
8.6414,0.58857
8.1602,0.6029
8.3144,0.59893
8.4174,0.59107
9.2553,0.56845
8.3606,0.59394
8.3122,0.59697
7.9693,0.60515
8.5257,0.58733
7.3272,0.62356
7.8375,0.60699
8.4818,0.58519
8.2781,0.59503
7.761,0.60564
8.0064,0.59888
8.805,0.57622
8.2444,0.59217
8.5341,0.58285
7.6755,0.60883
7.2564,0.62155
7.6275,0.6072
7.9514,0.59656
7.3117,0.6191
7.6728,0.60433
7.4559,0.61028
7.3312,0.61511
6.8553,0.63206
6.3307,0.64927
7.247,0.61552
7.216,0.61832
6.646,0.63869
6.6592,0.63693
6.467,0.64274
7.2754,0.61199
6.7121,0.63191
6.9468,0.62541
7.0454,0.62083
6.9297,0.62326
6.4603,0.64117
6.2548,0.6475
6.0632,0.65738
6.623,0.63255
5.4667,0.67797
7.3243,0.60751
7.9515,0.58543
7.7069,0.59071
7.0736,0.61256
6.7392,0.62359
6.7535,0.62298
6.6131,0.6264
6.5201,0.62944
6.5238,0.63126
6.0928,0.64553
6.3904,0.63238
6.318,0.63485
7.3079,0.59608
7.0201,0.60967
6.7832,0.61861
6.0045,0.64697
6.9589,0.61328
7.7992,0.58353
5.5496,0.66424
6.4527,0.62679
5.8947,0.64904
6.3269,0.63168
6.3628,0.62894
6.6082,0.61865
6.835,0.61149
5.5709,0.65746
5.325,0.6701
5.4151,0.66728
5.437,0.6651
6.2787,0.62953
5.6799,0.65406
5.6182,0.65657
5.7425,0.64984
5.5594,0.65792
5.6163,0.65614
4.7079,0.70008
5.5484,0.65791
6.0646,0.64007
6.1001,0.6383
5.9913,0.64297
6.2233,0.62919
6.6822,0.61105
6.0915,0.63649
6.1607,0.63292
5.939,0.63716
4.8988,0.68602
5.8498,0.64299
5.9286,0.63782
5.6619,0.64856
5.7648,0.64568
5.69,0.64532
5.5308,0.65124
5.6794,0.64415
4.9143,0.67919
5.068,0.66949
5.5682,0.645
5.8057,0.63747
5.5528,0.64898
6.5977,0.60621
5.9924,0.62933
5.2728,0.65657
5.2022,0.66607
6.0913,0.62412
5.524,0.64854
5.0638,0.66885
5.2368,0.65792
5.3183,0.65246
5.7615,0.63456
5.412,0.64876
5.6783,0.63448
5.5339,0.64021
5.4212,0.6408
5.5224,0.63745
5.8049,0.62408
5.5234,0.63581
5.4231,0.64022
4.8183,0.66799
5.1712,0.65154
5.1647,0.65424
5.3588,0.64331
5.3552,0.64029
4.9979,0.65969
4.5945,0.67813
4.8067,0.66393
5.2167,0.64374
5.2068,0.64221
6.2084,0.5996
5.6502,0.62438
5.6623,0.62449
5.1846,0.64515
5.0624,0.65024
5.2674,0.63921
6.0274,0.60444
4.5781,0.67317
4.0574,0.69799
4.8243,0.65631
5.0959,0.64538
5.2224,0.63896
3.9791,0.70207
3.7311,0.71771
4.461,0.67627
4.5728,0.66859
5.0536,0.64301
5.479,0.6256
4.4417,0.67782
4.4685,0.67114
4.333,0.68085
4.4387,0.67496
4.4025,0.67369
3.8185,0.70662
4.2199,0.68358
3.6185,0.7202
3.7267,0.71173
3.8313,0.70719
4.3919,0.67237
4.8722,0.6461
4.8776,0.64567
4.3814,0.66963
4.4317,0.66838
4.4665,0.66341
4.7195,0.65325
3.7957,0.69964
3.6418,0.71352
3.9578,0.6925
4.5414,0.6649
3.6028,0.71324
3.2432,0.73875
3.4306,0.72174
3.4294,0.72339
4.44,0.66466
3.7027,0.70757
3.6529,0.7079
3.3636,0.72435
8.2519,0.51562
4.8485,0.64024
5.764,0.60452
4.432,0.66599
4.0272,0.69023
7.0223,0.55669
5.2901,0.6235
5.8989,0.60028
2.9366,0.75651
3.1451,0.74026
3.3263,0.72778
4.5828,0.64961
4.3941,0.65727
4.3817,0.65845
4.5626,0.64539
4.1838,0.66695
4.1567,0.66955
4.4722,0.65133
3.887,0.68365
2.631,0.77101
2.745,0.7669
4.2509,0.66374
2.7511,0.76137
3.5438,0.70341
3.1677,0.72644
3.05,0.73672
4.3705,0.65257
4.7494,0.63189
3.1793,0.72774
4.0968,0.66579
5.0337,0.61743
4.5046,0.64186
6.464,0.55858
2.7172,0.75963
4.5331,0.64021
4.4765,0.64185
3.288,0.72064
4.3885,0.6524
4.3472,0.65318
3.826,0.68323
3.6224,0.68926
4.3982,0.64685
3.8585,0.68137
3.9245,0.67416
4.4783,0.64487
3.8474,0.67969
3.6752,0.68409
4.4603,0.64146
4.7608,0.623
4.5485,0.64094
5.1762,0.60926
3.8661,0.67719
3.6404,0.68612
3.6969,0.68988
5.5177,0.58844
3.7698,0.68576
2.7185,0.75303
3.4506,0.69815
3.726,0.67874
3.6213,0.68878
3.1787,0.71203
3.3022,0.70796
3.5755,0.68707
4.1144,0.65427
4.1283,0.65557
2.457,0.77384
3.4921,0.69622
3.515,0.69112
3.1006,0.72112
4.0149,0.66486
2.9064,0.73491
2.5043,0.76251
2.7388,0.7402
2.0263,0.81271
4.5429,0.62966
3.9059,0.667
3.7431,0.6744
3.7822,0.67421
6.1582,0.54898
2.9327,0.72331
6.3204,0.54442
4.4572,0.6313
3.4534,0.68762
3.4684,0.68663
2.111,0.79863
5.8125,0.56211
2.3233,0.778
2.8654,0.72912
2.3521,0.77277
5.9447,0.55406
7.3412,0.50259
3.6596,0.67419
3.2033,0.69778
3.7045,0.66604
3.3953,0.68995
5.8642,0.55686
3.5439,0.6828
4.3172,0.62398
2.1642,0.78318
3.0179,0.71612
4.0554,0.64131
6.1531,0.54614
6.2404,0.5409
5.318,0.57833
3.3911,0.68454
3.602,0.66962
5.0444,0.59249
3.941,0.64567
5.8244,0.55741
2.6761,0.73555
4.7268,0.60988
4.8729,0.60094
4.2409,0.63313
6.1871,0.53837
4.574,0.61064
2.3397,0.76831
4.0188,0.64113
6.9197,0.51762
4.5348,0.6168
3.8435,0.65565
2.1337,0.78868
2.0148,0.80946
4.0082,0.64254
2.3108,0.76964
4.5036,0.62135
3.2486,0.69608
3.6919,0.66003
3.6552,0.66034
3.2664,0.69073
3.2155,0.6932
3.6155,0.66551
3.23,0.68629
4.1709,0.63099
4.6776,0.60403
3.4475,0.67504
4.0315,0.63726
2.9811,0.70936
5.459,0.57376
6.3811,0.52207
5.3218,0.57068
5.9201,0.54696
3.835,0.66088
5.4525,0.57291
3.0601,0.70746
1.5517,0.8589
5.7162,0.55394
4.0543,0.63492
4.2198,0.62461
3.7963,0.65439
3.5537,0.66585
3.7259,0.6573
4.2921,0.62134
4.1374,0.63064
3.1373,0.69373
4.3814,0.61956
4.8388,0.59162
4.4917,0.60871
3.4829,0.67468
2.467,0.75406
2.7873,0.72279
4.1871,0.62891
2.7148,0.72934
3.5972,0.66455
1.8796,0.81689
3.1751,0.6927
3.7729,0.64554
4.5622,0.60397
2.3569,0.76431
2.6378,0.74785
3.6606,0.66393
2.5239,0.74939
4.2477,0.63367
3.2253,0.68822
5.6307,0.55746
6.0687,0.54426
4.686,0.60106
6.2686,0.52834
5.7136,0.54914
3.5991,0.66947
2.5098,0.75448
6.2211,0.5285
5.8015,0.54505
4.1007,0.62975
3.7585,0.65444
4.6355,0.59748
4.0812,0.63271
5.3522,0.56946
3.8611,0.64927
2.608,0.73549
2.3529,0.75661
2.234,0.77119
2.2657,0.77035
3.6543,0.65344
5.8031,0.54928
2.4675,0.74596
4.5468,0.60604
1.8154,0.81952
4.144,0.62144
2.0486,0.79136
2.074,0.78932
1.8134,0.82234
2.8193,0.71971
3.2131,0.68623
4.4655,0.60437
2.6168,0.73494
4.6779,0.59768
2.6732,0.7227
2.6317,0.73305
2.4553,0.75975
3.9714,0.63724
2.6435,0.75104
2.302,0.77431
2.7442,0.73005
3.9433,0.64079
2.9687,0.7089
2.5151,0.74648
2.3163,0.76603
2.4145,0.75245
2.4244,0.75845
2.3203,0.76369
5.7622,0.5429
5.9346,0.5365
2.5493,0.75067
6.8973,0.50798
2.5507,0.74984
7.2504,0.48527
2.0817,0.78594
7.6545,0.4699
1.8534,0.81278
3.0626,0.69456
2.2893,0.76022
2.4341,0.74674
3.9467,0.63747
2.8607,0.71454
3.7699,0.65119
4.3543,0.61129
5.3259,0.56158
2.8248,0.71048
2.6339,0.72619
2.5064,0.74322
2.3786,0.75191
2.7911,0.71292
2.0986,0.7812
2.1657,0.77078
2.212,0.76967
2.3857,0.7587
2.1287,0.77934
2.6229,0.73439
2.4019,0.75009
2.4209,0.7449
2.8205,0.7086
2.3537,0.7515
2.6985,0.72606
2.5325,0.74505
2.4909,0.74657
2.4485,0.7536
2.1952,0.78337
2.3523,0.76103
2.5997,0.73548
2.4128,0.7584
2.4318,0.76564
1.8805,0.80963
1.8309,0.81432
1.8684,0.80714
4.2907,0.6124
2.0952,0.7781
4.7701,0.58697
2.2152,0.7647
2.6234,0.73191
3.0164,0.69367
3.839,0.63959
2.2081,0.76568
2.0282,0.78594
1.7993,0.82213
2.1034,0.77722
1.9368,0.79869
3.4074,0.67191
3.6958,0.65343
6.3333,0.5192
3.5645,0.6612
4.234,0.61595
3.5742,0.66216
4.5315,0.61238
4.8818,0.59066
3.846,0.64463
3.7883,0.64654
4.364,0.61326
2.4835,0.75239
2.8449,0.71748
2.6233,0.72828
2.137,0.7801
3.1463,0.68549
3.6035,0.64888
3.5025,0.65949
3.4884,0.65941
3.304,0.67172
3.4162,0.66798
3.8658,0.63691
3.1457,0.68895
2.2713,0.76074
4.2057,0.62191
2.5808,0.73133
2.8858,0.7081
2.476,0.74468
4.8167,0.58734
5.0235,0.57029
3.6668,0.64646
3.994,0.62501
3.3812,0.66427
3.5479,0.65558
4.36,0.60281
4.0837,0.62154
3.4426,0.66212
4.0639,0.62328
3.1319,0.68405
4.3713,0.61069
4.1288,0.6251
3.2461,0.68477
3.593,0.65652
4.7293,0.58364
4.0117,0.62669
5.0174,0.5808
4.0706,0.63149
4.0916,0.62324
4.1418,0.63013
5.8597,0.54171
4.2986,0.61122
3.498,0.66926
3.6286,0.65977
3.0085,0.70043
2.0418,0.78165
3.6855,0.64764
3.9884,0.63293
1.7248,0.8313
1.9468,0.79508
2.027,0.78454
3.4853,0.66022
3.5557,0.6502
1.9321,0.79463
2.4158,0.74364
2.8724,0.70457
2.4929,0.73487
3.0551,0.69377
2.4215,0.74378
1.9932,0.78886
2.0385,0.78749
2.4105,0.74494
2.0251,0.7861
6.4676,0.51121
3.9365,0.63249
2.315,0.7538
2.2291,0.77194
4.3973,0.60752
4.7744,0.58536
2.4912,0.74945
3.6842,0.64977
3.3657,0.66668
4.3117,0.611
4.23,0.6125
4.5763,0.59642
2.4289,0.74946
3.2818,0.67781
2.876,0.70693
3.2107,0.68
2.1729,0.76992
2.786,0.70643
2.6444,0.73085
4.3277,0.61199
2.9346,0.704
3.204,0.67582
4.0853,0.62448
4.3102,0.60904
4.3907,0.60546
2.2241,0.76837
5.4838,0.55399
4.2036,0.61688
2.0895,0.77863
2.1643,0.76786
2.2086,0.76591
1.9343,0.80437
4.224,0.6155
5.7157,0.53647
5.7005,0.54459
4.0276,0.63539
2.9161,0.70625
4.6502,0.59089
1.9688,0.79405
5.0165,0.56948
2.7913,0.7129
2.1483,0.77009
2.604,0.72783
5.0533,0.5679
4.7373,0.58397
2.6537,0.72391
1.9495,0.80153
1.8409,0.80763
2.2673,0.76147
1.6029,0.83967
1.8611,0.80948
3.8615,0.6319
4.0563,0.62606
1.7929,0.81328
3.1605,0.68653
4.0059,0.62877
3.0075,0.70443
3.0725,0.69507
2.463,0.73496
2.4692,0.73573
3.8245,0.63529
4.3096,0.60639
3.7279,0.64575
4.2779,0.61068
3.8878,0.63248
4.3899,0.60116
2.0733,0.77907
2.2215,0.75823
2.0977,0.77819
2.1559,0.77004
4.1928,0.61548
4.4285,0.60487
2.653,0.72408
1.6662,0.83053
2.2952,0.76118
1.8597,0.81123
4.3826,0.60262
2.0868,0.77562
1.6806,0.83021
4.0684,0.6343
2.0745,0.78748
6.1295,0.5254
2.339,0.75332
2.3049,0.75959
1.6266,0.84239
3.8611,0.63596
3.6701,0.64905
3.0193,0.69028
3.3933,0.67125
4.3616,0.60382
2.4024,0.74463
4.842,0.57489
4.4838,0.59543
2.077,0.77567
4.3382,0.60385
4.1808,0.61676
3.4704,0.66259
4.1633,0.61613
4.2931,0.60704
3.3525,0.67718
3.204,0.6883
4.6208,0.58759
2.4785,0.7482
4.4385,0.59955
3.812,0.63717
4.8951,0.57735
3.5587,0.6547
4.4864,0.60342
3.2297,0.69042
2.4596,0.74911
4.364,0.60355
4.3157,0.60409
3.7456,0.64479
4.1369,0.61521
3.8675,0.63337
3.9443,0.63573
3.499,0.66358
3.3895,0.6761
4.3739,0.60496
4.2006,0.61223
2.1499,0.76785
3.4939,0.66285
3.4799,0.66046
2.1422,0.77272
4.0684,0.61728
4.0457,0.61925
5.0189,0.56109
2.2582,0.75691
4.1997,0.61449
3.8194,0.64684
4.1651,0.61966
2.2476,0.75464
3.2656,0.67842
4.1435,0.61847
4.4311,0.60875
4.3607,0.6076
3.9367,0.62979
4.0759,0.61972
3.9738,0.63119
3.9291,0.63032
1.9486,0.80032
1.9058,0.79857
4.9768,0.57308
4.1641,0.62522
2.1046,0.77815
1.6345,0.83883
4.7876,0.57811
4.6162,0.58804
1.633,0.8414
2.0603,0.7859
2.8891,0.70403
3.8567,0.63682
2.2439,0.75948
3.826,0.63713
2.4444,0.74237
2.4338,0.73833
4.0665,0.63463
2.9034,0.70144
4.0425,0.63248
4.818,0.58067
3.9718,0.6271
4.2923,0.60697
2.6866,0.71802
2.9485,0.69009
4.023,0.62168
4.3582,0.60279
2.7721,0.70782
1.9972,0.78916
2.0289,0.80162
2.2899,0.77469
2.1269,0.78713
3.2002,0.68033
2.2471,0.76419
3.8249,0.63424
2.1535,0.77691
2.0536,0.78647
2.1648,0.77738
2.0611,0.80063
3.6503,0.65082
2.1216,0.7737
1.8105,0.81155
2.1735,0.77663
2.0591,0.79857
4.7603,0.59327
1.7259,0.82126
2.3241,0.75488
2.2513,0.7644
2.362,0.74884
2.0451,0.79818
2.3909,0.75325
3.8106,0.64645
3.433,0.66412
4.4265,0.59372
3.452,0.66316
3.7075,0.64125
3.6627,0.64711
3.4779,0.65755
1.733,0.82609
2.9948,0.70166
4.2896,0.60425
4.086,0.62037
3.9745,0.62398
2.7761,0.71323
3.9583,0.6247
2.6286,0.72076
3.1488,0.6868
3.5324,0.66061
3.1053,0.68111
3.533,0.65241
3.5424,0.65861
3.7274,0.64395
3.7622,0.64117
3.1782,0.68794
3.2955,0.67267
4.1599,0.61081
3.9151,0.63073
2.4959,0.73162
1.9994,0.7803
1.9329,0.7943
2.2822,0.75072
1.998,0.78573
1.7788,0.81501
1.5536,0.85029
2.7012,0.72376
1.7624,0.82641
2.3609,0.74907
4.3109,0.60091
2.5913,0.73006
2.2582,0.75998
1.9919,0.79321
3.3716,0.65705
4.0825,0.61897
3.6618,0.64555
4.3442,0.60229
4.5363,0.59487
3.3555,0.67288
3.5181,0.65888
4.5852,0.58595
3.5533,0.65438
4.0474,0.61885
2.2434,0.77377
3.7141,0.64696
2.1903,0.77562
2.2271,0.76394
2.1655,0.77173
3.7225,0.64106
3.3582,0.67044
3.0337,0.69922
2.2491,0.77684
1.4413,0.86816
2.9687,0.70388
4.0979,0.61334
2.9151,0.70983
3.1955,0.6875
2.1408,0.77552
2.0172,0.8045
2.8428,0.71339
3.5516,0.65552
3.6165,0.65279
4.0434,0.62039
3.4522,0.66178
3.2574,0.66995
2.9865,0.69323
4.0121,0.61937
4.3441,0.59463
3.7437,0.63546
4.3422,0.59864
5.5836,0.53538
3.3433,0.66819
4.0684,0.62056
3.8615,0.62764
3.2675,0.67419
3.3944,0.66268
3.6914,0.64082
3.5849,0.64925
3.7809,0.63715
3.4656,0.65995
3.8638,0.63095
4.0586,0.61696
3.5386,0.65484
3.8371,0.63677
3.5324,0.65294
3.5103,0.6561
3.833,0.63139
3.8771,0.63093
3.8163,0.63172
1.9679,0.78556
2.0179,0.78041
3.5253,0.66215
3.1594,0.68522
3.1932,0.68693
4.1517,0.61715
3.0564,0.69763
3.1649,0.68571
3.3244,0.66842
3.5761,0.6503
3.3356,0.66978
3.7617,0.64193
1.8971,0.79695
3.4413,0.65803
1.9415,0.78765
3.6402,0.64514
1.5472,0.84975
1.6752,0.8281
2.5876,0.7207
2.8733,0.69452
1.899,0.79344
1.7831,0.81506
1.6403,0.83626
1.9763,0.78366
2.7587,0.70471
2.5284,0.73073
3.4214,0.65978
3.1224,0.68649
3.7667,0.63569
2.947,0.69933
3.5737,0.65007
3.7656,0.63898
2.1118,0.78322
2.478,0.74214
4.5099,0.59164
3.2707,0.67985
4.0197,0.62156
4.7966,0.58125
3.2807,0.68189
2.6121,0.72961
2.6049,0.72449
3.2566,0.67661
2.7459,0.71126
3.3365,0.66872
3.339,0.66944
3.1623,0.67711
3.6999,0.64073
3.2424,0.67756
1.8916,0.7963
2.6588,0.71218
1.8524,0.80684
1.8349,0.8165
2.0012,0.79346
1.9027,0.80013
3.6637,0.64912
1.6212,0.83546
3.7135,0.63774
3.0779,0.68826
3.3659,0.66968
3.4979,0.66106
3.5465,0.64587
2.9523,0.69987
3.8771,0.63598
3.6385,0.64225
3.7746,0.63316
2.4343,0.73545
4.1539,0.61225
2.1518,0.77066
2.7765,0.70695
2.4845,0.7352
2.8989,0.69935
3.593,0.63764
2.5056,0.73807
2.8347,0.71119
3.0389,0.69768
3.7878,0.63827
4.1966,0.61024
4.208,0.60752
2.1072,0.77147
4.4804,0.60294
4.2676,0.61599
3.7879,0.63504
4.0327,0.62139
2.4129,0.74036
1.9236,0.79636
4.1135,0.61028
2.9048,0.70248
3.3583,0.66471
3.0196,0.69834
3.1968,0.67683
3.2927,0.66952
2.8366,0.70127
3.2058,0.67984
3.5362,0.65323
4.0597,0.61551
3.3393,0.66968
3.9505,0.61925
2.6759,0.72721
2.3604,0.74421
2.0713,0.77485
4.2958,0.59868
1.7978,0.80713
3.9091,0.62501
4.1818,0.60739
2.5639,0.72526
2.6992,0.71282
3.936,0.62514
2.2562,0.75279
2.2795,0.75544
4.6715,0.57915
1.6627,0.83192
1.6599,0.83017
1.6787,0.83098
3.2585,0.66903
2.1912,0.76149
3.326,0.66648
4.0131,0.62073
2.0611,0.7775
2.2383,0.75842
2.2034,0.75987
3.494,0.65518
3.3866,0.66677
3.4991,0.65153
3.6886,0.64402
3.7064,0.63828
3.28,0.67409
4.0596,0.61533
3.1352,0.68679
2.8651,0.71069
3.711,0.6572
3.0582,0.69059
3.4235,0.6593
3.8535,0.63098
3.3875,0.6584
2.7222,0.71957
3.7017,0.63865
4.0624,0.61997
3.066,0.69002
3.5789,0.65034
2.9839,0.69748
2.8703,0.70694
3.2029,0.67786
2.8226,0.71472
2.8169,0.71698
3.651,0.64604
3.6562,0.64162
4.6429,0.5787
3.1458,0.68006
2.7965,0.71374
5.4862,0.5513
3.1229,0.6879
3.7625,0.63195
5.0157,0.55959
3.1037,0.67945
4.0257,0.62488
3.2785,0.67069
4.2109,0.60399
3.5287,0.6518
2.3776,0.74552
4.804,0.57177
3.214,0.67303
3.4871,0.64914
3.622,0.64034
3.8556,0.62577
3.491,0.65856
3.2161,0.6799
3.637,0.64179
3.5485,0.65298
4.7334,0.57768
2.3879,0.73957
1.6899,0.82204
2.1341,0.76603
3.7135,0.64025
1.9661,0.78434
3.6317,0.63856
2.2107,0.7521
3.7519,0.62982
1.9409,0.79079
1.8864,0.7945
2.0105,0.7796
1.8265,0.80626
2.1227,0.76103
3.577,0.64777
3.7715,0.63272
2.738,0.71321
3.4203,0.65934
3.6756,0.64059
3.0247,0.69095
3.4542,0.65853
3.5668,0.65062
3.7162,0.63896
3.3584,0.66519
3.8142,0.63189
3.2255,0.67
3.7136,0.63213
3.7785,0.63173
4.4181,0.59006
3.4125,0.66073
3.9433,0.61643
1.7327,0.81988
3.7473,0.63996
2.2302,0.7536
3.0784,0.68433
3.5548,0.6513
3.7591,0.63608
4.1048,0.61086
4.7163,0.57128
4.2692,0.60121
4.0734,0.61968
3.0707,0.6927
2.9794,0.69303
4.3226,0.60388
3.7455,0.63532
3.5978,0.64403
3.7141,0.63544
3.84,0.62645
3.8432,0.63039
3.8334,0.6299
3.6398,0.64348
3.8436,0.63597
3.1921,0.68358
3.2452,0.67584
3.9061,0.62292
3.1041,0.68293
3.0125,0.68868
2.8797,0.69936
3.6919,0.63451
2.9988,0.69664
3.1921,0.67301
3.2022,0.6839
1.8026,0.81387
2.3265,0.74538
2.1767,0.75985
2.082,0.76983
3.2704,0.6703
1.8794,0.80004
3.0813,0.69094
3.2747,0.66902
3.4649,0.65693
3.8185,0.62958
3.5819,0.65062
4.1129,0.6113
3.6805,0.64071
3.9515,0.61877
3.4162,0.66287
3.5435,0.65097
3.5072,0.64993
3.6423,0.64678
3.4348,0.65519
3.4378,0.65822
4.2207,0.60999
2.1319,0.76886
3.9473,0.62572
3.8663,0.62527
2.0207,0.77353
1.9215,0.79767
2.5299,0.72146
3.6248,0.6465
3.1273,0.68527
3.9788,0.61744
1.8665,0.79864
3.705,0.63947
4.4294,0.59789
4.1436,0.61183
3.6776,0.65257
4.2538,0.60294
3.4838,0.652
3.4438,0.65748
3.5853,0.64662
3.3388,0.66376
3.1354,0.68521
4.2176,0.60299
3.2891,0.6673
3.7141,0.63434
3.7017,0.64115
4.0357,0.61286
3.6294,0.64577
3.6081,0.64688
4.3971,0.59145
2.1897,0.7601
3.8156,0.63285
4.1507,0.60672
3.9133,0.62233
3.5556,0.64956
3.3488,0.66331
3.6433,0.64272
4.0295,0.61656
3.5895,0.64474
4.2863,0.59532
3.1736,0.68395
3.3613,0.66384
4.2612,0.60924
2.9768,0.69687
3.0653,0.69206
2.793,0.71589
2.955,0.70003
3.4204,0.66406
3.9165,0.64008
3.1549,0.68175
3.4194,0.65793
3.8043,0.62857
3.2984,0.66918
2.8555,0.688
1.8838,0.79452
2.1477,0.76241
3.4611,0.65081
3.1736,0.67115
3.1251,0.68629
3.0398,0.67587
2.3938,0.74814
3.9452,0.61786
2.2536,0.74967
3.0963,0.67722
3.7956,0.63042
3.1566,0.67991
4.1506,0.60988
3.5218,0.65389
3.9107,0.63258
3.1762,0.68242
3.5234,0.6514
3.9523,0.62132
3.4844,0.65164
3.5319,0.64652
4.017,0.61573
3.6891,0.63568
3.6771,0.63742
4.2612,0.60063
2.9157,0.70501
4.4102,0.58527
3.7925,0.62627
2,0.77675
4.1394,0.60797
3.5597,0.65148
2.1196,0.77238
2.1447,0.75755
3.8072,0.62259
1.8434,0.80481
2.0583,0.76562
3.4262,0.65714
3.804,0.62835
3.9127,0.62166
1.962,0.78297
5.9748,0.50954
2.9085,0.69815
4.0495,0.61033
2.8006,0.70248
3.3756,0.65647
3.5333,0.64359
3.4436,0.65142
2.2239,0.74326
2.0412,0.77123
3.6882,0.63221
4.3354,0.58833
1.9705,0.77678
4.1357,0.60445
4.3557,0.59065
1.6865,0.81997
1.8746,0.78812
3.8002,0.62129
3.2131,0.66653
3.86,0.61792
3.3264,0.6654
3.7506,0.63021
3.3717,0.6554
3.7422,0.62641
2.5041,0.72104
2.2399,0.74694
2.1178,0.75891
2.0229,0.7691
2.404,0.73383
1.6337,0.81587
1.4419,0.8498
3.9045,0.61263
1.7847,0.80917
1.165,0.90913
1.7553,0.79806
2.6328,0.71756
1.4603,0.85259
1.774,0.80309
1.8216,0.80277
1.5189,0.83727
3.7319,0.62872
2.6238,0.72057
2.9916,0.69222
2.8725,0.70206
2.7638,0.71109
1.2503,0.89385
1.4488,0.84874
1.6121,0.82327
3.0307,0.68127
3.5638,0.6347
3.1101,0.67268
2.9544,0.69201
3.1308,0.67418
3.4875,0.64143
2.953,0.69256
1.7492,0.81031
1.5238,0.83762
2.3782,0.73051
2.7218,0.69188
1.5337,0.83317
3.0404,0.65984
4.1145,0.5989
2.5152,0.71002
2.1351,0.75082
2.939,0.67237
2.316,0.7334
1.7645,0.80189
4.5138,0.57212
2.08,0.75533
1.8174,0.78009
1.3154,0.87585
3.543,0.63246
3.3663,0.63928
3.2558,0.648
2.1407,0.75314
2.3669,0.72782
1.7055,0.79317
3.6226,0.62567
5.0004,0.54053
2.879,0.69159
1.9023,0.77175
2.1008,0.74804
2.1186,0.74305
3.2211,0.65464
1.9155,0.77056
1.8157,0.79263
5.0554,0.5361
2.8563,0.69789
4.0121,0.6059
3.2774,0.65209
3.5405,0.63228
3.3894,0.63465
4.189,0.58187
2.6864,0.69272
4.2221,0.57944
2.9474,0.66928
2.9442,0.66763
4.0059,0.58869
2.5277,0.71541
2.136,0.76024
3.7778,0.60901
3.1424,0.66937
2.1496,0.75619
1.2873,0.86634
1.4162,0.83829
2.5346,0.71169
3.2584,0.64711
3.124,0.65767
2.8546,0.67581
2.5892,0.6935
2.8427,0.68827
1.598,0.8144
1.6633,0.80139
1.1953,0.88816
1.6515,0.79649
1.2168,0.87964
3.1943,0.65128
3.0876,0.66956
3.072,0.67117
2.096,0.75069
3.2842,0.64235
1.2499,0.86992
3.2741,0.64912
3.7316,0.60741
1.5896,0.80424
2.2998,0.72172
3.6369,0.61118
2.8407,0.68167
2.9478,0.65851
1.4215,0.8384
1.7156,0.79126
3.1247,0.64989
2.7808,0.68375
2.9213,0.66616
2.8333,0.67592
2.7696,0.6832
2.7006,0.69146
1.8494,0.77819
2.3017,0.72925
2.7797,0.68821
2.2797,0.72233
2.341,0.73208
2.5118,0.71159
2.7283,0.67694
2.0677,0.74481
2.9287,0.6656
2.864,0.67655
3.8155,0.59198
3.21,0.6384
2.25,0.73624
3.4939,0.61482
2.9075,0.67552
2.1117,0.74223
2.5894,0.70517
3.0718,0.65625
2.8805,0.67669
2.7338,0.68449
3.0709,0.65982
2.8845,0.6658
3.7668,0.58859
2.1158,0.7417
2.2178,0.73781
2.6393,0.6868
3.1903,0.63467
2.9494,0.66041
1.3689,0.83526
1.1604,0.87211
3.2808,0.62978
2.8728,0.65441
2.3905,0.70258
3.0239,0.6515
2.9399,0.65424
2.6782,0.67964
3.6074,0.60183
2.5913,0.68914
2.9591,0.65223
3.2672,0.63209
3.4106,0.61451
3.1133,0.63836
3.6301,0.59607
1.7226,0.78161
3.7097,0.5961
2.7927,0.66106
3.5308,0.60355
1.3534,0.82777
3.2123,0.63271
3.1698,0.63413
3.0878,0.63805
2.2003,0.71641
3.8224,0.58345
2.8011,0.65902
3.8692,0.57092
3.9067,0.56727
2.7021,0.67019
2.7582,0.6774
3.3913,0.60835
3.0697,0.63059
2.2445,0.7218
2.8077,0.66488
2.7764,0.68062
3.3817,0.60664
2.7486,0.65458
2.4917,0.6915
1.8713,0.75837
2.7794,0.6601
3.227,0.6297
3.1216,0.63675
2.5209,0.69517
2.5253,0.69213
1.9841,0.74675
3.0327,0.63136
2.8859,0.65512
2.3634,0.69852
0.9257,0.92032
2.6625,0.66141
4.0564,0.55319
3.1217,0.62606
2.8675,0.64883
2.4092,0.69463
1.5345,0.78306
2.4828,0.69573
1.3145,0.82046
2.3205,0.70971
2.533,0.682
1.4958,0.78951
4.1283,0.54238
1.2642,0.83845
1.3944,0.81425
1.5039,0.79319
1.3006,0.83203
1.6846,0.77463
2.0909,0.71863
3.1532,0.61114
1.4174,0.80826
1.486,0.79959
1.3289,0.82645
1.7666,0.75455
2.6571,0.6686
2.6308,0.65915
1.7474,0.766
1.6644,0.77408
2.2639,0.69616
1.6006,0.77793
2.407,0.68465
2.3365,0.69202
2.8485,0.63214
2.5727,0.6637
2.8507,0.63349
3.2171,0.61796
2.7261,0.65789
1.8425,0.74862
1.5416,0.77945
2.9023,0.64026
3.3499,0.60488
3.8537,0.55632
1.8878,0.74448
1.1003,0.86989
3.1998,0.61688
3.2727,0.60296
3.615,0.58096
1.2513,0.82719
1.8658,0.75693
2.1419,0.69155
3.2487,0.61174
1.4321,0.78957
5.0944,0.48915
3.1577,0.61987
4.2497,0.53307
1.0876,0.86206
4.0564,0.54236
1.7782,0.7632
3.8801,0.55408
2.7137,0.64798
4.6855,0.50317
3.9773,0.54804
3.4405,0.59225
1.5179,0.7872
2.75,0.6457
1.8106,0.73753
3.086,0.63069
3.2144,0.60652
3.4138,0.59904
4.6286,0.5204
3.2578,0.60854
4.1744,0.53607
1.3551,0.81075
1.2754,0.8161
4.4812,0.51116
0.92823,0.89653
1.5398,0.77817
4.4652,0.51651
3.1538,0.60744
3.1631,0.6
3.8231,0.55718
4.3272,0.52107
2.953,0.62726
2.561,0.6599
1.4758,0.78101
2.6814,0.65068
2.6584,0.63137
2.8085,0.63401
3.2887,0.58045
1.9347,0.71653
3.6274,0.56695
1.9362,0.71871
2.0313,0.71109
2.7586,0.63551
3.0451,0.60578
1.959,0.70089
1.396,0.80494
5.2254,0.45634
3.2277,0.58216
1.2509,0.81736
2.7725,0.63104
1.8575,0.72667
1.6467,0.76142
1.7649,0.74343
1.1038,0.84951
1.8228,0.73914
2.2741,0.68583
2.1517,0.69908
1.7064,0.75818
1.3644,0.78586
3.9899,0.5314
1.7114,0.72833
1.0257,0.86142
1.5394,0.75745
1.6654,0.74402
1.2902,0.79773
2.2403,0.66769
1.2148,0.8177
1.6862,0.75794
1.7387,0.75265
1.8894,0.72354
2.3018,0.66885
1.4943,0.77068
0.99163,0.86685
1.0875,0.85696
2.6633,0.64356
2.9694,0.60739
3.5376,0.56106
3.8838,0.54207
1.174,0.82552
1.3285,0.79555
3.9058,0.53942
1.6144,0.75708
0.98846,0.87175
1.237,0.8123
2.8775,0.60248
3.0348,0.60411
1.7818,0.73548
3.0045,0.60781
2.2804,0.66383
1.0304,0.85848
1.7641,0.73505
1.4893,0.76436
2.1908,0.66314
0.91521,0.88133
0.98811,0.86408
1.057,0.84173
0.93812,0.87917
1.04,0.85064
1.1272,0.83027
1.4764,0.76373
0.95767,0.87845
0.99114,0.86689
1.3356,0.79362
1.0126,0.85735
0.99587,0.86026
0.82079,0.9112
3.5031,0.56871
2.4319,0.65223
2.1678,0.68421
1.4396,0.77365
1.2767,0.79244
2.9258,0.61064
3.0491,0.60573
2.9623,0.60893
1.7435,0.72903
1.1538,0.83176
2.2195,0.6781
1.1472,0.83455
1.2473,0.81134
1.7252,0.73589
1.6303,0.75962
1.7372,0.75134
2.5772,0.64575
1.5808,0.74414
1.6451,0.76059
2.9828,0.60907
1.6194,0.76243
2.3693,0.6578
2.8951,0.60777
1.3466,0.77961
1.0626,0.83715
1.9139,0.7018
1.0892,0.83945
1.2922,0.81073
1.4752,0.7809
1.106,0.84512
1.0796,0.85762
1.5529,0.76602
1.7144,0.74089
1.0588,0.84919
1.5496,0.75807
1.7987,0.73473
1.9707,0.70773
1.9504,0.70853
1.8706,0.71592
1.5783,0.76875
1.6585,0.75701
1.7888,0.72976
1.615,0.75716
1.7612,0.74379
1.148,0.83119
1.9655,0.71177
1.8203,0.73097
1.278,0.80564
1.2923,0.79798
1.1117,0.82968
1.0637,0.84217
3.582,0.5567
1.6463,0.74507
1.3321,0.78615
1.806,0.73153
1.0722,0.83772
1.1875,0.81526
1.0077,0.85981
1.1474,0.82427
1.4293,0.76049
1.8527,0.69294
1.1523,0.82047
3.3027,0.56914
1.5525,0.75275
1.2995,0.80014
1.233,0.80496
1.3586,0.78622
1.287,0.79601
1.384,0.77711
1.1869,0.81966
1.2988,0.79153
1.4342,0.76924
1.3925,0.78031
3.9513,0.52555
1.1972,0.81241
1.2798,0.79303
0.96744,0.86851
1.8155,0.70206
1.0467,0.84954
1.5936,0.75456
1.0399,0.85191
1.2182,0.80984
1.4228,0.76175
1.0749,0.84078
1.322,0.79196
1.0571,0.84941
1.1892,0.81326
1.6086,0.73813
4.3367,0.50711
1.0428,0.84627
1.7099,0.72523
3.6199,0.55258
1.095,0.83824
1.0737,0.842
1.2862,0.79142
1.5056,0.75605
1.4817,0.76578
1.5782,0.74479
1.3921,0.76913
1.5543,0.74418
1.8079,0.7108
1.9945,0.70071
1.9775,0.70191
1.2037,0.81419
1.9355,0.70389
3.6344,0.54844
1.7979,0.73695
0.93412,0.88422
1.0989,0.83989
1.129,0.83049
1.1394,0.81919
1.4211,0.77227
1.0701,0.84183
1.2211,0.81348
1.2301,0.81165
1.3675,0.7724
1.4914,0.74866
1.062,0.83446
1.4533,0.76074
1.3422,0.80089
1.2766,0.79118
1.4751,0.76453
1.2224,0.80542
1.4313,0.76158
1.8851,0.70119
1.8288,0.71694
2.0486,0.68592
1.2945,0.79596
1.9353,0.70331
1.9119,0.70811
1.3482,0.7798
1.461,0.75718
1.8304,0.72691
1.5089,0.74419
1.8346,0.70714
1.1427,0.81607
1.3693,0.77437
1.8078,0.71596
1.2686,0.79929
3.8355,0.53501
4.2473,0.50748
1.8812,0.69287
3.8878,0.52365
1.8553,0.71907
1.8645,0.71937
1.2623,0.79429
1.2766,0.78852
1.0296,0.85057
1.3463,0.77303
1.336,0.78299
0.98315,0.85615
1.4786,0.75587
1.2207,0.80493
1.7479,0.71687
1.21,0.80939
1.5257,0.76036
2.2169,0.66718
1.0927,0.83868
1.1611,0.82146
1.6303,0.73063
1.4634,0.75899
2.0417,0.67469
1.2488,0.79277
1.7369,0.71814
1.1629,0.82661
1.628,0.73289
1.333,0.79095
1.5116,0.74405
0.50869,0.99828
1.5648,0.73544
1.29,0.7897
1.4825,0.7593
1.2429,0.79047
1.4638,0.75324
1.633,0.71948
1.1025,0.83067
1.4067,0.76699
1.6989,0.72193
1.4636,0.75726
1.4977,0.74535
1.6232,0.7267
1.6981,0.71854
1.6028,0.73065
1.5223,0.74244
1.4716,0.75239
1.6378,0.73222
1.3426,0.77779
1.6883,0.72097
1.5026,0.74539
0.92494,0.86728
1.3981,0.76939
1.5116,0.74514
1.2196,0.79514
1.6501,0.72601
1.364,0.76194
1.1065,0.83227
1.1701,0.81764
1.6377,0.73129
1.1372,0.81879
1.8357,0.70126
1.3757,0.77281
1.2905,0.79742
1.3751,0.77157
1.4659,0.74995
1.265,0.79339
1.7395,0.73525
1.8484,0.71742
1.0809,0.84098
1.8249,0.73157
1.8124,0.72081
1.8633,0.71946
1.9699,0.70091
3.0907,0.57994
1.9439,0.70441
3.7418,0.53634
1.4743,0.74975
1.5008,0.73505
1.7231,0.71107
1.479,0.75396
1.3284,0.78017
1.1748,0.81095
1.478,0.74984
1.5863,0.73933
1.2634,0.79628
1.7697,0.72325
1.2982,0.78298
1.7662,0.7215
1.8131,0.72522
1.1482,0.81895
1.3886,0.76614
1.3001,0.78871
1.1854,0.81061
1.2215,0.80127
0.94517,0.87155
1.4266,0.76759
1.8737,0.70698
1.2478,0.79256
1.4081,0.76307
1.1903,0.80973
0.80055,0.90367
1.0536,0.83
1.4985,0.74398
1.1684,0.80623
1.3645,0.77191
1.6953,0.71512
0.93838,0.86157
1.4814,0.74625
1.2383,0.79757
1.6569,0.7165
1.7344,0.72933
3.3546,0.56965
1.5211,0.76808
1.3816,0.77447
1.0989,0.82884
1.4109,0.76594
2.011,0.69059
1.1505,0.82137
1.3619,0.76949
1.1994,0.80905
1.4501,0.75154
1.2817,0.78314
2.1505,0.67118
1.4899,0.74553
1.4997,0.74153
1.5773,0.73619
1.7013,0.7318
1.3259,0.77479
1.0493,0.83473
0.97437,0.86175
1.1912,0.81304
1.556,0.7423
1.2361,0.79729
1.2678,0.78987
1.2813,0.79252
0.98578,0.85969
1.2081,0.79653
1.4161,0.76636
1.286,0.79398
1.358,0.76826
1.6566,0.74454
1.7218,0.73188
1.5569,0.76823
1.4879,0.77744
1.5027,0.77458
1.2833,0.80009
1.5525,0.76675
1.74,0.73763
1.3086,0.77601
1.1992,0.80553
1.1857,0.80358
0.92501,0.86843
1.3301,0.77497
1.3202,0.78042
1.2689,0.79171
1.0664,0.83592
1.0549,0.83617
1.2374,0.80248
0.97909,0.8574
1.1371,0.82073
1.1877,0.8045
1.6506,0.71551
1.2714,0.7813
1.4265,0.76048
1.1201,0.81466
1.8342,0.72112
1.1776,0.81061
1.1732,0.8086
1.2671,0.78598
1.3283,0.77933
1.3515,0.77133
1.6272,0.72767
1.139,0.81732
1.1104,0.83343
1.1556,0.81074
1.0537,0.84405
1.1682,0.81148
1.0455,0.84258
1.1206,0.82434
3.8653,0.51545
1.5269,0.74927
1.2395,0.7968
1.7325,0.70973
0.87635,0.8803
1.0433,0.84348
1.1427,0.8128
1.2811,0.79237
1.2978,0.78483
0.99094,0.85823
1.4965,0.77603
1.7681,0.73139
1.1395,0.82447
1.1083,0.83116
1.1841,0.81352
1.4138,0.76536
1.4454,0.75955
1.5387,0.75779
1.6098,0.75606
1.6354,0.75023
1.0658,0.83429
1.3778,0.7694
1.4811,0.77593
1.8777,0.70896
1.5137,0.77312
1.3145,0.78632
1.5103,0.74981
1.6036,0.75804
1.4044,0.76603
1.869,0.70455
1.4307,0.75225
2.6299,0.61009
1.3235,0.77303
1.2784,0.78367
1.445,0.7474
1.1655,0.80295
1.0006,0.85113
1.4281,0.75508
1.4116,0.76788
1.2525,0.78908
1.2628,0.79325
1.128,0.81002
1.5901,0.76111
1.0421,0.8383
1.6814,0.71766
1.2194,0.80353
1.2059,0.79996
1.3687,0.76637
1.671,0.72772
1.1591,0.80764
1.527,0.73735
1.1609,0.81299
0.95602,0.85774
1.286,0.78164
1.3341,0.76984
1.2944,0.78551
1.7603,0.70585
1.7387,0.70874
1.2274,0.80132
1.7611,0.70484
1.3464,0.78085
1.3139,0.78695
1.4111,0.76651
1.2223,0.80612
1.1891,0.81559
1.0274,0.85207
1.1906,0.80649
1.5656,0.73957
1.6834,0.72031
1.5403,0.73999
1.415,0.76737
1.3145,0.78543
1.7754,0.70463
1.2709,0.78528
1.1372,0.80918
1.0451,0.82939
1.41,0.74908
1.2579,0.78741
1.221,0.79817
1.2348,0.7982
1.0979,0.83167
1.1575,0.81966
1.027,0.84398
1.2875,0.78155
1.0332,0.84235
1.9467,0.66964
1.0432,0.84064
1.2627,0.7841
1.1267,0.82064
1.7762,0.70601
1.2304,0.79582
1.6825,0.71871
1.3374,0.77695
1.7031,0.7373
1.2295,0.80412
1.2683,0.79428
2.2178,0.66807
2.0644,0.68517
2.141,0.67985
1.6736,0.74984
1.8906,0.70526
1.2744,0.7766
1.5625,0.72818
2.1579,0.66758
1.1253,0.81825
1.2817,0.78996
1.6682,0.70776
1.2489,0.79688
1.976,0.68927
0.95246,0.85983
1.4246,0.76993
1.2208,0.79906
1.7749,0.72856
1.549,0.72915
1.023,0.83898
1.3924,0.75858
1.4461,0.75027
1.4795,0.74881
1.1966,0.8029
1.6856,0.70996
1.2009,0.80427
1.2786,0.79095
1.3853,0.77113
1.1776,0.8108
1.7366,0.70986
0.99329,0.85686
1.183,0.80313
1.1867,0.80617
1.5162,0.7332
1.1008,0.82302
1.1601,0.80989
1.853,0.7056
1.8185,0.71945
1.3879,0.75012
1.3629,0.76007
1.138,0.81222
1.4038,0.75441
1.1377,0.81453
1.4082,0.76344
1.1359,0.81739
1.7161,0.69882
1.6854,0.70745
1.3294,0.7751
1.3125,0.77636
2.0874,0.67096
1.339,0.77417
1.4811,0.7449
1.6004,0.71505
1.3034,0.78745
1.666,0.71464
0.99338,0.85343
1.6353,0.72532
1.0498,0.8316
1.0296,0.83955
1.3907,0.75342
1.0188,0.84175
1.1769,0.80408
1.5249,0.74345
1.0748,0.83184
1.2573,0.80094
1.2282,0.79832
1.4757,0.73377
1.392,0.75094
1.4282,0.76058
1.4785,0.74797
1.4097,0.74713
1.4761,0.73967
1.5461,0.72355
1.2479,0.77938
1.1082,0.81682
1.1842,0.79732
1.5576,0.72902
1.0432,0.83192
1.7339,0.71968
1.7746,0.72241
1.351,0.76795
1.3983,0.76283
1.6772,0.71101
1.268,0.7873
1.5405,0.73043
1.1998,0.79596
1.4001,0.75445
1.3094,0.77558
1.5392,0.72506
2.0566,0.68475
1.2268,0.79413
1.226,0.79773
1.3311,0.7675
1.9619,0.69133
1.5355,0.76092
1.3804,0.76348
1.4276,0.75495
1.1346,0.81362
1.575,0.72231
1.6923,0.73039
1.7256,0.70403
1.707,0.73024
1.9039,0.67484
1.5793,0.72751
2.158,0.67585
1.761,0.72637
2.0452,0.67542
1.1597,0.80593
1.6533,0.7457
1.2324,0.79225
1.178,0.81031
1.1852,0.8069
1.2892,0.78284
1.3109,0.77566
1.566,0.73001
1.3427,0.76999
1.5503,0.72174
1.2397,0.79348
1.8606,0.67867
1.2448,0.79475
1.5154,0.73929
1.7299,0.70407
1.2511,0.79619
1.2373,0.79482
1.0827,0.82358
1.192,0.80883
1.4689,0.73637
1.2735,0.78399
1.5998,0.7204
1.603,0.72367
1.2301,0.79247
1.1855,0.8029
1.1961,0.79553
1.0908,0.82653
1.4617,0.74584
1.1358,0.82228
1.2356,0.78834
1.187,0.80462
1.0176,0.84224
1.1179,0.81014
1.4889,0.73193
1.5027,0.74305
1.8249,0.68528
1.3712,0.76623
1.1661,0.81384
1.1227,0.80748
1.5445,0.73586
1.6223,0.72209
1.5202,0.73403
1.4437,0.75012
1.1745,0.80518
1.4123,0.75556
1.3182,0.77946
1.2191,0.80222
1.2388,0.79318
1.2583,0.787
1.5155,0.73045
1.4407,0.75564
1.7652,0.695
1.1995,0.79491
1.2618,0.78959
1.4118,0.75884
2.3077,0.64317
1.1324,0.8068
1.1564,0.81402
1.372,0.76208
1.3295,0.77697
1.1537,0.80677
1.3123,0.77285
1.1678,0.80325
1.2944,0.77816
1.1801,0.80303
1.7301,0.69665
1.2607,0.78268
1.92,0.6631
1.6658,0.70021
1.7768,0.68146
1.796,0.67786
2.2965,0.62294
1.9383,0.67168
1.5307,0.73164
1.6314,0.72578
1.688,0.70918
2.0068,0.68407
1.4599,0.73862
1.8336,0.67538
1.6415,0.71839
1.7685,0.68737
1.7545,0.68354
1.9922,0.6616
1.2541,0.7844
1.8547,0.67697
1.3829,0.75564
2.267,0.6247
1.3513,0.76578
0.93638,0.85061
1.2455,0.78493
1.546,0.71774
1.0654,0.82586
1.3027,0.77047
1.3613,0.75464
1.5392,0.72916
1.4679,0.74386
2.1507,0.63479
1.6056,0.72117
1.5518,0.7199
1.8029,0.67912
1.6495,0.70809
1.3492,0.75596
1.8378,0.68236
1.4748,0.74553
1.5288,0.73913
1.7727,0.68265
1.6082,0.71669
1.5393,0.73242
1.5778,0.72262
1.3022,0.77204
1.123,0.81404
1.3265,0.77463
1.1615,0.80386
1.5778,0.71896
1.3861,0.75288
1.1724,0.80403
1.3807,0.75849
1.1673,0.80831
2.1675,0.64496
1.1829,0.80307
1.7094,0.69731
1.592,0.72307
1.1514,0.8013
1.4461,0.73586
1.3361,0.77003
0.98559,0.84195
1.3016,0.77852
1.5845,0.71972
1.6709,0.71519
1.5301,0.73254
1.7227,0.6984
1.3604,0.7584
1.4469,0.74833
1.7084,0.69386
1.7006,0.69953
1.6836,0.70864
1.4007,0.7456
1.4574,0.74435
1.2193,0.80013
1.2285,0.77596
1.575,0.71681
1.4152,0.75088
1.3624,0.7697
1.6503,0.71076
1.285,0.78464
1.6897,0.69929
1.1976,0.7959
1.4828,0.73348
1.6489,0.70661
1.7595,0.68755
1.3883,0.75436
1.9096,0.66953
1.4236,0.75999
1.6792,0.70522
1.6562,0.70987
1.5547,0.72596
1.4641,0.74125
1.5943,0.72076
1.4029,0.75833
1.8502,0.67226
1.4738,0.73932
2.055,0.65035
1.3672,0.76212
1.3374,0.77315
1.2526,0.79063
1.9036,0.67311
1.1771,0.80281
1.3408,0.76478
2.3171,0.61935
1.2016,0.79368
1.7269,0.69152
1.5988,0.71131
2.0196,0.65517
2.171,0.62964
1.7292,0.6991
1.8548,0.67309
1.3562,0.75744
1.3497,0.75916
1.3915,0.76026
1.7899,0.69133
2.0846,0.65274
1.4911,0.73709
1.3,0.77463
1.3492,0.76495
1.9263,0.6726
1.2908,0.76659
1.3958,0.76021
1.1894,0.78943
1.5092,0.73156
1.2054,0.79401
1.7998,0.67756
1.5187,0.73843
1.1805,0.80021
1.8127,0.69466
1.3189,0.76986
1.3161,0.78075
1.1459,0.81251
1.9235,0.65441
1.4584,0.73968
1.8558,0.70535
1.5617,0.75489
1.2491,0.77449
1.8039,0.71107
1.335,0.76348
1.9578,0.69056
1.5567,0.72838
1.3155,0.77949
1.5305,0.73179
1.1897,0.79655
1.736,0.6915
1.3843,0.75216
1.1325,0.81143
1.461,0.74047
1.6076,0.70853
1.4758,0.7344
1.512,0.734
1.4696,0.73765
1.2909,0.77003
1.1637,0.80742
1.9575,0.66184
1.1135,0.81468
2.2455,0.62215
2.0379,0.66826
1.7364,0.68612
0.91039,0.86336
1.6109,0.71023
2.339,0.6194
1.4553,0.73978
1.3729,0.75837
1.5472,0.71895
1.7864,0.68812
2.3492,0.64065
1.9126,0.66618
1.5371,0.73112
1.2465,0.78118
1.5232,0.72524
1.0152,0.82162
1.6636,0.70838
1.6338,0.70685
2.0697,0.64217
1.5143,0.72754
1.7174,0.6922
1.5639,0.71092
1.5397,0.72545
1.8617,0.66921
1.4645,0.74638
1.4047,0.75078
1.3812,0.75048
1.5255,0.72544
1.3791,0.75697
1.3134,0.76127
1.2096,0.78903
1.1221,0.80948
1.3073,0.76873
1.4738,0.73443
1.7529,0.68852
1.5654,0.72228
1.885,0.67974
1.6936,0.69686
1.0295,0.83804
1.3748,0.75555
1.5656,0.72955
1.641,0.71368
1.4878,0.74811
1.4317,0.74876
2.2419,0.65352
1.6456,0.70092
1.1377,0.81034
1.2706,0.78729
1.3342,0.76883
1.2154,0.78959
1.3956,0.75872
1.613,0.71149
1.333,0.76704
1.5823,0.72601
1.3709,0.76158
1.3872,0.76021
1.535,0.72629
1.6214,0.71419
1.4159,0.74903
1.4845,0.73506
1.4035,0.74863
1.5539,0.72022
1.3058,0.7584
1.1321,0.80791
1.4435,0.74873
1.3353,0.7611
1.8057,0.68633
1.4349,0.75606
1.703,0.70734
1.4601,0.74526
1.4762,0.73287
1.5038,0.73989
1.8615,0.67451
1.3128,0.76118
1.5717,0.71245
1.2534,0.78986
1.7119,0.70236
2.2273,0.62714
1.6232,0.70948
1.5509,0.72235
1.5556,0.72213
1.2734,0.77427
1.4985,0.73172
2.1152,0.64145
1.3804,0.76112
1.6722,0.70518
2.0464,0.67823
1.3103,0.78239
1.2132,0.795
1.5615,0.75392
1.5028,0.73506
1.3935,0.75983
1.2973,0.77375
1.9056,0.67776
1.5098,0.73923
1.1933,0.7999
1.7145,0.70214
1.5674,0.72396
1.3832,0.7616
1.6115,0.74976
1.5354,0.73336
1.601,0.71211
1.5381,0.73017
1.8317,0.70671
1.9835,0.68087
1.6549,0.71174
1.6511,0.70947
1.3043,0.77751
2.2186,0.64789
1.9706,0.69784
1.4447,0.74938
1.2863,0.78317
1.1201,0.81883
1.3042,0.78352
1.2141,0.79991
2.1677,0.63788
1.1813,0.80283
1.9232,0.67545
1.1147,0.81707
1.3309,0.77384
2.4006,0.60954
1.6083,0.7195
1.8117,0.71744
1.2539,0.78346
1.2133,0.80406
1.3372,0.7592
1.3842,0.77341
1.2128,0.79555
1.3607,0.75979
1.598,0.71995
1.3814,0.77095
1.3076,0.7782
1.5431,0.72548
1.3605,0.76226
1.6987,0.73595
1.8459,0.69926
1.2964,0.77844
1.4971,0.74984
1.4465,0.75524
1.3734,0.78031
1.4972,0.74211
1.4354,0.75414
1.1807,0.80346
1.4977,0.73757
1.6671,0.71506
1.6405,0.71461
1.3637,0.76731
1.8211,0.68246
1.4928,0.74964
1.4705,0.74
1.1879,0.79881
1.2532,0.79462
1.4519,0.74413
1.441,0.75815
1.782,0.68925
1.4589,0.74919
1.9042,0.67116
1.4822,0.74489
1.8205,0.71074
1.6161,0.75433
1.6627,0.74482
1.6275,0.7487
1.9737,0.69339
1.5397,0.76549
1.8085,0.71489
1.644,0.74682
1.1721,0.807
1.4345,0.75313
1.0803,0.83604
1.2739,0.78363
1.2138,0.81082
1.4235,0.7654
1.2678,0.79153
1.3247,0.78378
1.5139,0.74695
1.3815,0.77762
1.6236,0.71585
1.5671,0.73117
1.6756,0.72395
1.2359,0.7955
0.79855,0.88549
1.7693,0.7
1.2814,0.79231
1.2268,0.79813
1.3773,0.77351
1.5768,0.73026
1.3731,0.77909
1.1748,0.81722
1.2454,0.80647
1.319,0.77809
1.0957,0.83501
1.5205,0.74925
1.243,0.80872
1.3196,0.79004
1.4888,0.78594
1.8907,0.71741
1.489,0.78266
1.5099,0.77835
1.6104,0.75304
1.4587,0.75022
1.4779,0.75979
1.6124,0.73053
1.719,0.72391
1.9349,0.67526
1.4498,0.75628
1.4451,0.75676
1.1091,0.83542
1.777,0.73643
1.1585,0.81824
1.234,0.79906
1.4469,0.7615
1.1747,0.82329
1.4416,0.7731
1.1804,0.81954
1.85,0.72705
1.1932,0.81894
1.1302,0.83496
1.0684,0.83581
1.432,0.76787
1.4662,0.77046
1.4058,0.78316
1.3134,0.79786
1.3341,0.79834
1.149,0.8223
1.5552,0.73965
1.4221,0.77718
1.377,0.77724
1.2812,0.80635
1.4076,0.78692
1.3519,0.79494
0.97017,0.86758
1.2702,0.79497
1.4679,0.75643
1.1411,0.8256
1.2345,0.80894
1.0776,0.84594
1.0907,0.84286
1.1763,0.8245
1.2291,0.81593
1.058,0.85139
1.147,0.82773
1.3743,0.78123
1.1449,0.83417
2.0639,0.69003
1.3447,0.78112
1.1906,0.81664
3.3407,0.57511
1.3939,0.77988
1.2952,0.80663
1.2075,0.81742
1.2033,0.82018
1.2955,0.80848
1.2509,0.80895
1.2489,0.80394
1.2524,0.81628
1.5366,0.75242
1.461,0.77699
1.248,0.80446
1.7747,0.72808
1.2649,0.79824
1.9148,0.71745
1.4815,0.76371
1.8623,0.72552
1.5303,0.75472
1.3778,0.78616
1.5301,0.76398
1.171,0.82738
1.4501,0.76956
1.4737,0.77091
1.4173,0.77232
1.2732,0.81226
1.4299,0.77867
1.4463,0.76515
1.2567,0.80698
1.2129,0.81014
1.2394,0.80944
1.2573,0.80245
1.1738,0.81734
1.3166,0.80194
1.2759,0.80603
1.2677,0.80351
0.41037,1.045
1.8362,0.7256
2.3997,0.65106
1.566,0.74603
1.4265,0.77916
1.4745,0.76782
1.2377,0.81799
1.336,0.7884
1.2101,0.80414
1.0798,0.84464
1.1459,0.83986
1.2903,0.81165
1.2447,0.81819
1.3208,0.80378
2.153,0.69035
1.3178,0.79184
2.488,0.6396
1.3508,0.79896
2.0796,0.68243
1.1389,0.84179
1.2978,0.81407
1.0423,0.86367
1.5698,0.77668
1.3033,0.79338
1.2554,0.81103
1.2395,0.8074
2.992,0.60271
1.0944,0.84232
1.2857,0.79874
1.3524,0.79123
1.1071,0.84891
1.1725,0.82744
2.1043,0.69803
1.2543,0.81146
3.251,0.58054
1.2315,0.81054
1.2957,0.80048
1.2351,0.81238
1.2346,0.81765
1.3339,0.79449
1.0971,0.85779
1.1451,0.82833
1.1114,0.83635
1.1759,0.81884
1.2239,0.81646
1.858,0.72521
1.9478,0.69915
1.1873,0.82782
1.3563,0.78555
1.4041,0.78978
1.2812,0.79769
1.4252,0.78609
1.3422,0.78656
1.2588,0.80269
1.2735,0.80262
1.4369,0.76621
1.268,0.80217
1.9094,0.7242
1.2484,0.81651
3.4195,0.56653
1.1535,0.83166
1.1687,0.82506
1.3349,0.80462
1.1172,0.84281
1.2078,0.8246
1.1466,0.83489
1.2536,0.80112
1.1575,0.83891
1.5019,0.7657
1.281,0.81091
1.4408,0.77271
1.2447,0.81467
1.407,0.79887
1.4857,0.77508
1.4019,0.78689
1.3913,0.79106
1.3376,0.80196
1.3707,0.79176
1.2758,0.81956
1.2456,0.81342
1.3085,0.81619
1.369,0.79931
1.4772,0.78686
1.3501,0.79636
1.3701,0.80394
1.4253,0.78608
1.3001,0.81465
1.3521,0.79429
1.4752,0.78569
3.3116,0.58295
1.4401,0.79443
1.4152,0.79322
3.2936,0.5935
1.5921,0.74561
1.5431,0.76128
1.4603,0.7896
2.125,0.70852
1.8477,0.74515
1.9892,0.72252
1.8298,0.7493
1.927,0.73685
1.8696,0.73994
1.9501,0.7308
1.7773,0.76281
1.5564,0.76285
1.8376,0.72968
1.99,0.70671
3.2339,0.58332
3.347,0.58484
0.99283,0.87274
1.3578,0.80403
1.0514,0.86301
1.2292,0.81906
2.1175,0.70101
1.7937,0.75907
1.7851,0.74829
1.9956,0.71191
1.2021,0.83795
1.6495,0.76967
2.9118,0.61756
1.623,0.76496
1.3516,0.79535
1.9509,0.70878
1.3387,0.80416
1.2839,0.82024
1.7868,0.75507
1.9135,0.73848
1.7373,0.75613
2.0065,0.72346
1.2766,0.81688
1.1546,0.83755
2.0128,0.71956
1.1698,0.83865
2.4215,0.6675
1.9266,0.73034
3.6296,0.56421
1.6839,0.76244
1.822,0.74882
3.0114,0.6117
2.4878,0.66635
2.7344,0.6359
1.8769,0.74058
4.6046,0.5101
2.288,0.68119
2.933,0.62772
2.6083,0.6481
2.2363,0.68138
2.3011,0.67473
2.8719,0.63207
2.1128,0.70298
2.5548,0.6677
2.0414,0.71476
1.3584,0.80043
1.2346,0.82637
3.1679,0.61286
2.1352,0.71062
2.9801,0.63022
2.6834,0.65258
1.3101,0.81037
1.4313,0.79784
1.1476,0.8468
1.3481,0.81181
1.4839,0.79184
1.7498,0.74983
1.1649,0.83829
1.2961,0.82916
2.5639,0.66071
1.406,0.80501
1.3919,0.80085
1.9277,0.73506
1.4222,0.7937
3.2959,0.60646
1.4726,0.79226
1.4833,0.78139
1.5497,0.77699
2.9871,0.61837
1.5971,0.76631
1.362,0.80702
2.4794,0.66968
2.5303,0.66897
2.571,0.66871
1.3277,0.8173
2.4724,0.67693
1.392,0.81513
2.6024,0.66805
1.4796,0.79957
1.4193,0.81228
3.3981,0.60294
2.5602,0.67624
1.5871,0.7791
1.2485,0.82879
1.6288,0.76139
1.8196,0.74248
3.2761,0.6013
1.6286,0.76623
1.7441,0.75132
1.0383,0.87164
1.6928,0.75676
3.5598,0.59269
3.2618,0.5997
2.9905,0.63134
1.2016,0.84957
1.1542,0.85574
1.4858,0.79357
1.0005,0.88924
2.4432,0.68134
3.2468,0.6078
1.8209,0.74563
1.8088,0.75397
1.9434,0.72722
1.8367,0.74943
1.5755,0.78369
1.6013,0.77777
2.234,0.71633
2.1076,0.72588
2.0423,0.72735
1.654,0.78893
1.9435,0.74155
3.3023,0.6096
2.5554,0.66687
2.5225,0.67247
2.7822,0.64914
2.4217,0.68785
2.516,0.67536
3.0127,0.63706
2.1084,0.72617
2.2531,0.69876
2.799,0.65479
3.2565,0.61753
1.6293,0.78148
1.6236,0.78069
1.6238,0.77701
1.6869,0.76672
1.6867,0.77437
1.6114,0.7865
1.4613,0.80831
1.5456,0.79189
1.4873,0.81116
1.5949,0.78991
1.6841,0.77286
1.8989,0.74351
1.7351,0.76341
1.9336,0.7362
3.5398,0.59656
2.9241,0.65109
3.2665,0.62287
3.2801,0.61084
3.3649,0.60959
2.6995,0.66164
2.8813,0.65309
2.0134,0.73985
2.0339,0.7375
1.8462,0.76577
3.3402,0.61412
3.2923,0.61283
3.252,0.63175
3.4167,0.60416
3.8116,0.57271
3.6212,0.59138
3.218,0.62876
2.7926,0.65356
1.3623,0.82603
1.2552,0.83978
2.4385,0.68755
2.4825,0.68934
1.1481,0.86433
2.1678,0.71561
2.2115,0.71111
2.3737,0.69337
1.1823,0.85347
1.4026,0.80519
1.4494,0.81767
1.1661,0.85755
2.2415,0.70728
3.056,0.62859
2.9966,0.64902
3.0392,0.63883
2.89,0.65467
2.4079,0.69049
2.1005,0.72947
1.8034,0.77278
3.2821,0.62048
1.9949,0.74117
2.409,0.68166
1.4324,0.80614
2.2591,0.7094
1.0844,0.88088
1.2057,0.85269
3.505,0.60501
3.7496,0.59059
1.9842,0.74677
1.8437,0.77079
2.7048,0.66724
2.8973,0.64866
1.9014,0.76442
2.9212,0.64916
2.8085,0.65643
2.4674,0.67771
2.3471,0.69217
1.7443,0.77827
2.0133,0.74349
2.395,0.70136
4.1316,0.56366
3.0116,0.64769
2.1986,0.7159
2.3719,0.69735
3.293,0.62613
2.0828,0.73029
2.3153,0.70656
0.9833,0.89693
0.92244,0.91863
2.7713,0.6552
3.909,0.57456
3.5701,0.59976
1.6063,0.7931
3.909,0.58371
3.0359,0.63879
1.7611,0.76649
3.133,0.64238
3.1646,0.63814
1.0575,0.88813
1.0976,0.8794
1.1462,0.86551
1.0218,0.89365
1.1255,0.87277
1.1189,0.86916
1.3466,0.82531
1.1172,0.87205
1.1594,0.85792
1.1822,0.85638
3.0923,0.6292
2.9074,0.65346
1.1013,0.87543
3.2748,0.61596
3.3629,0.61124
3.4994,0.60657
3.3628,0.60503
3.1256,0.63108
3.0957,0.63213
3.4986,0.5997
3.2565,0.6197
3.3109,0.61712
3.3823,0.60588
3.4533,0.60284
1.2109,0.85004
1.5479,0.80505
1.6663,0.79162
3.8204,0.59194
2.3005,0.71644
3.2452,0.63291
2.5785,0.6868
1.4372,0.81823
3.6674,0.59848
3.4493,0.61284
3.8749,0.57201
3.147,0.62834
3.3471,0.62232
2.6397,0.68033
2.6076,0.6842
2.5484,0.68631
2.6815,0.67423
3.4,0.61975
3.5331,0.59963
3.2143,0.62966
3.3488,0.62253
2.2267,0.72069
2.2183,0.71771
2.1497,0.72345
2.5053,0.67967
3.3946,0.61831
2.9303,0.65639
3.1066,0.64091
2.859,0.6527
3.192,0.63021
3.6726,0.59657
3.9019,0.58198
3.5362,0.59898
2.9448,0.65531
3.4297,0.61206
2.5689,0.68819
3.3097,0.61538
2.2081,0.72469
3.3185,0.62743
2.1824,0.73652
2.9581,0.65761
1.7225,0.79396
2.8374,0.66098
3.1423,0.639
3.1285,0.6361
3.6491,0.60367
1.8612,0.77552
2.3359,0.70991
1.6356,0.80826
2.7153,0.68047
2.6876,0.68453
1.6881,0.78277
1.5298,0.81383
1.6129,0.79859
1.7768,0.77581
1.5273,0.81055
1.6841,0.78641
1.534,0.80948
2.1456,0.73531
1.5878,0.80111
1.9977,0.75514
1.5362,0.8056
1.5786,0.80254
1.4127,0.83228
1.4064,0.82739
2.2254,0.71905
2.7418,0.67735
1.5797,0.80349
1.9425,0.76266
1.9631,0.75158
1.8537,0.76988
1.8424,0.77183
1.719,0.78668
1.8058,0.77058
2.1555,0.73828
1.6788,0.78938
1.9993,0.7431
1.925,0.75687
2.366,0.71399
2.6419,0.67909
2.5328,0.69078
2.0432,0.75072
1.6633,0.78946
2.088,0.72812
1.9261,0.75091
2.3228,0.71781
2.3442,0.71412
2.7286,0.6724
1.7622,0.77563
1.366,0.84
1.5362,0.80829
2.5948,0.68689
2.6044,0.68323
3.0307,0.65043
2.8869,0.66581
3.221,0.63369
3.2864,0.63153
1.7316,0.78197
3.1663,0.64169
3.4412,0.61845
3.3275,0.62337
3.3947,0.6251
2.1132,0.74094
3.8661,0.58527
3.3186,0.63338
1.344,0.84151
1.5227,0.80579
1.6673,0.79281
1.7571,0.78046
3.3262,0.63056
3.0313,0.65805
3.3893,0.62121
2.877,0.66559
3.0258,0.64721
3.269,0.63011
3.6154,0.59848
3.1317,0.64456
3.561,0.60989
3.2393,0.6341
2.1489,0.72883
2.252,0.72007
2.9875,0.6569
2.928,0.6626
3.4153,0.61839
2.7516,0.67365
3.4986,0.61644
2.8242,0.66546
1.7996,0.77737
1.5207,0.81496
2.902,0.66547
2.5789,0.6989
3.2018,0.63633
1.3951,0.83897
2.6197,0.6954
2.5126,0.70243
2.7921,0.67544
2.5456,0.69953
2.5539,0.70024
1.9645,0.76355
1.9464,0.76371
1.8227,0.77948
1.9334,0.76153
2.5445,0.69906
2.7757,0.67735
2.8131,0.67261
2.2015,0.73963
2.5846,0.69779
2.5014,0.69912
2.3134,0.72066
1.6288,0.8088
2.6675,0.68314
2.5089,0.69821
2.5366,0.70494
2.5279,0.70055
2.6225,0.69424
2.6541,0.69478
2.5995,0.69492
1.1178,0.8876
1.3254,0.83851
1.2062,0.86801
3.5707,0.61575
1.5271,0.81772
1.5712,0.81326
1.7235,0.78548
1.7505,0.78565
1.4782,0.82107
1.9806,0.75808
2.0648,0.74284
2.6635,0.69263
1.0828,0.89909
1.4298,0.84351
1.534,0.8171
2.5111,0.70925
1.97,0.76148
2.17,0.73516
1.6564,0.7998
1.9569,0.7584
1.7886,0.7833
3.6855,0.6061
3.4339,0.62533
1.6493,0.79866
2.242,0.72331
2.21,0.72957
2.1791,0.73663
2.3504,0.71596
1.9069,0.7695
1.9286,0.76827
2.2579,0.7295
2.7838,0.67228
2.0605,0.75297
2.0788,0.75339
2.1413,0.74842
1.9855,0.76787
2.2736,0.71884
1.9883,0.75912
2.0005,0.76462
2.4059,0.71651
2.0636,0.75413
1.9328,0.76943
2.0139,0.76114
2.884,0.67277
