2.9465,0.88309
3.3028,0.85358
2.6151,0.90534
4.4937,0.78152
3.6233,0.83438
2.9965,0.8785
2.9663,0.87975
2.9819,0.87929
2.716,0.90277
2.8179,0.89298
2.7772,0.89797
2.7663,0.89994
2.3051,0.94279
2.5173,0.91908
2.2879,0.94392
2.3891,0.93215
2.2055,0.95225
2.9195,0.88729
2.8427,0.89338
2.9531,0.88323
3.062,0.87366
3.1519,0.86604
3.1523,0.86649
2.9109,0.8853
3.0149,0.87637
3.0847,0.87117
3.073,0.87184
2.7256,0.90329
3.0156,0.87655
2.7696,0.89837
2.7936,0.89617
2.6005,0.91385
2.9559,0.88128
2.6885,0.90488
2.9094,0.88575
3.8753,0.81986
2.9684,0.87878
2.9896,0.87886
3.1142,0.86754
2.9606,0.88156
3.0628,0.87134
3.1151,0.86628
4.1424,0.80266
2.9877,0.87725
3.0073,0.87612
4.3575,0.78976
4.1802,0.80025
2.9566,0.88157
4.5255,0.77943
4.5877,0.77519
4.4634,0.7828
4.5607,0.77767
3.3233,0.85092
4.436,0.78501
3.0705,0.87006
2.9948,0.87679
3.0709,0.87064
3.0513,0.8722
2.1628,0.95389
3.0196,0.87504
2.8325,0.88427
3.3375,0.85159
3.771,0.81883
2.8088,0.88352
3.8839,0.81136
3.626,0.82467
2.758,0.88651
2.8769,0.87841
3.6835,0.82413
3.584,0.83061
4.6931,0.76074
4.1184,0.7938
2.5707,0.90687
3.2484,0.85342
3.3195,0.84672
3.6601,0.82228
2.5807,0.90229
3.9314,0.80487
4.0654,0.79706
4.2751,0.7834
3.7732,0.81599
4.1769,0.79004
4.3955,0.77607
4.3072,0.78215
3.3701,0.84135
3.5847,0.82372
3.6111,0.81988
2.7343,0.88472
3.4411,0.83341
3.7155,0.8165
3.6148,0.82289
3.5758,0.8211
2.6287,0.89531
2.7188,0.88645
5.4195,0.7245
2.7253,0.88559
3.8307,0.80479
2.812,0.87385
2.5867,0.89412
2.6786,0.8813
2.6926,0.88444
4.9388,0.74082
2.8243,0.87023
2.9663,0.858
2.7166,0.8785
4.501,0.76473
2.7465,0.87984
3.0493,0.85235
3.8676,0.79774
4.1703,0.78037
4.5838,0.75577
4.4989,0.7643
4.4047,0.76856
5.1554,0.73141
4.5687,0.76014
4.7378,0.7495
4.2289,0.77647
4.4895,0.7612
5.0465,0.73313
3.7863,0.79896
6.1036,0.68698
2.9179,0.85656
5.6935,0.70302
2.9597,0.84947
3.0664,0.84031
5.8435,0.6962
5.5884,0.70336
5.7604,0.69459
6.4315,0.67033
3.8768,0.78275
3.7388,0.79113
3.864,0.78451
5.3556,0.71123
5.2354,0.71575
5.4672,0.70492
5.7359,0.69332
4.2207,0.76115
5.6175,0.69635
6.161,0.6744
5.8349,0.68678
6.2426,0.67104
5.9757,0.67922
6.2599,0.66715
5.8782,0.68338
4.7196,0.72711
5.6038,0.68963
5.3011,0.70236
5.0345,0.7122
7.7324,0.61499
8.8765,0.58315
8.0853,0.60261
5.1979,0.70337
7.9884,0.60499
8.8153,0.58013
5.3483,0.69591
8.2321,0.59769
7.1804,0.63142
7.0845,0.63552
7.6425,0.61629
7.7119,0.61333
8.8301,0.5795
8.346,0.59401
8.1177,0.5985
9.1801,0.56633
9.2007,0.56638
10.046,0.5439
10.669,0.52796
6.8759,0.62972
6.0419,0.65966
6.283,0.64982
6.2052,0.65225
11.027,0.5142
7.5631,0.60225
6.2748,0.64552
6.5633,0.63388
7.056,0.61748
8.8075,0.55948
8.2978,0.57461
9.7254,0.53357
10.106,0.5229
10.641,0.50952
9.801,0.52674
11.346,0.48968
9.4456,0.5372
10.263,0.51283
10.632,0.50299
10.176,0.51174
11.402,0.48354
11.472,0.48107
15.048,0.41895
14.354,0.42973
13.026,0.45294
14.645,0.41418
14.27,0.42054
13.447,0.43532
12.83,0.44672
12.32,0.45557
11.818,0.46375
11.659,0.46914
11.079,0.48056
10.421,0.49416
11.465,0.46994
10.372,0.49507
10.959,0.47994
12.549,0.45944
11.649,0.47488
10.327,0.50244
10.587,0.49676
10.647,0.4851
10.399,0.49905
10.209,0.50215
10.873,0.48437
10.651,0.48153
9.2312,0.51628
9.3703,0.50903
9.3465,0.51147
13.403,0.42885
11.107,0.48775
11.931,0.45509
9.8029,0.49256
8.6798,0.5229
8.5553,0.52539
10.236,0.49092
12.648,0.42882
16.881,0.37031
8.7832,0.51786
9.2172,0.50636
8.6985,0.51937
9.2326,0.50045
13.669,0.40317
8.4003,0.521
8.2777,0.5216
8.3277,0.53085
8.2675,0.51943
8.78,0.51664
10.012,0.48037
8.2081,0.53212
7.7682,0.53536
6.959,0.56147
7.4488,0.54311
7.5879,0.53391
7.7469,0.53177
8.3208,0.52247
8.857,0.50591
7.9111,0.53539
8.2669,0.52393
8.3278,0.51454
8.0933,0.52057
8.6543,0.50192
7.5631,0.53078
8.0586,0.52189
8.3168,0.51359
6.6124,0.56239
11.427,0.42621
12.022,0.41112
7.2557,0.5356
7.3668,0.53504
11.563,0.42186
11.079,0.43135
7.3906,0.53181
7.2251,0.53859
7.7708,0.5141
12.299,0.40883
7.3914,0.53009
14.397,0.37484
13.46,0.3911
14.505,0.3709
11.101,0.43053
11.358,0.42398
12.242,0.40542
8.7232,0.48577
7.0221,0.53247
7.1308,0.53082
13.132,0.38568
7.2859,0.52873
7.0684,0.53193
14.017,0.37319
14.039,0.37257
6.6505,0.54358
13.064,0.38867
12.379,0.39709
7.1212,0.52843
6.8816,0.54204
7.9082,0.5251
7.6807,0.5313
6.2209,0.55951
6.2812,0.55712
6.5394,0.54639
7.3953,0.51965
11.125,0.42228
7.6374,0.50856
7.7112,0.50484
11.177,0.41588
7.9834,0.49871
10.755,0.41926
12.423,0.39871
11.871,0.40861
6.9116,0.52975
7.574,0.51696
12.254,0.40163
7.6447,0.50974
9.0926,0.47132
9.8819,0.4337
9.6179,0.4443
10.052,0.43264
9.5501,0.44443
10.292,0.42501
10.391,0.43028
6.8598,0.53121
8.8717,0.46906
8.5969,0.48091
7.3321,0.52008
6.8592,0.52657
6.2115,0.56178
6.7479,0.53115
6.1574,0.54779
6.317,0.54301
6.4469,0.55004
6.324,0.54318
6.3073,0.54413
7.0989,0.52165
7.2988,0.5142
7.6609,0.50361
8.0526,0.48982
6.2416,0.53803
7.037,0.51729
6.5458,0.53493
6.8009,0.52557
10.758,0.41726
6.9312,0.52082
7.0278,0.51693
8.854,0.49799
10.64,0.41939
10.213,0.42718
10.684,0.41626
7.2979,0.50642
6.8471,0.51803
6.8274,0.51929
9.9725,0.42961
10.256,0.42773
6.7377,0.5228
9.9197,0.42648
8.6439,0.45863
9.0714,0.44799
6.6039,0.52969
6.5136,0.52895
10.022,0.42368
9.519,0.43459
6.8021,0.52528
5.748,0.55839
6.3626,0.54324
11.972,0.39286
10.687,0.41281
5.9703,0.54952
6.171,0.53964
5.9823,0.54798
6.1807,0.54126
10.052,0.42879
11.16,0.40857
6.71,0.52752
10.1,0.42207
11.307,0.39393
5.6509,0.55933
10.17,0.42005
5.6604,0.55581
5.5417,0.56145
9.7712,0.42993
6.2353,0.53508
9.2007,0.44393
11.109,0.40729
10.981,0.4043
8.8372,0.45492
6.2716,0.53505
6.2454,0.53442
7.59,0.4931
6.5618,0.52224
6.7533,0.51711
5.5112,0.56902
10.864,0.40978
5.8582,0.55068
6.8656,0.51766
6.6333,0.52375
6.5811,0.5282
7.2293,0.5064
7.6788,0.48287
6.2519,0.53442
6.1898,0.53072
11.488,0.39777
10.448,0.41966
7.4931,0.49856
11.193,0.40275
10.4,0.42162
5.8682,0.55588
5.5495,0.5544
6.057,0.54165
6.9993,0.5089
6.1261,0.54264
10.545,0.40863
9.7537,0.42426
11.189,0.38893
5.0818,0.57641
5.5608,0.55955
10.533,0.40361
5.921,0.5462
5.0584,0.5766
12.621,0.37448
5.6401,0.5567
10.761,0.41189
9.9393,0.4174
5.8353,0.54543
5.7745,0.54697
5.576,0.55801
6.6795,0.51299
8.8813,0.45024
9.8569,0.42477
7.1775,0.50127
6.5597,0.52283
6.881,0.5108
5.4077,0.56603
5.5716,0.56093
10.933,0.40578
9.7685,0.42122
6.3756,0.5213
9.6258,0.42653
6.3226,0.5236
6.856,0.51129
7.0002,0.5058
11.035,0.40399
10.172,0.41837
10.284,0.41504
5.988,0.54046
6.2227,0.53137
5.7905,0.5388
5.9732,0.53364
8.5957,0.44786
6.0514,0.53018
6.1756,0.52584
8.315,0.45629
8.8907,0.44595
6.302,0.52361
6.732,0.50931
12.01,0.3934
5.7766,0.54643
9.6874,0.4228
14.278,0.33506
7.4296,0.49163
5.298,0.5629
6.217,0.53079
8.4342,0.45127
5.9969,0.53264
8.7413,0.44433
5.0652,0.56684
12.511,0.35674
4.8237,0.58206
10.289,0.41429
7.0564,0.50118
6.2324,0.5109
8.2297,0.45987
11.652,0.37599
10.189,0.40744
11.814,0.37177
8.4064,0.45453
11.777,0.37349
4.9404,0.57875
9.4136,0.42838
9.0795,0.43925
5.0539,0.5731
4.9668,0.57501
9.9901,0.43389
9.1857,0.43784
5.5601,0.55789
5.1104,0.57171
4.6212,0.59365
7.3859,0.50457
4.6356,0.59368
5.0774,0.57587
5.3932,0.56249
7.1403,0.5131
5.293,0.56588
10.153,0.4323
9.6002,0.42493
8.971,0.43923
8.9419,0.44004
10.446,0.41489
8.7833,0.44546
9.2768,0.43285
10.613,0.4205
10.605,0.42111
10.643,0.41896
10.563,0.42143
8.6195,0.46738
8.9212,0.46049
8.6838,0.46476
9.9336,0.43467
8.7718,0.46416
9.2286,0.42934
6.0666,0.52821
8.5076,0.46821
10.23,0.42715
6.1558,0.54302
8.3797,0.47078
9.081,0.45186
5.4401,0.55619
8.0096,0.4814
5.9684,0.52585
10.637,0.41331
10.848,0.41005
10.534,0.4167
11.035,0.40641
6.5087,0.51386
10.662,0.40199
5.3514,0.55072
5.1636,0.56087
10.908,0.4106
8.432,0.46869
8.9093,0.45753
5.9563,0.535
7.1909,0.50358
9.5294,0.41608
5.8533,0.542
5.7492,0.54463
5.6638,0.54702
6.7725,0.51642
5.1191,0.56005
5.8504,0.52962
9.1728,0.42461
11.007,0.40619
11.031,0.40743
10.423,0.41607
8.61,0.46064
5.2382,0.55129
5.2468,0.54972
8.5273,0.43538
12.236,0.35102
10.525,0.3945
9.3906,0.41433
12.816,0.34377
9.7031,0.43389
9.7999,0.431
8.2734,0.46992
9.2297,0.44517
9.1821,0.42676
7.7546,0.49092
10.732,0.38861
9.3915,0.45145
9.6818,0.44198
6.5486,0.52737
7.4979,0.49951
10.121,0.42434
6.7207,0.5197
6.2737,0.53616
6.3283,0.53528
6.1708,0.51978
10.444,0.39941
6.0211,0.52763
5.1644,0.55143
5.9581,0.52909
6.0848,0.52572
10.559,0.41569
11.292,0.38453
11.177,0.38479
10.487,0.41748
10.626,0.37251
5.9314,0.53281
7.2168,0.50078
8.4125,0.46598
5.8451,0.53545
8.8789,0.45279
5.9549,0.53216
5.6074,0.54596
5.8999,0.52947
5.4571,0.54997
7.8249,0.48288
7.9326,0.48021
5.7404,0.53671
8.1188,0.47474
6.3286,0.52891
6.3415,0.53135
8.0181,0.47989
8.1668,0.47283
6.2589,0.5345
6.4744,0.52508
8.3289,0.47156
9.1995,0.44623
9.1836,0.4462
9.6349,0.43834
8.5752,0.46449
8.1914,0.47562
6.7307,0.51521
9.1221,0.44612
9.4679,0.43912
6.0731,0.53927
8.4951,0.46488
9.339,0.44127
7.8087,0.48333
9.8694,0.42636
7.7954,0.4817
8.2332,0.46989
7.9532,0.4779
8.0073,0.47763
7.5621,0.48644
7.2992,0.49931
7.9785,0.47485
7.7394,0.48191
7.0979,0.50523
8.8144,0.45831
7.5859,0.4876
9.1768,0.4462
7.5103,0.49146
9.8759,0.41072
8.2898,0.4741
7.9846,0.47743
7.3665,0.49546
7.2726,0.50018
6.0178,0.54053
7.4538,0.48839
7.713,0.48454
7.6784,0.4848
9.0387,0.4462
6.9583,0.50709
7.4166,0.49394
7.6317,0.48799
7.0899,0.50423
8.2282,0.47317
8.2568,0.46702
7.9782,0.4785
9.6233,0.43573
9.6684,0.43472
10.004,0.42504
9.3747,0.4406
7.743,0.48519
9.5269,0.43551
10.104,0.41789
7.9363,0.47928
7.8155,0.4804
9.2471,0.44355
6.0034,0.53796
5.7669,0.54855
7.8301,0.47842
6.3856,0.52514
6.0553,0.53531
5.9194,0.5464
6.2312,0.52724
6.2748,0.52723
6.0644,0.53633
5.1881,0.55077
6.2991,0.52693
7.7057,0.48212
7.4559,0.48942
7.778,0.4786
7.451,0.48509
7.7457,0.47789
7.7851,0.47581
9.0547,0.44743
7.8318,0.47477
7.0123,0.50143
7.2578,0.49707
7.8097,0.47964
7.1237,0.50344
7.3349,0.49578
6.2747,0.52607
7.3785,0.48945
8.962,0.44957
7.9043,0.47462
8.0364,0.47226
8.9495,0.45074
7.8504,0.47617
6.9445,0.50705
9.5725,0.43214
8.4842,0.4567
10.053,0.42133
7.7355,0.47897
6.3907,0.52784
6.7148,0.51541
6.4139,0.52879
6.5521,0.52141
7.0777,0.50287
6.7099,0.5124
7.0047,0.50523
5.5085,0.56322
7.0521,0.5016
7.4251,0.49284
7.0725,0.50368
6.8609,0.50892
9.9487,0.41598
7.4081,0.48551
9.7052,0.42959
7.3306,0.49052
7.7067,0.48917
5.5102,0.55418
7.4774,0.48796
7.6877,0.48062
8.7751,0.45121
6.9826,0.50507
7.7809,0.4809
7.0573,0.50581
6.9198,0.50209
6.7864,0.50644
8.5722,0.46111
6.4572,0.52131
8.4393,0.46336
9.0336,0.44386
6.3151,0.52661
6.6989,0.51319
8.8899,0.44753
8.3567,0.46967
7.0149,0.50543
7.5221,0.49219
8.6599,0.45827
7.2495,0.49371
7.8622,0.4825
7.2989,0.49432
8.9215,0.45079
6.5019,0.5234
7.4614,0.49194
8.6071,0.4578
7.4895,0.49456
7.8798,0.48431
7.6369,0.49105
7.0282,0.51185
8.4514,0.46773
8.9203,0.44884
8.0265,0.47846
7.4201,0.49379
7.6279,0.49137
6.9208,0.51177
7.1512,0.5025
7.5585,0.49442
7.4561,0.49632
7.1364,0.50551
7.4426,0.49644
8.0245,0.47876
9.2557,0.44033
9.4172,0.43413
9.396,0.43521
8.3413,0.46897
8.101,0.47454
9.5638,0.41081
11.579,0.34963
11.83,0.33063
12.336,0.32
12.144,0.32514
10.612,0.3642
11.143,0.35488
9.5129,0.38467
10.239,0.36632
9.2636,0.42919
6.2144,0.53327
5.5575,0.55846
5.3788,0.56412
8.1635,0.47056
8.001,0.46826
5.7188,0.54909
5.1284,0.57898
5.3178,0.57003
5.3209,0.5701
8.1415,0.46887
6.5438,0.52336
8.362,0.46864
8.4198,0.46682
8.7816,0.45266
8.625,0.45984
8.5027,0.46072
8.8436,0.44916
6.5887,0.52027
8.278,0.46572
6.3222,0.52593
8.2763,0.46796
8.0582,0.46734
5.9651,0.53377
5.874,0.54157
5.8113,0.54445
7.5777,0.48412
8.1565,0.47018
8.8237,0.44861
6.2814,0.53047
7.6544,0.48503
8.3574,0.46688
7.3392,0.50234
7.5608,0.4919
8.8327,0.44828
9.0983,0.44196
8.7115,0.45171
7.6514,0.48898
7.9424,0.47848
7.2289,0.50626
8.0376,0.47163
7.4495,0.4882
9.0706,0.44527
8.4118,0.46508
7.7524,0.48874
9.2222,0.44029
7.6399,0.47855
7.1481,0.49718
7.7461,0.47789
7.5754,0.48384
7.2216,0.49996
8.0155,0.48046
7.7495,0.4888
7.8492,0.48566
7.4145,0.49307
6.3038,0.53141
7.0415,0.51404
6.6383,0.51684
8.3383,0.46309
8.2012,0.47234
7.3804,0.49796
8.0595,0.4704
8.0244,0.47185
7.4364,0.49271
6.5555,0.51873
8.429,0.46429
6.5168,0.52122
6.3605,0.52779
8.2153,0.46263
6.7155,0.51432
7.5793,0.4857
8.0374,0.47095
6.1194,0.50831
8.2906,0.4611
8.1173,0.47174
7.1214,0.50208
8.1296,0.47139
7.0931,0.50088
6.5922,0.51858
5.2869,0.56613
5.2392,0.56461
7.0871,0.45682
9.7279,0.38115
10.521,0.36442
11.507,0.33113
8.9933,0.43143
7.6186,0.48002
8.6618,0.43967
7.5315,0.46847
7.6555,0.4792
6.3856,0.52609
8.3667,0.46462
7.1618,0.50121
6.0336,0.53795
8.4658,0.46005
7.9533,0.47755
9.8677,0.399
5.5976,0.55801
6.6067,0.52644
6.6712,0.51566
6.4583,0.52758
0.83236,0.95327
5.8672,0.55335
7.1141,0.51408
5.925,0.55064
5.3404,0.57261
7.7661,0.47842
8.5326,0.45441
8.3445,0.46118
7.596,0.49282
8.6594,0.45474
8.0519,0.47524
8.2391,0.46488
6.587,0.52097
11.374,0.3368
11.843,0.31986
10.512,0.3645
6.7991,0.51637
4.7811,0.59784
7.331,0.50431
4.7654,0.59667
4.7085,0.59992
6.253,0.54124
7.6306,0.49507
7.9658,0.4788
6.9822,0.51345
8.2167,0.47339
8.01,0.47993
7.8263,0.48497
7.9677,0.48046
8.1668,0.47156
7.509,0.49312
8.0128,0.47573
7.9996,0.47996
7.4683,0.49625
7.7619,0.48367
7.9232,0.47793
7.6213,0.49149
7.6093,0.49241
7.8071,0.48509
7.2717,0.50034
8.2479,0.46789
5.9294,0.54562
6.6328,0.52053
5.8403,0.54644
5.8746,0.54758
6.754,0.51353
5.8521,0.54938
6.0656,0.53611
6.7957,0.51186
6.2617,0.53373
5.8087,0.55159
5.9294,0.54405
6.0373,0.54052
7.9915,0.47151
6.4326,0.52106
8.5477,0.46108
5.3454,0.56869
8.4574,0.46949
6.3757,0.52719
6.3328,0.53069
6.2248,0.53356
8.4404,0.46585
6.144,0.53809
8.0946,0.47436
8.4394,0.46266
8.3802,0.4627
6.7321,0.52257
8.3462,0.46596
7.4309,0.49563
5.908,0.55014
6.4212,0.52812
7.1971,0.50213
6.9314,0.51608
6.5148,0.52589
8.1638,0.47788
7.1106,0.50082
8.2686,0.46865
7.814,0.48704
8.0437,0.47817
6.8703,0.5169
6.6579,0.52754
5.5215,0.56246
7.8835,0.48163
7.8471,0.48221
7.8504,0.48103
7.3999,0.49438
6.9108,0.51539
7.864,0.48126
8.5522,0.45829
5.6007,0.55281
10.162,0.37531
6.3767,0.49823
7.0823,0.4842
7.5105,0.48956
8.7963,0.41928
7.3157,0.45812
13.658,0.2484
13.237,0.24652
11.237,0.3302
12.3,0.30566
7.5706,0.427
11.739,0.31723
9.3153,0.3984
9.6702,0.38219
9.6989,0.38029
9.2963,0.39861
6.8502,0.51921
7.0439,0.50394
7.9732,0.48115
6.3385,0.52938
7.6119,0.48462
7.6126,0.49452
6.4455,0.53352
6.6123,0.52221
6.6223,0.51723
5.5628,0.56716
6.6153,0.51871
5.999,0.53566
6.8774,0.51767
6.7684,0.51241
5.0191,0.5839
4.9711,0.59112
6.6045,0.53065
7.074,0.50882
6.5876,0.53262
7.6367,0.48201
7.9419,0.47681
7.3669,0.49852
7.0954,0.51251
7.9782,0.47713
6.3295,0.53845
5.8713,0.5489
5.6349,0.5542
6.1907,0.54391
6.3846,0.52885
5.8804,0.54515
5.9404,0.54265
7.8314,0.4855
5.9921,0.54827
6.2965,0.54829
8.0729,0.48412
5.8379,0.55653
6.8371,0.52147
5.747,0.55733
5.9424,0.54496
7.868,0.4832
6.8258,0.51807
7.3994,0.49274
6.6509,0.52469
7.2595,0.49738
7.561,0.48697
4.6309,0.6067
5.2705,0.56817
4.5242,0.61907
7.0746,0.50555
7.045,0.51317
7.0849,0.50448
6.785,0.52286
5.4598,0.57033
5.3778,0.5715
5.8088,0.55081
6.4823,0.52684
6.578,0.52365
6.2852,0.53881
6.7977,0.51718
6.3094,0.54203
6.2519,0.53914
5.5448,0.56108
6.0417,0.54625
5.9641,0.55117
5.9446,0.55225
5.7005,0.56724
6.9543,0.49879
10.723,0.34253
6.4484,0.49121
6.6446,0.52085
6.7166,0.51644
6.1365,0.53599
6.0537,0.53982
7.0306,0.49793
6.1361,0.54688
5.6723,0.56378
5.9758,0.54733
5.7667,0.5541
6.0596,0.5463
7.3547,0.49865
4.3943,0.61516
6.1261,0.54106
5.9721,0.55282
6.2531,0.54043
6.5275,0.52225
6.4537,0.52811
8.0518,0.44255
10.368,0.35113
7.9867,0.44492
6.1557,0.53518
6.3869,0.52855
6.1912,0.52018
5.6126,0.55226
6.3534,0.52954
6.8878,0.5076
7.9566,0.467
6.0003,0.53579
7.1899,0.49864
5.9045,0.54412
5.026,0.58457
7.9184,0.47109
6.204,0.5273
4.3612,0.61136
6.7742,0.51174
6.465,0.52381
7.137,0.50652
6.6472,0.51796
7.2565,0.49745
6.2976,0.52527
6.3488,0.52416
6.6973,0.51444
6.4978,0.52807
6.4319,0.53011
6.4096,0.52565
5.9542,0.54804
10.383,0.35244
8.6389,0.40965
5.813,0.55929
7.4069,0.50014
5.8918,0.55277
6.3721,0.52937
6.1798,0.53679
6.1212,0.53793
5.5642,0.56725
6.9823,0.51264
5.3459,0.57409
5.763,0.55808
4.4232,0.61204
6.9322,0.50957
6.0357,0.54366
5.702,0.56302
5.9929,0.53879
5.9438,0.54705
6.0432,0.55002
5.4801,0.574
6.4727,0.52164
3.3851,0.65911
5.7962,0.55472
6.0525,0.54676
7.7123,0.47606
7.9051,0.47869
7.5737,0.48802
7.41,0.49186
7.0302,0.50841
4.5555,0.60537
6.5233,0.52283
5.9817,0.54997
6.1242,0.54017
6.4881,0.52639
6.4535,0.52743
6.4991,0.52977
6.1891,0.55181
7.6864,0.47709
6.1053,0.55433
8.0911,0.46211
6.9159,0.52067
6.9336,0.5144
5.2192,0.58362
7.3178,0.50416
6.9904,0.51101
7.1397,0.50785
7.0041,0.51753
6.9527,0.51603
5.901,0.54096
6.1278,0.52443
6.586,0.5081
6.5564,0.51468
6.5752,0.52853
4.3784,0.61478
6.4001,0.52768
6.9113,0.51683
6.0086,0.5523
5.8663,0.54816
5.1003,0.58596
5.741,0.56012
4.3515,0.61526
4.1982,0.62473
4.2505,0.62198
4.2303,0.61837
6.1255,0.53075
6.9034,0.50209
5.9676,0.54036
6.0262,0.54195
5.8098,0.5461
5.0798,0.57437
3.9297,0.63681
6.0198,0.53613
6.6176,0.51509
4.74,0.59761
6.479,0.52859
5.388,0.56128
3.204,0.67845
5.2344,0.56751
6.7811,0.50935
5.9375,0.54223
6.0941,0.54013
5.9358,0.54326
5.4225,0.56142
5.6434,0.55917
7.4702,0.47672
7.0979,0.49827
7.0134,0.5059
5.1337,0.5687
5.0117,0.58058
7.1924,0.49163
7.3746,0.49023
7.5517,0.43501
9.2752,0.37312
6.7649,0.51664
6.0903,0.53753
5.5131,0.55506
6.6874,0.50962
9.8418,0.37191
8.3696,0.42741
9.3297,0.3863
7.9427,0.45097
7.7125,0.44591
8.8318,0.4047
8.3808,0.42914
7.252,0.48287
7.0244,0.50653
8.4313,0.43159
8.4925,0.42779
8.3557,0.4291
7.0325,0.48883
4.5278,0.60659
7.4634,0.48332
5.0149,0.57003
4.4796,0.59995
9.6976,0.37621
9.8862,0.36614
9.822,0.36069
8.2571,0.42024
5.4956,0.56851
4.2827,0.62663
7.7753,0.45072
6.7039,0.47917
6.9789,0.4709
8.5249,0.41976
5.7376,0.54792
6.1008,0.54673
6.4398,0.50461
6.3904,0.48792
6.2622,0.52864
5.3448,0.57146
5.6203,0.55936
5.4745,0.56705
6.485,0.53247
6.0352,0.50924
4.9988,0.58924
6.8163,0.51222
5.4485,0.54178
9.0557,0.40126
12.246,0.28992
10.03,0.36263
11.424,0.31462
6.7378,0.52081
10.455,0.3565
11.211,0.31614
18.002,0.1225
17.75,0.11244
14.29,0.21481
14.894,0.20761
9.2113,0.3884
10.039,0.36092
9.6169,0.35377
9.8429,0.36331
10.136,0.35547
11.121,0.31991
7.2653,0.4625
9.3422,0.38673
11.528,0.30542
11.496,0.30207
10.313,0.34988
10.464,0.33649
9.9435,0.36677
8.437,0.42509
9.3994,0.394
9.7939,0.36483
8.6098,0.42113
6.3434,0.52951
6.534,0.51442
6.2934,0.51752
11.684,0.27555
9.901,0.33679
11.052,0.31066
11.723,0.29516
11.931,0.29062
7.3757,0.44318
6.8733,0.46578
8.8094,0.38179
7.8201,0.41745
8.7307,0.39565
8.6534,0.40985
5.5251,0.57152
4.9255,0.59776
5.2773,0.56791
6.1923,0.52632
6.029,0.53582
6.7356,0.50511
5.8685,0.53799
6.404,0.51717
5.1406,0.56831
4.0976,0.63045
6.2051,0.52317
9.6994,0.35735
8.144,0.41833
7.8093,0.4581
7.0244,0.50257
6.7748,0.4688
8.7971,0.37029
9.1828,0.38523
11.037,0.32324
4.3113,0.61073
6.1782,0.54394
9.0561,0.38677
9.1611,0.38412
7.8563,0.41411
4.7315,0.59386
5.0231,0.59759
8.1739,0.43495
8.0547,0.4178
8.7721,0.39604
6.3001,0.53835
6.1203,0.54108
4.449,0.59777
8.6285,0.40068
6.5119,0.45595
5.3192,0.52646
5.8364,0.53877
4.1951,0.63457
6.5161,0.49889
5.827,0.53719
5.2804,0.57106
5.7483,0.55318
5.1258,0.59102
6.7965,0.48369
5.8499,0.53322
5.6374,0.54716
5.3291,0.56711
4.0871,0.62129
7.4973,0.43082
8.9986,0.37416
12.093,0.26439
8.2678,0.4326
6.1298,0.53743
6.3871,0.52854
5.5124,0.57524
6.1928,0.5424
4.6945,0.60559
5.6418,0.56827
4.7581,0.60052
4.8249,0.59815
4.8394,0.59252
4.5732,0.61312
6.2795,0.52457
6.2865,0.53293
5.7774,0.5575
5.912,0.55045
5.8628,0.55716
4.6559,0.59852
5.6746,0.52725
5.5694,0.56045
5.3817,0.56414
3.3799,0.69514
3.9298,0.64909
3.2466,0.70008
5.7321,0.52977
4.6273,0.58024
6.4333,0.48436
6.6034,0.48445
4.7994,0.56595
7.4325,0.44455
7.2786,0.45544
6.4327,0.50254
6.6445,0.48511
6.4666,0.4617
7.398,0.43848
5.357,0.55005
5.3691,0.58123
5.41,0.56498
5.5582,0.55993
3.6612,0.66511
3.8837,0.65315
3.7547,0.66939
3.8219,0.65824
5.0686,0.58667
3.4928,0.68426
3.7462,0.653
5.1288,0.58377
4.338,0.62809
3.9988,0.67047
3.4128,0.7263
3.0688,0.76176
2.9946,0.76291
3.5512,0.70484
3.6076,0.70261
3.0937,0.71613
2.7183,0.76372
3.9107,0.66127
4.0817,0.65688
3.8099,0.66812
4.1977,0.63293
4.6117,0.60998
3.9862,0.65532
3.4942,0.69018
2.8147,0.76885
3.1725,0.72732
3.3594,0.69761
3.0608,0.73634
2.8729,0.75615
2.7934,0.75502
2.8479,0.75688
2.8428,0.75971
3.0374,0.73818
2.6336,0.76905
3.3792,0.69265
3.4148,0.70084
3.3557,0.70583
3.5634,0.66528
3.0076,0.71858
2.9267,0.7188
3.3065,0.70826
3.123,0.72704
3.4295,0.70414
3.3688,0.71081
3.3712,0.70629
3.1584,0.71994
3.2321,0.71607
2.8632,0.76531
2.5356,0.81039
2.8915,0.75428
2.3834,0.80636
3.1568,0.7293
1.9927,0.89067
3.0892,0.72819
2.892,0.7553
2.0002,0.87829
2.551,0.79439
3.0981,0.72715
2.6847,0.78076
2.0603,0.85026
3.4228,0.6927
2.9578,0.74849
1.9321,0.89271
1.879,0.88998
2.0131,0.86381
1.6878,0.93689
1.4991,0.97422
1.8361,0.90288
2.5089,0.79997
0.52943,1.276
1.6017,0.91311
2.0011,0.86372
1.7933,0.90843
0.81193,1.1774
1.0279,1.0923
1.6953,0.90647
2.1935,0.82489
2.0017,0.85693
2.1306,0.84036
1.5998,0.92098
2.1556,0.83375
1.9796,0.8534
1.0438,1.0694
1.4052,0.96992
0.89803,1.1315
0.84479,1.1482
0.71102,1.1889
1.0552,1.0656
1.2163,1.017
0.80307,1.1664
0.94658,1.1093
1.2113,1.0462
1.0061,1.0825
1.1497,1.0412
1.0031,1.0894
0.97247,1.1002
0.95354,1.1059
0.97317,1.0947
0.76479,1.1507
1.1621,1.0287
1.2866,0.99617
1.2611,1.0029
1.2056,1.0169
1.2005,1.0095
1.0393,1.0558
0.71164,1.1759
0.79605,1.1491
0.83155,1.1206
1.4233,0.94914
0.88227,1.0851
0.95352,1.074
1.2825,0.98285
1.4188,0.94743
1.6587,0.89365
1.3308,0.96063
1.0723,1.0293
1.2772,0.96915
1.3628,0.95766
1.1943,0.99085
1.5666,0.91398
1.5471,0.91551
1.2963,0.96908
1.1103,1.0178
0.85223,1.0915
0.85872,1.0904
1.4117,0.93798
1.1616,0.99565
1.3086,0.94741
1.1234,1.0006
0.67415,1.1665
1.2658,0.95717
0.99662,1.0336
1.2824,0.95446
1.0135,1.02
1.1682,0.98326
1.2917,0.96019
1.1727,0.98329
1.1037,1.0024
1.1652,0.97352
1.1252,0.98607
1.1826,0.98006
0.84508,1.0684
0.97586,1.0279
1.0317,1.0179
0.92162,1.0623
1.0242,1.0282
0.98733,1.0304
1.036,1.0076
0.99945,1.0081
0.92216,1.0378
1.0889,0.97889
1.1233,0.96855
0.90137,1.0536
1.0736,0.9954
0.79045,1.0556
0.80119,1.0598
0.46571,1.2247
0.72654,1.0894
0.95247,1.0067
0.73774,1.0857
0.9693,1.0159
0.77677,1.0695
0.93318,1.0285
0.89252,1.0309
0.91069,1.0344
0.6472,1.1194
0.74527,1.0848
0.80764,1.0564
0.79617,1.0551
0.69892,1.114
0.7606,1.0919
0.40648,1.2433
0.77177,1.0562
0.96048,0.98401
0.48288,1.1943
0.51441,1.1773
0.50809,1.1826
0.33301,1.3041
0.39571,1.2581
0.57566,1.1565
0.56282,1.1625
0.392,1.256
0.62071,1.1304
0.50544,1.1945
0.47761,1.202
0.51386,1.1705
0.84076,1.0278
0.45388,1.2021
0.6356,1.1137
0.66606,1.1074
0.58619,1.1501
0.41362,1.2323
0.73801,1.0772
0.70694,1.076
0.5771,1.1308
0.7153,1.0807
0.66945,1.0978
0.72644,1.0763
0.64443,1.0953
0.82021,1.0156
0.60496,1.1127
0.48284,1.1674
0.75294,1.0451
0.58708,1.1218
0.51902,1.1633
0.40797,1.2281
0.50568,1.1308
0.46391,1.1973
0.43911,1.2147
0.41371,1.2101
0.40146,1.2342
0.56842,1.1269
0.53755,1.1227
0.39478,1.2067
0.4973,1.14
0.57206,1.097
0.51851,1.1469
0.73968,1.0205
0.71035,1.0237
0.71789,1.0216
0.60845,1.0692
0.37034,1.2249
0.28689,1.2961
0.59601,1.0783
0.55283,1.1221
0.71945,1.0408
0.70691,1.0445
0.4295,1.1949
0.4542,1.1507
0.59211,1.0883
0.61718,1.0801
0.65111,1.0641
0.45399,1.1687
0.61005,1.0874
0.59387,1.0735
0.40418,1.1864
0.32525,1.2531
0.23059,1.3429
0.21903,1.3509
0.30212,1.2661
0.33863,1.2356
0.42376,1.1596
0.3327,1.2454
0.39252,1.1905
0.47294,1.1335
0.26838,1.2917
0.35641,1.2098
0.3252,1.2398
0.31901,1.2462
0.6797,1.0222
0.23359,1.3264
0.30866,1.2477
0.49621,1.1309
0.35605,1.2109
0.4079,1.1845
0.56654,1.0868
0.45252,1.1582
0.58928,1.0971
0.23006,1.2943
0.19558,1.3453
0.62618,1.0693
0.28711,1.2586
0.35453,1.2243
0.43105,1.1384
0.29613,1.2531
0.34009,1.2015
0.35834,1.2132
0.50787,1.1198
0.39027,1.1722
0.42078,1.1489
0.38627,1.1802
0.38759,1.1902
0.38631,1.1796
0.39962,1.1668
0.15458,1.4168
0.28245,1.2768
0.43037,1.1464
0.50218,1.1001
0.44289,1.1411
0.39191,1.1786
0.49369,1.1043
0.47187,1.1265
0.52904,1.0912
0.23846,1.2878
0.52662,1.0858
0.25662,1.251
0.46951,1.1054
0.31903,1.2347
0.39761,1.1856
0.34111,1.2175
0.39307,1.1704
0.48838,1.1008
0.20114,1.3206
0.41184,1.1485
0.3577,1.2013
0.33812,1.223
0.5322,1.0862
0.41586,1.1482
0.45227,1.1373
0.38765,1.1694
0.43439,1.1454
0.41863,1.1487
0.47492,1.11
0.48285,1.1095
0.39326,1.1799
0.32725,1.1684
0.55745,1.0753
0.20095,1.3174
0.36763,1.2015
0.29164,1.2599
0.35188,1.1971
0.3419,1.2138
0.29649,1.2518
0.54607,1.0838
0.33591,1.2158
0.61497,1.0269
0.38353,1.1686
0.44843,1.1177
0.46845,1.1014
0.501,1.0868
0.41813,1.1471
0.38292,1.1471
0.22437,1.2874
0.14288,1.4201
0.61003,1.0308
0.25685,1.2511
0.22979,1.2845
0.46407,1.1048
0.25852,1.2513
0.21645,1.2954
0.36275,1.1488
0.44033,1.1251
0.3697,1.1378
0.15334,1.3937
0.23912,1.2569
0.19969,1.3157
0.244,1.244
0.20116,1.3046
0.25414,1.2347
0.29888,1.1851
0.23192,1.2694
0.24648,1.2483
0.18916,1.3339
0.23027,1.2694
0.18727,1.3255
0.37495,1.1703
0.19047,1.3277
0.3773,1.1768
0.17202,1.3573
0.46846,1.1025
0.17333,1.3532
0.19353,1.3145
0.25019,1.2615
0.12544,1.4482
0.28773,1.1867
0.2635,1.2143
0.1834,1.3245
0.25093,1.2279
0.2585,1.2258
0.32178,1.1574
0.22515,1.2637
0.22739,1.2683
0.19191,1.3163
0.32118,1.1546
0.23012,1.2561
0.28844,1.2128
0.23974,1.2473
0.26766,1.2157
0.25011,1.2405
0.23815,1.2522
0.21233,1.2785
0.24546,1.2397
0.24733,1.2393
0.30524,1.1831
0.26664,1.2187
0.22107,1.2768
0.2438,1.2492
0.20296,1.2965
0.20159,1.3008
0.089898,1.4711
0.26369,1.2274
0.26695,1.2284
0.19873,1.3013
0.31753,1.1909
0.24766,1.2402
0.26526,1.2155
0.25837,1.2305
0.25924,1.2333
0.3143,1.172
0.30633,1.1896
0.35981,1.1451
0.26597,1.2198
0.24948,1.2557
0.2977,1.1832
0.46232,1.0944
0.2161,1.2788
0.54965,1.0449
0.31172,1.1646
0.32217,1.1683
0.24794,1.2358
0.2035,1.2959
0.25806,1.229
0.27634,1.2029
0.18405,1.3286
0.29746,1.1837
0.32468,1.1551
0.27123,1.2148
0.29539,1.1826
0.21353,1.2765
0.24522,1.2437
0.28657,1.195
0.24853,1.2357
0.26548,1.2204
0.23123,1.2567
0.23938,1.2431
0.19932,1.3022
0.31209,1.1741
0.22645,1.2757
0.3254,1.1725
0.26987,1.21
0.20765,1.2921
0.36111,1.1336
0.31331,1.1736
0.21733,1.2758
0.37156,1.1183
0.27759,1.2031
0.28804,1.1944
0.33444,1.1541
0.26539,1.2189
0.23857,1.2355
0.18535,1.3139
0.24524,1.2355
0.25087,1.2242
0.3325,1.1676
0.26265,1.2217
0.26002,1.2177
0.19496,1.2962
0.22375,1.2612
0.29684,1.1853
0.29774,1.1987
0.19731,1.2956
0.24767,1.2323
0.26816,1.208
0.43784,1.0995
0.24857,1.2311
0.40975,1.1177
0.29295,1.1826
0.67835,0.98376
0.18633,1.318
0.263,1.2134
0.31368,1.1562
0.29697,1.1757
0.29197,1.1858
0.28639,1.1915
0.23059,1.2592
0.30309,1.1845
0.39817,1.0996
0.25345,1.2357
0.27392,1.2053
0.52881,1.0595
0.28311,1.191
0.35619,1.1314
0.21569,1.2748
0.27788,1.2125
0.29221,1.1831
0.24436,1.2301
0.20001,1.2877
0.23847,1.243
0.15438,1.3681
0.24038,1.2418
0.2226,1.2629
0.27812,1.1987
0.20536,1.2896
0.23612,1.2458
0.31996,1.1462
0.21578,1.2723
0.21744,1.2697
0.29809,1.1791
0.31791,1.1622
0.25626,1.2339
0.2652,1.2271
0.31674,1.1664
0.42061,1.1225
0.28267,1.198
0.29433,1.1778
0.29718,1.1786
0.32039,1.1604
0.23252,1.2491
0.27492,1.2074
0.48049,1.0796
0.32077,1.1764
0.24415,1.2352
0.25919,1.2208
0.31481,1.179
0.30069,1.1843
0.26489,1.2153
0.31316,1.176
0.25718,1.2229
0.27575,1.2075
0.25778,1.2254
0.30645,1.1799
0.41711,1.1127
0.53336,1.0364
0.24854,1.2341
0.2048,1.289
0.30222,1.1761
0.33327,1.1685
0.28037,1.2296
0.48538,1.0568
0.26433,1.2041
0.28868,1.1891
0.49495,1.0481
0.18565,1.3182
0.29903,1.1898
0.40548,1.0911
0.25057,1.2402
0.34996,1.1372
0.37967,1.1092
0.25691,1.2151
0.32062,1.1415
0.39726,1.0976
0.32229,1.1642
0.31033,1.177
0.2413,1.2366
0.31963,1.1567
0.3369,1.1346
0.33087,1.1438
0.31231,1.167
0.38451,1.1037
0.24817,1.229
0.24087,1.242
0.35358,1.1308
0.37889,1.1294
0.2518,1.2315
0.33857,1.1482
0.36463,1.1165
0.34826,1.1326
0.35663,1.1207
0.39916,1.0764
0.33571,1.1439
0.30012,1.1804
0.23443,1.2409
0.31819,1.1563
0.2811,1.1999
0.3074,1.1654
0.27948,1.2032
0.34446,1.1238
0.35635,1.1235
0.3998,1.0959
0.29987,1.1698
0.21568,1.2636
0.28504,1.1775
0.34874,1.1435
0.26056,1.2201
0.19763,1.2967
0.18447,1.3159
0.18453,1.3138
0.24111,1.2324
0.2075,1.2834
0.36969,1.1058
0.37749,1.1024
0.25534,1.2253
0.28552,1.1901
0.31404,1.1556
0.34485,1.132
0.27133,1.2074
0.21732,1.2673
0.28762,1.169
0.14069,1.3952
0.34305,1.1314
0.21129,1.2797
0.37705,1.101
0.30521,1.1704
0.39002,1.1019
0.25372,1.2222
0.3513,1.1283
0.087289,1.4763
0.30855,1.1627
0.2301,1.2537
0.21094,1.273
0.29476,1.1722
0.24866,1.2308
0.26861,1.1964
0.17227,1.3316
0.19599,1.2845
0.18674,1.3029
0.34701,1.1338
0.2105,1.2817
0.33689,1.1385
0.27407,1.1908
0.32704,1.141
0.33258,1.1479
0.34447,1.1301
0.50795,1.0533
0.26024,1.2158
0.34891,1.1229
0.37654,1.148
0.25085,1.2094
0.34234,1.1351
0.30873,1.1757
0.28153,1.1889
0.3904,1.0968
0.2854,1.1868
0.20813,1.2829
0.39608,1.0994
0.32899,1.1474
0.36456,1.1239
0.31462,1.1633
0.3463,1.1357
0.50261,1.053
0.51479,1.0511
0.38029,1.1021
0.35993,1.118
0.29895,1.1651
0.35294,1.1289
0.16139,1.3414
0.33619,1.1344
0.30593,1.1526
0.24277,1.2527
0.25733,1.2071
0.25398,1.2191
0.34855,1.1381
0.28426,1.1916
0.3408,1.1413
0.16103,1.3476
0.30725,1.1589
0.22358,1.2512
0.2502,1.2132
0.15318,1.3684
0.19661,1.2865
0.30398,1.1666
0.32657,1.1416
0.26994,1.2044
0.23918,1.2332
0.27149,1.1895
0.18131,1.3168
0.321,1.1426
0.26628,1.1916
0.27062,1.194
0.18936,1.31
0.28558,1.173
0.25868,1.2012
0.28058,1.193
0.34345,1.1191
0.59843,0.97749
0.34311,1.1215
0.30812,1.1717
0.26671,1.2133
0.36318,1.1147
0.40888,1.0851
0.29274,1.1632
0.26284,1.1932
0.2661,1.1911
0.18286,1.3031
0.29973,1.1608
0.2759,1.1776
0.2889,1.171
0.23413,1.2201
0.26439,1.1896
0.23338,1.2471
0.26244,1.1981
0.21337,1.2553
0.28994,1.1693
0.19548,1.2872
0.24277,1.2314
0.34854,1.119
0.28528,1.1735
0.26722,1.1986
0.29897,1.1627
0.26793,1.1869
0.48274,1.0668
0.30235,1.1617
0.26393,1.1949
0.34064,1.1269
0.23288,1.2448
0.3232,1.1463
0.39572,1.0851
0.65696,0.97851
0.64717,0.97716
0.32521,1.1346
0.30956,1.1538
0.30904,1.1488
0.27248,1.2059
0.21071,1.2653
0.29352,1.1714
0.30851,1.1613
0.24012,1.2319
0.26448,1.2033
0.27473,1.1859
0.48113,1.0625
0.22628,1.245
0.2475,1.2227
0.44265,1.095
0.41194,1.0781
0.32986,1.1456
0.2677,1.2298
0.12676,1.4126
0.33646,1.1386
0.42302,1.0947
0.18706,1.2939
0.31736,1.161
0.28389,1.1797
0.13792,1.395
0.2131,1.257
0.1212,1.4171
0.2156,1.2528
0.22193,1.2462
0.21438,1.2479
0.18283,1.3037
0.23347,1.2212
0.20967,1.2654
0.24681,1.2143
0.15655,1.3487
0.25034,1.208
0.26223,1.1913
0.16772,1.3256
0.29279,1.1635
0.34796,1.1378
0.4324,1.0748
0.1626,1.3346
0.26428,1.1952
0.17447,1.3181
0.23892,1.2241
0.32763,1.1734
0.21669,1.275
0.3234,1.1518
0.2139,1.2551
0.40683,1.1043
0.27791,1.1975
0.22899,1.2349
0.22994,1.23
0.2379,1.2217
0.24628,1.2076
0.12412,1.4139
0.30082,1.1551
0.28632,1.1741
0.12361,1.4164
0.1495,1.3681
0.33186,1.1315
0.29303,1.1654
0.29408,1.1673
0.2471,1.2055
0.24292,1.2136
0.28087,1.1758
0.32555,1.1423
0.17659,1.313
0.2232,1.2504
0.24737,1.2091
0.18327,1.2965
0.25472,1.2192
0.19738,1.276
0.32471,1.127
0.28993,1.1685
0.12612,1.4062
0.11708,1.4293
0.1963,1.2753
0.21172,1.2584
0.30182,1.1482
0.18194,1.2993
0.28592,1.1708
0.27676,1.1697
0.27971,1.1712
0.11614,1.4247
0.24521,1.2071
0.18346,1.2999
0.26799,1.1883
0.25431,1.2028
0.26525,1.1941
0.27507,1.1749
0.15605,1.3395
0.14769,1.3529
0.16523,1.3241
0.24964,1.2058
0.33696,1.117
0.17089,1.3283
0.24035,1.2193
0.27689,1.1849
0.21681,1.2428
0.12233,1.4138
0.2082,1.2569
0.23778,1.221
0.18893,1.2965
0.19997,1.2784
0.29028,1.1854
0.16215,1.3392
0.314,1.1483
0.36291,1.0987
0.16711,1.3245
0.27136,1.1813
0.24967,1.2026
0.28037,1.1985
0.1983,1.2743
0.1897,1.2821
0.16077,1.3369
0.28873,1.1805
0.090447,1.5009
0.25168,1.199
0.29947,1.161
0.22124,1.244
0.087959,1.5099
0.45516,1.0812
0.24395,1.2401
0.26462,1.2049
0.18658,1.2854
0.13511,1.3923
0.21922,1.2594
0.14744,1.3547
0.2065,1.261
0.20004,1.2805
0.23005,1.2319
0.25887,1.2064
0.088074,1.5158
0.13374,1.3985
0.31905,1.1399
0.23674,1.2317
0.2212,1.2514
0.21605,1.2511
0.20248,1.28
0.23932,1.2259
0.17028,1.3251
0.10288,1.4652
0.14556,1.3639
0.25165,1.2039
0.24403,1.2204
0.31709,1.1351
1.0927,0.78624
0.21273,1.2548
0.29556,1.173
0.23296,1.2282
0.20771,1.2733
0.35792,1.1214
0.38789,1.1252
0.26362,1.1907
0.13346,1.3782
0.26303,1.2406
0.33965,1.1364
0.34975,1.1348
0.31725,1.1817
0.2149,1.2975
0.27445,1.1981
0.27719,1.1946
0.38076,1.0982
0.12168,1.4364
0.28299,1.1873
0.32628,1.1415
0.40419,1.086
0.084566,1.5218
0.39672,1.1193
0.20324,1.2618
0.17149,1.3361
0.42349,1.0969
0.20713,1.2773
0.26975,1.2012
0.26076,1.2163
0.25276,1.2125
0.23758,1.2396
0.19391,1.2954
0.21401,1.2694
0.33944,1.1274
0.30439,1.1688
0.22421,1.2494
0.2639,1.1831
0.42224,1.093
0.36725,1.1438
0.27336,1.2267
0.37558,1.1344
0.31999,1.1546
0.2712,1.1887
0.31166,1.1563
0.48591,1.055
0.24709,1.2044
0.26491,1.2278
0.093656,1.485
0.22235,1.2534
0.21289,1.2523
0.33945,1.1284
0.085578,1.5247
0.10892,1.4388
0.29161,1.1754
0.27256,1.2311
0.31557,1.1351
0.1445,1.3843
0.40397,1.0832
0.18704,1.2815
0.19995,1.2686
0.16663,1.3174
0.20428,1.2625
0.25651,1.1971
0.27497,1.1764
0.23121,1.2498
0.4665,1.0652
0.36371,1.0981
0.21499,1.2457
0.080763,1.529
0.14524,1.3663
0.22198,1.2307
0.16371,1.3271
0.2001,1.2997
0.1525,1.3591
0.4891,1.0479
0.31097,1.1935
0.16173,1.3349
0.18708,1.2971
0.47107,1.0747
0.47378,1.063
0.24882,1.2094
0.34507,1.1288
0.41927,1.0996
0.49227,1.0356
0.35069,1.1395
0.19643,1.2953
0.18306,1.3104
0.39996,1.1067
0.20815,1.2773
0.34791,1.1579
0.33824,1.1627
0.19934,1.289
0.36312,1.1424
0.39384,1.1225
0.24424,1.2632
0.26196,1.2412
0.31189,1.1556
0.2537,1.224
0.22488,1.2564
0.22275,1.2445
0.48045,1.055
0.25189,1.2052
0.11482,1.4309
0.097373,1.4762
0.55201,1.0142
0.2373,1.22
0.099099,1.4816
0.1268,1.4129
0.38273,1.0997
0.26197,1.1919
0.11795,1.4237
0.11274,1.4419
0.33566,1.1337
0.43105,1.0939
0.1063,1.4572
0.32455,1.168
0.39915,1.0874
0.17316,1.3236
0.33801,1.1331
0.3006,1.199
0.25629,1.197
0.2306,1.2229
0.34662,1.132
0.43021,1.0715
0.46814,1.0619
0.4074,1.1064
0.13931,1.3762
0.10408,1.4564
0.1824,1.2992
0.38947,1.1299
0.27348,1.1797
0.26244,1.1962
0.21453,1.2431
0.42706,1.0764
0.18614,1.2898
0.10604,1.4595
0.30977,1.1899
52.372,-0.32832
0.39238,1.0899
0.40874,1.1048
0.25672,1.2148
0.22894,1.2318
0.27251,1.1816
0.2112,1.3017
0.15368,1.3706
0.29163,1.1809
0.40582,1.089
0.19502,1.2993
0.17043,1.3412
0.31358,1.183
0.28649,1.1838
0.3278,1.1816
0.3069,1.1476
0.24602,1.2194
0.31502,1.1834
0.25873,1.2094
0.26278,1.1912
0.2281,1.2616
0.13942,1.3696
0.18837,1.2797
0.31395,1.1714
0.32747,1.1549
0.098647,1.4761
0.13756,1.3685
0.22716,1.227
0.22423,1.2362
0.29476,1.1849
0.37116,1.1212
0.27405,1.1721
0.20055,1.2643
0.11944,1.4177
0.26866,1.2318
0.22857,1.2322
0.17946,1.2969
0.15069,1.3418
0.11566,1.4338
0.11252,1.434
0.40301,1.1166
0.19769,1.2651
0.14109,1.3799
0.12296,1.3997
0.24548,1.203
0.28379,1.2205
0.43421,1.088
0.22732,1.2248
0.28039,1.1762
0.24185,1.2185
0.11011,1.4475
0.38816,1.1275
0.16905,1.3126
0.28508,1.1661
0.20529,1.2706
0.19075,1.3316
0.14117,1.385
0.26567,1.2329
0.25069,1.2203
0.15844,1.3292
0.24276,1.2014
0.2317,1.2127
0.31221,1.1394
0.094234,1.4809
0.14083,1.363
0.17194,1.3073
0.21095,1.25
0.21186,1.2458
0.092512,1.4881
0.23352,1.2142
0.25046,1.2031
0.17806,1.2931
0.17159,1.3397
0.25169,1.1894
0.20657,1.2584
0.080785,1.529
0.13524,1.4043
0.19533,1.2616
0.37091,1.1072
0.23164,1.2635
0.12368,1.397
0.47472,1.0521
0.10809,1.4462
0.20772,1.2931
0.085316,1.5109
0.26749,1.176
0.13411,1.3665
0.15302,1.3439
0.075097,1.541
0.39636,1.0901
0.39241,1.1134
0.14397,1.3491
0.20328,1.2728
0.14285,1.3605
0.22257,1.2303
0.23362,1.214
0.11272,1.4237
0.11262,1.4389
0.58342,0.99733
0.10843,1.4473
0.46884,1.066
0.53336,1.0267
0.22486,1.2244
0.19323,1.2584
0.15288,1.3297
0.31379,1.1907
0.24761,1.1967
0.22834,1.2211
0.16076,1.3307
0.29082,1.1989
0.229,1.2155
0.13962,1.3739
0.42463,1.0988
0.10149,1.4691
0.19428,1.2695
0.19016,1.2782
0.13308,1.3884
0.42501,1.0936
0.50427,1.0493
0.3289,1.1252
0.21807,1.2385
0.37412,1.1274
0.12129,1.4173
0.2963,1.1478
0.29537,1.1476
0.12276,1.4153
0.15435,1.3429
0.26057,1.208
0.16156,1.3123
0.36483,1.1226
0.13516,1.41
0.22778,1.2167
0.15593,1.3215
0.13005,1.3746
0.15145,1.3304
0.098912,1.4589
0.18361,1.2729
0.091364,1.4874
0.12058,1.4086
0.16677,1.3149
0.42591,1.0913
0.15673,1.3315
0.13012,1.3896
0.39971,1.0994
0.14949,1.3504
0.23758,1.2205
0.26721,1.223
0.33623,1.148
0.48619,1.0445
0.27761,1.1686
0.35898,1.1293
0.22772,1.2453
0.35884,1.1188
0.21358,1.2458
0.20813,1.2567
0.11468,1.4283
0.15373,1.3465
0.20417,1.2569
0.20837,1.2697
0.14924,1.3713
0.22033,1.2755
0.24523,1.2155
0.2152,1.2594
0.18793,1.3025
0.33507,1.1667
0.24624,1.1916
0.14948,1.3562
0.1165,1.4127
0.22514,1.2217
0.32292,1.146
0.15182,1.3406
0.14296,1.3576
0.25776,1.239
0.24158,1.2303
0.20355,1.27
0.21059,1.238
0.096323,1.475
0.28231,1.159
0.17568,1.2953
0.16632,1.3134
0.12493,1.3887
0.16048,1.3178
0.11287,1.4238
0.19902,1.2635
0.17369,1.2987
0.20909,1.2454
0.22718,1.2244
0.18296,1.2935
0.27706,1.2013
0.30826,1.1728
0.58307,0.94472
0.16514,1.317
0.087923,1.4973
0.16292,1.311
0.23117,1.2176
0.16814,1.3103
0.10341,1.4355
0.13807,1.3661
0.2352,1.2044
0.46283,1.0548
0.38461,1.1059
0.42872,1.0703
0.34835,1.1309
0.34386,1.1194
0.22399,1.2647
0.36016,1.1143
0.43706,1.0582
0.41311,1.0693
0.14188,1.3449
0.29238,1.1582
0.14587,1.3362
0.17011,1.2929
0.18144,1.3111
0.46088,1.068
0.33969,1.1264
0.25596,1.2178
0.203,1.2458
0.39795,1.1029
0.41305,1.0793
0.2146,1.2262
0.3558,1.1248
0.35972,1.1249
0.25773,1.2175
0.14806,1.3321
0.14755,1.3329
0.071995,1.5391
0.15663,1.3215
0.18066,1.2725
0.21924,1.2231
0.12106,1.3998
0.18841,1.2695
0.31837,1.1505
0.17622,1.3221
0.20626,1.2791
0.17151,1.2868
0.1817,1.2664
0.18575,1.2976
0.10687,1.4314
0.23045,1.1942
0.1418,1.3445
0.11882,1.3913
0.1929,1.2602
0.098951,1.4535
0.12388,1.382
0.18256,1.2634
0.13814,1.3503
0.076375,1.5216
0.21358,1.2655
0.19095,1.2625
0.12323,1.3847
0.16482,1.2976
0.24517,1.2237
0.24859,1.1996
0.3652,1.0888
0.29363,1.1638
0.18888,1.2873
0.32266,1.1308
0.20475,1.2314
0.21381,1.2231
0.084243,1.4871
0.14633,1.3171
0.15653,1.3071
0.25613,1.1951
0.22867,1.2469
0.33424,1.1199
0.45052,1.041
0.17907,1.3164
0.34522,1.1149
0.31089,1.1458
0.32243,1.1154
0.23011,1.2451
0.25526,1.1886
0.21722,1.1949
0.37072,1.0846
0.1815,1.2651
0.10339,1.4197
0.16408,1.2908
0.085357,1.4895
0.14005,1.3432
0.18032,1.2592
0.06936,1.5442
0.13033,1.3586
0.27413,1.1854
0.24577,1.207
0.135,1.3499
0.078523,1.5048
0.26195,1.2009
0.25774,1.2068
0.25585,1.2026
0.30648,1.1486
0.25097,1.2043
0.28376,1.1727
0.16681,1.3375
0.29755,1.1517
0.2125,1.2585
0.35223,1.1136
0.39023,1.0838
0.31519,1.1331
0.40939,1.073
0.28202,1.1995
0.21864,1.2513
0.15303,1.3023
0.2331,1.2119
0.071304,1.5329
0.15112,1.3381
0.18713,1.2522
0.11361,1.3871
0.092656,1.4302
0.70069,0.90095
0.16211,1.3328
0.24188,1.2297
0.21389,1.2422
0.099994,1.4308
0.17024,1.2969
0.15365,1.3263
0.16058,1.3112
0.21195,1.2416
0.16028,1.3304
0.1207,1.3659
0.21954,1.2406
0.23098,1.2142
0.13623,1.3261
0.13903,1.3172
0.20797,1.2518
0.15384,1.2951
0.10884,1.4013
0.12206,1.3721
0.098217,1.4304
0.11374,1.3822
0.1761,1.2741
0.14202,1.3303
0.94897,0.77159
0.099322,1.429
0.11258,1.4022
0.12225,1.365
0.14639,1.3082
0.26776,1.1685
0.15137,1.3228
0.25821,1.1672
0.14456,1.3154
0.15445,1.298
0.20546,1.211
0.086775,1.4621
0.21519,1.2186
0.079224,1.4911
0.12989,1.3389
0.39069,1.0489
0.23234,1.216
0.42137,1.0564
0.10607,1.4022
0.26292,1.1429
0.3383,1.1102
0.16531,1.3045
0.24386,1.1972
0.37376,1.0951
0.20953,1.2669
0.27905,1.1699
0.39069,1.068
0.22919,1.239
0.31015,1.1464
0.39231,1.0738
0.33838,1.1118
0.27393,1.1795
0.22547,1.2429
0.22619,1.2426
0.35659,1.0999
0.3497,1.104
0.1697,1.3203
0.10046,1.4179
0.25607,1.1996
0.21716,1.2515
0.33252,1.1237
0.35689,1.1002
0.31887,1.1354
0.41191,1.0703
0.28065,1.1722
0.085976,1.468
0.11801,1.3705
0.77971,0.83075
0.19294,1.2166
0.20721,1.2265
0.1083,1.3961
0.13832,1.314
0.51228,0.94187
0.10341,1.4026
0.16243,1.3028
0.10335,1.3887
0.10408,1.4012
0.15822,1.2685
0.67946,0.85837
0.26931,1.1535
0.2194,1.2406
0.36684,1.0905
0.36964,1.0918
0.2795,1.162
0.31326,1.1373
0.31965,1.1387
0.30019,1.1492
0.22304,1.2183
0.31202,1.1306
0.65091,0.90902
0.29491,1.1448
0.37756,1.0987
0.45801,0.98902
0.21426,1.2088
0.32538,1.1167
0.28184,1.1468
0.14323,1.3358
0.18222,1.2479
0.35114,1.0736
0.20441,1.2323
0.064816,1.5471
0.15612,1.3028
0.29513,1.1463
0.27431,1.1505
0.061292,1.5446
0.14467,1.3128
0.17514,1.2651
0.18023,1.2543
0.13594,1.3391
0.11035,1.4153
0.11936,1.3642
0.1437,1.2962
0.22479,1.1982
0.30936,1.0957
0.20558,1.2267
0.14012,1.3187
0.13972,1.3328
0.22927,1.2164
0.3096,1.1285
0.96279,0.87186
0.25805,1.1773
0.1343,1.312
0.13544,1.3401
0.30722,1.131
0.25308,1.1687
0.25775,1.172
0.16576,1.2763
0.14732,1.2996
0.36728,1.0817
0.1583,1.3085
0.29555,1.139
0.18805,1.258
0.15366,1.2813
0.29134,1.1283
0.1218,1.3453
0.16487,1.2608
0.43789,1.031
0.11515,1.3478
0.079679,1.4644
0.099222,1.3985
0.29393,1.1245
0.30492,1.1214
0.27994,1.1575
0.16995,1.2697
0.2592,1.1595
0.19945,1.2362
0.17134,1.2809
0.24607,1.2009
0.31138,1.1217
0.22678,1.1952
0.35629,1.0654
0.2912,1.1536
0.18161,1.2629
0.12024,1.3496
0.11915,1.3507
0.10506,1.3806
0.13834,1.2931
0.19121,1.256
0.31613,1.116
0.12702,1.3246
0.167,1.2874
0.32704,1.1202
0.25111,1.1766
0.23901,1.1947
0.20091,1.2237
0.12964,1.3155
0.20525,1.2223
0.13849,1.3042
0.13624,1.3457
0.21918,1.1967
0.20003,1.2218
0.1994,1.2295
0.23083,1.1971
0.24299,1.1683
0.68039,0.85229
0.29928,1.1048
0.080872,1.4584
0.21586,1.2042
0.36211,1.0371
0.22841,1.205
0.25325,1.1879
0.16071,1.2738
1.1424,0.78819
0.33075,1.0893
0.092727,1.4064
0.10094,1.3893
0.078647,1.4369
0.13827,1.3152
0.30154,1.114
0.15038,1.3143
0.12254,1.3288
0.2112,1.1751
0.15308,1.2667
0.084459,1.4392
0.14386,1.2848
0.12645,1.3237
0.41511,1.0429
0.084985,1.4286
0.1441,1.2927
0.087999,1.4343
0.14385,1.2757
0.30374,1.1257
0.10669,1.3589
0.31039,1.107
0.2207,1.2041
0.23797,1.1555
0.11855,1.3217
0.109,1.3567
0.69878,0.81746
0.2641,1.0982
0.22973,1.1955
0.23937,1.1794
0.11398,1.3509
0.13981,1.2741
0.069026,1.4861
0.1015,1.3689
0.075113,1.4582
0.11425,1.3313
0.091848,1.3984
0.19656,1.2671
0.10513,1.3712
0.15597,1.2483
0.33462,1.0587
0.46817,0.98038
0.17059,1.2348
0.094173,1.4032
0.10364,1.3743
0.1558,1.2611
0.13356,1.2957
0.16499,1.2368
0.17879,1.2244
0.17984,1.2208
0.11518,1.3281
0.093981,1.4058
0.29775,1.0953
0.37316,1.0041
0.25286,1.1106
0.11444,1.329
0.085409,1.4065
0.1016,1.366
0.083007,1.4412
0.13746,1.3043
0.10533,1.3561
0.14072,1.2976
0.14045,1.3061
0.14845,1.2639
0.10848,1.3572
0.11507,1.3394
0.066623,1.4942
0.089994,1.3978
0.087465,1.4063
0.090278,1.4035
0.10273,1.3815
0.13928,1.28
0.10681,1.3593
0.13818,1.2923
0.10025,1.3761
0.13207,1.2887
0.10961,1.3685
1.8277,0.56444
0.21836,1.1661
0.13728,1.2862
0.51712,0.90491
0.12395,1.3226
0.12052,1.3283
0.12933,1.3024
0.11263,1.3481
0.14687,1.2705
0.092352,1.4036
0.10719,1.3565
0.094826,1.3907
0.09576,1.3974
0.12228,1.3324
0.12729,1.2914
0.18954,1.1856
0.10481,1.3641
0.13691,1.2919
0.17395,1.2482
0.15771,1.2525
0.1684,1.2278
0.11418,1.3406
0.084687,1.4329
0.12334,1.3164
0.09356,1.3949
0.078136,1.4495
0.1216,1.3262
0.27991,1.0684
0.31428,1.0906
0.13448,1.2939
0.1574,1.2394
0.21426,1.1523
0.074758,1.4561
0.075911,1.4775
0.17185,1.2168
0.11071,1.3513
0.14814,1.2657
0.14021,1.265
0.099698,1.376
0.1564,1.2483
0.15222,1.2491
0.16684,1.2318
0.11085,1.3517
0.16625,1.2332
0.13732,1.284
0.085165,1.4079
0.25176,1.092
2.1595,0.51453
0.10511,1.3599
0.11467,1.3377
0.15818,1.2392
0.089519,1.4102
0.10009,1.3746
0.12209,1.3064
0.17556,1.2226
0.12498,1.3071
0.34247,1.0267
0.13072,1.288
0.60573,0.872
0.13836,1.287
0.1158,1.3427
0.089879,1.3986
0.13012,1.3003
0.15325,1.2448
0.10971,1.3507
0.13095,1.2932
0.13222,1.2904
0.22535,1.147
0.14312,1.2907
0.14801,1.2624
0.12929,1.3034
0.19884,1.1755
0.20448,1.2188
0.1977,1.187
0.15633,1.2522
0.18588,1.2068
0.54134,0.90218
0.14537,1.2805
0.20546,1.1687
0.14764,1.265
0.18871,1.1985
0.16741,1.2256
0.36172,1.0068
0.32285,1.0384
0.33933,1.0278
0.14513,1.2654
0.081187,1.4374
0.16847,1.2303
0.20768,1.1651
0.14363,1.2785
0.11693,1.3351
0.3813,1.0025
0.16886,1.2419
0.15902,1.2421
0.23562,1.1429
0.15479,1.2602
0.17571,1.2252
0.12127,1.3153
0.11203,1.3387
0.20539,1.1683
0.53969,0.90325
0.16404,1.2417
0.11262,1.3498
0.17255,1.2158
0.13848,1.28
0.13257,1.2983
0.54643,0.90413
0.1473,1.259
0.13547,1.2908
0.14652,1.272
0.142,1.2655
0.15049,1.2661
0.12264,1.322
0.60541,0.86565
0.25247,1.1079
0.13569,1.2865
0.14832,1.2523
0.15837,1.2389
0.17605,1.2235
0.65228,0.83112
0.15506,1.2506
0.09076,1.4075
0.15389,1.2509
0.16087,1.2539
0.51568,0.90887
0.12441,1.3125
0.12737,1.3012
0.10722,1.3555
0.16551,1.2336
0.16371,1.2415
0.10819,1.3525
0.13309,1.2896
0.091785,1.397
0.092818,1.3969
0.12392,1.3068
0.14859,1.2554
0.13701,1.2826
0.12421,1.3099
0.30422,1.049
0.15688,1.2386
0.11847,1.3308
0.16736,1.2336
0.13454,1.2884
0.14694,1.2778
0.095388,1.3914
0.16132,1.2353
0.08222,1.4412
0.10842,1.3498
0.1128,1.3385
0.15854,1.2567
0.22994,1.1385
0.93708,0.74408
0.12388,1.3104
0.13126,1.2916
0.55927,0.90976
0.13176,1.2937
0.10447,1.3533
0.10514,1.3619
0.12426,1.3073
0.08063,1.4395
0.18648,1.1867
0.11359,1.3275
0.16805,1.2243
0.40028,1.006
0.11472,1.3337
0.12181,1.319
0.10208,1.3696
0.42404,0.96862
0.39213,0.99605
1.1726,0.67618
0.12588,1.3142
0.11997,1.3119
0.19856,1.1725
0.14188,1.2797
0.28156,1.0724
0.2546,1.1087
0.15381,1.2553
0.1359,1.2793
0.14163,1.2721
0.17402,1.2074
0.20126,1.1917
0.1161,1.3141
0.067162,1.4684
0.11587,1.3195
0.11104,1.3379
0.2104,1.1793
0.13093,1.2952
0.16,1.2491
0.20491,1.1963
0.26839,1.1407
0.23486,1.1754
0.11552,1.3151
0.63936,0.91037
0.30338,1.0889
0.16991,1.2616
0.1612,1.2693
0.14987,1.3104
0.20265,1.2096
0.16288,1.2778
0.19059,1.2276
1.2322,0.68127
1.8211,0.57609
0.28725,1.1372
0.20487,1.2185
0.26484,1.1342
0.096408,1.3737
0.089936,1.3922
0.073421,1.4524
0.071285,1.4515
0.73,0.83645
0.063915,1.4887
0.92184,0.84747
0.26359,1.1365
0.077458,1.4374
0.18098,1.2472
0.11194,1.3337
0.14409,1.2487
0.1164,1.3098
0.18866,1.2215
0.076161,1.4295
0.10055,1.3789
0.11929,1.3064
0.10297,1.345
0.19987,1.2085
0.56693,0.91749
0.15671,1.2974
0.23091,1.171
0.084258,1.4273
0.16159,1.2508
0.10453,1.405
0.21052,1.1908
0.11501,1.3784
0.14619,1.2902
0.30142,1.125
0.12666,1.2995
0.10447,1.3421
0.080237,1.4272
0.48172,0.98194
0.30959,1.1332
0.31253,1.1068
0.54319,0.95822
0.40712,1.0353
0.47172,0.99515
0.090297,1.4033
0.19256,1.1844
0.20304,1.164
0.19247,1.189
0.29635,1.0497
0.40639,1.0251
0.40819,1.0432
0.30937,1.1396
0.13539,1.2846
0.32184,1.1136
0.62099,0.97779
0.16201,1.2732
1.5976,0.68721
0.75897,0.77781
0.11405,1.3219
1.1666,0.67279
0.65036,0.87181
0.20912,1.2149
0.14723,1.2583
0.17184,1.2183
0.23156,1.1782
0.19498,1.2122
0.29525,1.1389
0.0825,1.4075
0.38742,0.97608
0.40307,0.96768
1.6164,0.695
0.15058,1.2429
0.93079,0.74519
0.09814,1.3804
0.10961,1.3337
0.18165,1.2105
1.4117,0.61092
0.21882,1.145
0.33019,1.1061
1.5379,0.68192
2.0158,0.52391
0.14607,1.2815
0.11246,1.338
0.10858,1.3462
0.13769,1.2748
0.18897,1.18
0.22741,1.1681
0.084149,1.4127
0.062293,1.4866
0.20295,1.168
0.08489,1.4036
0.20933,1.147
0.38641,0.98227
0.13138,1.2796
0.064301,1.4809
0.11891,1.3197
0.12772,1.2916
0.25737,1.0832
0.34577,1.0055
0.10667,1.3453
0.14144,1.2568
0.23163,1.1123
2.9208,0.41671
0.22485,1.1282
0.19091,1.1758
0.15159,1.2645
0.27207,1.08
0.14362,1.2733
0.2065,1.1596
0.20147,1.1827
0.43404,0.95411
0.58294,0.86684
0.15145,1.2382
0.33315,1.0321
0.085339,1.396
0.18782,1.1813
0.11535,1.3281
1.6393,0.55913
0.15884,1.2343
0.16399,1.2165
0.15624,1.2412
0.46085,0.92743
0.1338,1.2778
0.10784,1.3492
0.13197,1.2842
0.22846,1.1284
2.3276,0.45162
0.13845,1.2703
0.25214,1.0872
0.11827,1.3086
0.074419,1.4286
0.38712,0.98813
0.13747,1.2846
0.0676,1.4706
0.14197,1.2763
0.15471,1.2399
0.06654,1.4795
0.12212,1.3137
0.16303,1.2277
0.021677,1.7167
0.21554,1.1545
0.13148,1.2852
0.80186,0.77749
0.12361,1.3096
0.14707,1.2758
0.070862,1.4766
0.13817,1.2797
0.12785,1.3228
0.15018,1.2647
0.21299,1.1577
0.15255,1.2865
0.12243,1.3322
0.16959,1.2367
0.20224,1.1828
0.080523,1.4271
0.1579,1.2608
0.14126,1.2683
0.12532,1.3431
0.14802,1.2872
0.12311,1.3432
0.1821,1.2051
0.13389,1.2846
0.32843,1.0476
0.081757,1.4279
0.11861,1.3241
0.22422,1.1303
0.11584,1.3335
0.16342,1.2398
0.16147,1.2443
0.10962,1.3652
0.15295,1.2715
0.20901,1.1773
0.363,1.0149
0.12187,1.3242
0.14459,1.2691
0.20271,1.173
0.12949,1.3122
0.15914,1.2499
0.15225,1.2553
0.13073,1.2873
0.10336,1.3719
0.16299,1.2348
0.13689,1.2898
47.482,-0.38954
0.097913,1.3837
0.10704,1.3549
0.066639,1.4975
0.085253,1.4271
0.11188,1.3396
0.12053,1.3404
0.11569,1.3523
0.39485,0.98847
0.081498,1.4423
0.14511,1.2737
0.13803,1.295
0.12707,1.3093
0.72757,0.80367
0.1432,1.2922
0.16708,1.2306
0.18217,1.2193
0.19569,1.2008
0.17204,1.221
0.14238,1.286
0.16189,1.233
0.092929,1.3799
0.16105,1.2604
0.16481,1.2442
48.536,-0.38531
1.1285,0.6735
0.17378,1.2256
0.087694,1.4251
0.14277,1.2772
0.10926,1.3477
0.14392,1.2766
0.12389,1.3116
0.11023,1.3515
0.18643,1.2025
0.11211,1.3387
0.10645,1.3576
0.17847,1.2111
0.20268,1.1891
0.16821,1.2339
0.1318,1.2813
0.26815,1.1419
0.13402,1.2709
0.1666,1.2169
0.12815,1.3122
0.36689,1.001
0.15761,1.2572
0.1734,1.2061
0.4076,0.97283
0.11999,1.3097
0.090652,1.4082
0.15691,1.2444
0.12532,1.3148
0.13087,1.2898
0.18813,1.2044
0.97481,0.71828
0.12667,1.2963
0.27703,1.083
0.094074,1.3867
0.16911,1.2169
0.18217,1.209
0.15482,1.2466
0.25609,1.1095
0.14558,1.2624
0.070567,1.4799
0.14261,1.2663
0.17526,1.216
0.10319,1.3624
0.12499,1.3144
0.70093,0.81462
0.37411,0.99242
0.12704,1.2953
0.24916,1.137
0.12212,1.3071
0.14936,1.2709
0.096584,1.3896
0.13276,1.3102
0.15061,1.2663
0.1182,1.3237
0.096137,1.37
0.31943,1.0436
0.24768,1.1323
0.14951,1.2725
0.14343,1.2664
0.082787,1.4186
0.11456,1.3246
0.19968,1.2037
0.17329,1.2345
0.15378,1.2639
0.22772,1.1612
0.2205,1.1574
0.11696,1.3307
0.18704,1.1957
0.15047,1.2637
0.21626,1.1549
0.1535,1.2498
0.20628,1.1658
0.13711,1.2523
0.3007,1.0656
0.22676,1.1367
0.0795,1.45
0.11128,1.3469
0.10933,1.3474
0.10879,1.3554
0.13214,1.3023
0.12533,1.3176
1.0615,0.70031
0.57557,0.88114
0.075194,1.459
0.088369,1.4267
0.25288,1.1184
0.1723,1.2468
0.14821,1.2563
0.099771,1.383
0.62867,0.84959
0.07478,1.4623
0.099436,1.3693
0.47594,0.93346
0.13164,1.2966
0.14284,1.2906
0.25079,1.109
0.17376,1.221
0.17022,1.229
0.1337,1.2983
0.15235,1.2742
0.26443,1.1093
0.24423,1.1145
0.12757,1.2977
0.15417,1.2891
0.12342,1.3011
0.21717,1.1778
0.18837,1.2158
0.16223,1.2525
0.42453,0.96189
0.22062,1.1731
0.20764,1.1944
0.10982,1.3374
0.07964,1.4306
0.42421,0.95157
0.080041,1.4274
0.13187,1.2797
0.091685,1.3853
0.71041,0.80822
0.07644,1.4356
0.1535,1.232
0.17751,1.2123
0.2903,1.0847
0.096044,1.3767
0.74766,0.80046
0.13069,1.29
0.54751,0.88424
0.32865,1.0504
0.11862,1.311
0.12457,1.3215
0.18005,1.2008
0.10399,1.3544
0.12411,1.2985
0.12224,1.3149
0.1146,1.3264
0.20365,1.1913
1.0265,0.83368
0.10396,1.363
0.17082,1.2334
0.069646,1.4639
1.1323,0.69346
0.12862,1.3122
0.10204,1.3661
0.079514,1.4254
0.58274,0.87726
0.10153,1.3487
0.18736,1.1909
0.1748,1.2205
0.1478,1.2808
0.12195,1.3241
0.19626,1.1989
0.14862,1.2695
0.13352,1.3161
0.10966,1.3499
0.14062,1.287
0.087891,1.3998
0.096469,1.3859
0.28943,1.0791
0.08174,1.4173
0.13249,1.2821
0.18459,1.1838
0.48424,0.94785
0.097845,1.3677
0.13861,1.2644
0.073497,1.4535
0.22443,1.137
0.093196,1.3924
0.095463,1.38
0.086533,1.4026
0.090375,1.4146
0.12339,1.311
0.11897,1.3303
0.22743,1.1437
0.065937,1.4774
0.26221,1.0913
0.096404,1.3779
0.077988,1.4585
1.0547,0.82524
0.25173,1.1569
0.12118,1.3144
0.1046,1.3774
3.7337,0.35472
0.15867,1.2616
0.33091,1.1087
0.10352,1.3583
0.081562,1.434
2.8173,0.42184
0.619,0.85681
0.099052,1.3669
0.098221,1.3729
0.045389,1.5888
0.17226,1.2139
0.082826,1.4348
0.11118,1.3411
0.11211,1.3329
0.40119,0.95788
0.045214,1.5792
0.10138,1.3503
0.18431,1.2199
0.29867,1.047
0.43771,0.94649
0.086249,1.3956
0.4017,0.95958
0.04567,1.5878
0.34121,1.0078
0.079536,1.4241
0.09078,1.3914
0.11567,1.3242
1.2897,0.65307
0.13076,1.2823
0.39565,0.98848
0.15205,1.258
0.10182,1.3492
0.15902,1.2464
3.1796,0.42728
0.13335,1.2893
0.14831,1.2289
0.41837,0.94432
0.21644,1.1349
0.49495,0.91718
0.088901,1.4153
0.10236,1.3729
0.099669,1.3718
0.18521,1.1879
0.12579,1.3082
0.16936,1.2113
0.17808,1.1932
0.061034,1.5236
0.11649,1.3315
0.28555,1.0765
0.16018,1.2198
0.10644,1.3369
0.054144,1.5183
0.25108,1.1712
0.10171,1.3534
0.90287,0.73094
0.55163,0.89911
0.086121,1.4096
0.093995,1.3824
0.13104,1.3098
0.33316,1.0697
0.54273,0.88628
1.7315,0.55353
0.24391,1.109
0.087445,1.3926
0.095359,1.3719
0.12707,1.2967
0.082191,1.4108
0.3141,1.0415
0.17148,1.2054
0.13482,1.2709
0.12807,1.2897
0.46388,0.93161
0.091773,1.3818
0.10391,1.3565
0.13943,1.2825
0.090716,1.3906
0.060379,1.4877
0.12554,1.3036
0.084233,1.4013
0.054585,1.5161
0.21095,1.1518
0.098524,1.3686
0.10647,1.3597
0.18553,1.2086
0.13515,1.2709
0.079898,1.4236
0.13862,1.2598
0.082092,1.4236
0.22701,1.1231
0.13773,1.281
0.12167,1.3331
0.14587,1.2743
0.095872,1.3839
1.7049,0.56919
0.12686,1.2918
0.12728,1.3085
0.23778,1.1286
0.5133,0.90897
0.16396,1.2395
0.075756,1.4245
0.085986,1.3978
0.059211,1.4976
0.10648,1.3497
0.46962,1.018
0.069716,1.4715
0.090619,1.3836
0.24879,1.1058
0.075613,1.4435
0.36319,0.99492
0.055146,1.5292
0.085826,1.3985
0.22799,1.1343
0.16633,1.2351
0.18783,1.2051
0.26355,1.1009
0.14521,1.2508
0.15834,1.2462
0.50263,0.91861
0.27446,1.0725
0.10457,1.3474
0.14954,1.26
0.072889,1.4397
0.1593,1.2339
0.13721,1.2714
0.099053,1.3561
0.11999,1.307
0.11132,1.3326
0.084846,1.4019
0.15815,1.2354
0.11885,1.3466
0.16166,1.2192
0.10955,1.3372
0.12677,1.2982
0.14737,1.2573
0.090686,1.3827
0.13646,1.2882
0.12314,1.2983
0.074684,1.4391
0.17635,1.2287
0.14682,1.268
0.575,0.87864
0.21432,1.1674
0.23327,1.118
0.19405,1.2041
0.13698,1.275
0.11102,1.3275
0.15989,1.249
0.071025,1.4637
0.27898,1.064
0.05708,1.5154
0.094126,1.3787
0.078754,1.4197
0.10261,1.3507
0.14697,1.247
0.082736,1.4065
0.12746,1.2995
0.095707,1.378
0.32415,1.0278
0.10338,1.3488
0.098055,1.3577
0.25195,1.0986
0.11874,1.3046
0.067511,1.4734
0.074168,1.4447
0.089828,1.3855
0.092633,1.3737
0.12975,1.2996
0.14073,1.283
0.16686,1.2239
0.14666,1.2659
0.094823,1.3796
0.31062,1.0329
0.34051,1.0254
0.2781,1.0732
0.2489,1.1027
0.074218,1.4441
0.10783,1.3557
0.11006,1.346
0.099523,1.354
0.1034,1.3458
0.093999,1.3888
0.10957,1.341
0.10315,1.3514
0.1085,1.338
0.076349,1.44
0.086522,1.4038
0.067556,1.4672
0.079693,1.4244
0.12175,1.3267
0.11,1.328
0.10636,1.349
0.32035,1.0263
0.065837,1.4814
0.076608,1.4375
0.080842,1.4251
0.22765,1.1487
0.21164,1.171
0.067703,1.4604
0.093423,1.3605
0.08032,1.4264
0.11305,1.3468
0.63964,0.83835
0.14028,1.2599
0.11575,1.3331
0.11791,1.3267
0.14568,1.2667
0.1339,1.2903
0.12205,1.2995
0.10131,1.3438
0.097214,1.3664
0.090626,1.3896
0.18668,1.1989
0.13045,1.2961
0.067609,1.485
0.42745,0.94885
0.13485,1.2707
0.14029,1.278
0.10296,1.3632
0.1348,1.294
0.13641,1.2725
0.12687,1.3128
0.12838,1.2799
0.10693,1.342
0.17791,1.1922
0.15542,1.2279
0.1791,1.2211
0.24678,1.1068
0.23583,1.1543
0.6973,0.8009
0.10919,1.3484
0.2599,1.1071
0.11655,1.3151
0.77073,0.86455
1.8818,0.54628
0.50467,0.90972
0.13718,1.2794
0.95228,0.72458
0.16669,1.2441
0.14892,1.2661
0.098363,1.3897
0.18743,1.2023
0.15192,1.2493
0.091991,1.3927
0.084242,1.3977
0.38316,0.98964
0.27182,1.0615
0.08961,1.4036
0.13474,1.2908
0.12577,1.3132
0.11868,1.3136
0.12779,1.313
0.12444,1.311
0.11253,1.3439
0.093756,1.3775
0.45497,0.93611
0.10083,1.3637
0.14495,1.26
0.1349,1.2992
0.12823,1.3026
0.081044,1.4254
0.22942,1.1385
0.2351,1.1229
0.45306,0.93968
0.088865,1.4108
0.21711,1.1431
0.078938,1.4454
0.15066,1.2656
0.085952,1.406
0.074915,1.4383
0.31445,1.0345
0.09701,1.3684
0.16901,1.2197
0.46832,0.9425
0.11382,1.3247
0.16297,1.2343
0.17143,1.239
0.23928,1.1243
0.9202,0.75007
2.3805,0.48052
0.64762,0.83381
0.13156,1.2897
0.1293,1.2933
0.51392,0.91296
0.094088,1.3881
3.2657,0.37152
0.14814,1.2586
0.1087,1.3442
0.12959,1.2868
0.083014,1.423
0.1816,1.1987
0.095602,1.3842
0.21212,1.1864
0.16995,1.2285
0.18665,1.1991
0.12824,1.2917
0.26561,1.0986
0.16857,1.2363
0.1367,1.2936
0.24635,1.1846
0.47335,0.98955
0.43713,0.95381
0.26899,1.1259
0.10908,1.3599
0.94817,0.74115
0.1373,1.2853
0.16624,1.2363
0.12182,1.326
0.07999,1.4475
0.21725,1.1544
0.13393,1.3018
0.15434,1.2501
0.10104,1.3792
0.20346,1.1652
0.1275,1.2943
0.085728,1.412
0.13496,1.2996
0.1319,1.2926
0.10881,1.3683
0.112,1.3622
0.066148,1.4884
0.20086,1.2079
0.082725,1.4365
0.11696,1.3435
0.10971,1.3465
0.10751,1.35
0.097773,1.3975
0.093612,1.408
0.11901,1.3428
0.11836,1.3221
0.091448,1.4026
0.15603,1.2594
0.068543,1.4877
0.11456,1.3503
0.11823,1.3279
0.099772,1.3816
0.076797,1.4595
0.30782,1.058
0.13409,1.3057
0.30594,1.0512
0.89142,0.7619
0.081188,1.4233
0.1177,1.3293
0.097619,1.3828
0.096711,1.3797
0.078714,1.4342
0.082043,1.4293
0.10207,1.356
0.10076,1.3737
0.037364,1.6107
0.1528,1.266
0.26472,1.0955
0.1498,1.2791
0.13287,1.3116
0.1014,1.3893
0.14656,1.2761
0.15276,1.2748
0.33232,1.0455
0.11273,1.3428
0.216,1.1708
0.17835,1.2374
0.13642,1.3002
0.14332,1.2919
0.084864,1.4456
0.077883,1.4569
0.22726,1.152
0.26249,1.1014
0.10992,1.3517
0.13567,1.2965
0.14219,1.3056
0.12827,1.3043
0.10767,1.3559
0.13379,1.315
0.32644,1.0446
0.1081,1.3739
0.1428,1.3034
0.32689,1.0384
0.10492,1.3659
0.097207,1.3738
0.079351,1.448
0.14307,1.2828
0.1498,1.2559
0.27784,1.091
0.093474,1.3931
0.11074,1.3374
0.25507,1.1577
0.078709,1.4383
0.082372,1.4423
0.25403,1.1059
1.1609,0.6724
0.16499,1.263
0.10027,1.3751
0.16882,1.2299
0.16355,1.249
0.13819,1.2883
0.18497,1.2138
0.12877,1.329
0.1522,1.2709
0.54212,0.90198
0.15301,1.2939
0.98546,0.73606
0.1861,1.2367
0.29176,1.1035
0.18087,1.2535
0.14115,1.2825
0.11975,1.3557
0.10174,1.3852
0.080399,1.4084
0.28298,1.1003
0.11461,1.3594
1.0433,0.7272
0.084422,1.4335
0.18333,1.2114
0.074001,1.4724
0.11098,1.3671
0.11411,1.32
0.056551,1.5392
0.1247,1.3193
0.10339,1.355
0.052642,1.5653
0.1078,1.3606
0.12239,1.3123
0.050664,1.5774
0.11668,1.3348
0.12327,1.3246
0.12598,1.3304
0.10289,1.3716
0.12032,1.3256
0.70921,0.82693
0.066446,1.5035
0.19854,1.1961
0.1335,1.3046
0.1305,1.3295
0.19813,1.2283
0.25692,1.1457
0.16028,1.277
0.094742,1.4182
0.2013,1.1951
0.16939,1.2495
0.055614,1.5497
0.12629,1.3104
0.10218,1.3785
0.15067,1.2987
0.15153,1.2872
0.11246,1.3775
0.13863,1.3099
0.20292,1.2046
0.10761,1.3915
0.092802,1.4021
0.12442,1.3134
0.1951,1.2084
0.24278,1.192
0.077786,1.4687
0.093,1.4115
0.14465,1.2803
0.33266,1.0736
0.065438,1.5066
0.2001,1.1846
0.067028,1.5042
0.097399,1.3864
0.26312,1.098
0.07374,1.4718
0.10622,1.3736
0.16507,1.2385
0.071122,1.482
0.055341,1.5496
0.10891,1.3746
0.16205,1.2551
0.091898,1.4135
0.063426,1.5146
0.078618,1.4513
0.082027,1.4529
0.12024,1.333
0.16489,1.2385
0.063318,1.5201
0.10955,1.3602
0.18084,1.23
0.10359,1.3963
0.10969,1.3611
0.17861,1.2445
0.14084,1.2948
0.11451,1.3686
0.10684,1.3687
0.13456,1.3056
0.056443,1.5793
0.13312,1.312
0.098963,1.4095
0.079831,1.462
0.066159,1.517
0.15181,1.2947
0.15188,1.2696
0.11996,1.3501
0.10166,1.3966
0.11313,1.3538
0.33179,1.0667
0.082188,1.4476
0.089159,1.4283
0.099283,1.3929
0.07669,1.4912
0.077219,1.4819
0.16279,1.2877
0.17163,1.2924
0.10477,1.3777
0.065547,1.5126
0.052616,1.5737
0.095074,1.4128
0.096429,1.3938
0.087089,1.4289
0.069029,1.5004
0.06591,1.5102
0.15882,1.2643
0.092199,1.4175
0.077537,1.4722
0.08406,1.4566
0.10368,1.3995
0.17001,1.2436
0.077276,1.4675
0.14342,1.3252
0.089346,1.4323
0.11554,1.365
0.14099,1.2866
0.18251,1.2433
0.12055,1.3609
0.2356,1.1589
0.05997,1.5438
0.11528,1.3798
0.06669,1.5124
0.084242,1.4615
0.12797,1.3373
0.097152,1.4405
0.13879,1.3473
0.14026,1.3017
0.15855,1.251
0.065852,1.5102
0.10262,1.3917
0.085579,1.4388
0.21417,1.1767
0.048383,1.6022
0.089303,1.4265
0.076849,1.4682
0.14818,1.2888
0.10252,1.3958
0.090172,1.4317
0.097004,1.4177
0.064333,1.5307
0.089608,1.4404
0.046603,1.6264
0.089223,1.4561
0.15136,1.2988
0.06627,1.5301
0.18586,1.2656
0.13942,1.3439
0.13268,1.3158
0.071167,1.4891
0.096265,1.416
0.10136,1.3976
0.036538,1.6746
0.066781,1.5057
0.053783,1.569
0.079263,1.4602
0.065675,1.5134
0.062595,1.5341
0.050865,1.5896
0.090632,1.4351
0.072824,1.4968
0.049428,1.607
0.10012,1.4062
0.070127,1.5083
0.060209,1.5482
0.048804,1.5975
0.057349,1.5611
0.062095,1.536
0.070017,1.5114
0.060508,1.546
0.083584,1.461
0.062821,1.5302
0.066461,1.5121
0.056811,1.5659
0.1159,1.3642
0.13456,1.3241
0.055447,1.5681
0.081988,1.4607
0.080014,1.4731
0.093422,1.434
0.12859,1.3395
0.17383,1.2517
0.078167,1.4812
0.095088,1.4252
0.10179,1.4081
0.063436,1.5362
0.085351,1.4591
0.084838,1.4578
0.11276,1.3773
0.071307,1.5064
0.087609,1.4549
0.092663,1.4351
0.10856,1.3959
0.10143,1.4049
0.092684,1.4455
0.12191,1.357
0.095637,1.4276
0.099533,1.4268
0.12821,1.3527
0.10182,1.4186
0.060068,1.5563
0.086078,1.4522
0.083019,1.4685
0.062385,1.551
0.070142,1.5088
0.095282,1.433
0.077423,1.4894
0.073884,1.5102
0.078549,1.4816
0.14698,1.342
0.18088,1.2831
0.15726,1.2829
0.090985,1.4496
0.12036,1.3651
0.13401,1.3338
0.10193,1.4151
0.14115,1.3333
0.10843,1.3941
0.096619,1.4303
0.089531,1.4647
0.073613,1.5003
0.086854,1.458
0.049776,1.608
0.053578,1.5904
0.058525,1.568
0.073105,1.4933
0.061952,1.5442
0.081054,1.4775
0.1436,1.3151
0.07223,1.5073
0.14848,1.3052
0.18166,1.2527
0.16349,1.2776
0.08158,1.4775
0.15686,1.3122
0.16384,1.2944
0.14721,1.3202
0.076762,1.4923
0.12142,1.3661
0.11071,1.3931
0.10032,1.4316
0.10364,1.4162
0.11614,1.3834
0.096167,1.4429
0.08564,1.47
0.077999,1.491
0.18866,1.2468
0.16107,1.2827
0.11171,1.4074
0.095195,1.4567
0.11602,1.3851
0.086918,1.4878
0.082204,1.4981
0.11245,1.39
0.065531,1.5381
0.132,1.3525
0.19923,1.2388
0.069828,1.5247
0.055106,1.594
0.11511,1.3807
0.13587,1.3394
0.082327,1.4911
0.093208,1.4578
0.25338,1.2064
0.093476,1.447
0.091062,1.4509
0.064411,1.5508
0.080263,1.4907
0.11706,1.3805
0.096808,1.4308
0.088919,1.4624
0.086683,1.4733
0.098474,1.4248
0.069146,1.5302
0.11186,1.404
0.086727,1.4635
0.088137,1.467
0.066687,1.5443
0.16152,1.2982
0.098913,1.4252
0.013642,1.891
0.079218,1.4885
0.068339,1.5347
0.055778,1.5912
0.12479,1.3692
0.19325,1.2393
0.087307,1.4796
0.090926,1.4598
0.14887,1.3145
0.14175,1.3446
0.21101,1.2237
0.13355,1.3511
0.16985,1.2756
0.087745,1.467
0.092794,1.4506
0.22076,1.1988
0.086186,1.4598
0.069356,1.5268
0.072333,1.5189
0.10145,1.4233
0.064472,1.5493
0.11012,1.4073
0.059119,1.5767
0.10377,1.4226
0.13346,1.3426
0.087628,1.4583
0.14886,1.3149
0.11744,1.389
0.054803,1.5988
0.091911,1.447
0.13856,1.3275
0.05802,1.5803
0.087293,1.4582
0.11331,1.3921
0.12719,1.3567
0.10801,1.4018
0.13689,1.3337
0.08746,1.4676
0.10667,1.4211
0.12139,1.3796
0.073271,1.5212
0.068594,1.5316
0.14804,1.309
0.1061,1.4242
0.070723,1.5277
0.25322,1.2171
0.085823,1.4788
0.12629,1.3607
0.10307,1.4312
0.15247,1.3186
0.070319,1.5396
0.13693,1.3373
0.1001,1.4277
0.06212,1.5648
0.038955,1.6922
0.099985,1.4268
0.04699,1.6406
0.059853,1.5749
0.063465,1.566
0.085237,1.4838
0.080134,1.4927
0.10913,1.3917
0.061086,1.5656
0.21556,1.2582
0.06753,1.5444
0.15132,1.2992
0.087204,1.4683
0.14394,1.3438
0.061249,1.5818
0.066134,1.5621
0.13119,1.3469
0.046924,1.6454
0.044773,1.6552
0.063127,1.5529
0.098266,1.4287
0.037913,1.7058
0.030558,1.7659
0.063054,1.5638
0.10282,1.4118
0.094775,1.4383
0.045538,1.6496
0.059521,1.5784
0.14431,1.3231
0.081859,1.486
0.054567,1.6146
0.058188,1.5999
0.14615,1.3263
0.11555,1.3903
0.035142,1.7289
0.050009,1.6288
0.083832,1.4881
0.073443,1.5268
0.042115,1.6798
0.048264,1.6377
0.12589,1.3702
0.147,1.3201
0.079682,1.4988
0.16788,1.2922
0.11306,1.4011
0.11201,1.4121
0.036683,1.7163
0.064304,1.5649
0.079886,1.4935
0.068235,1.5386
0.048038,1.652
0.053912,1.6114
0.06708,1.5476
0.16709,1.3059
0.062076,1.5681
0.12372,1.3754
0.10035,1.4456
0.062948,1.5704
0.27073,1.1672
0.071194,1.5286
0.19281,1.2444
0.083967,1.4828
0.11509,1.3959
0.094872,1.4535
0.047885,1.6516
0.13513,1.3534
0.14212,1.3294
0.099453,1.4382
0.17357,1.2721
0.080105,1.496
0.085558,1.4765
0.06728,1.5526
0.054905,1.6088
0.11213,1.3997
0.05872,1.592
0.079023,1.5084
0.066881,1.5509
0.085187,1.4894
0.13603,1.3587
0.11197,1.4095
0.12588,1.3759
0.14011,1.3459
0.040728,1.6935
0.041973,1.6854
0.085646,1.4901
0.038758,1.7069
0.053678,1.6229
0.074458,1.5307
0.054429,1.6181
0.19631,1.238
0.13913,1.3539
0.090876,1.4727
0.082723,1.5008
0.12467,1.386
0.088946,1.4764
0.11717,1.4006
0.18715,1.293
0.090206,1.4751
0.16126,1.3395
0.12151,1.3899
0.19423,1.2508
0.1125,1.4088
0.1026,1.4351
0.054494,1.6142
0.033997,1.7442
0.088343,1.4748
0.0539,1.6176
0.22284,1.2683
0.16937,1.3178
0.091873,1.4651
0.23102,1.2307
0.31743,1.1686
0.18866,1.2945
0.20415,1.264
0.22288,1.2374
0.16012,1.3181
0.084133,1.4968
0.26535,1.1683
0.21067,1.221
0.14119,1.3371
0.15773,1.3054
0.07503,1.5258
0.047137,1.6561
0.10111,1.4332
0.069626,1.5454
0.086557,1.4953
0.087771,1.5081
0.12323,1.413
0.18035,1.3014
0.1998,1.2775
0.065917,1.5639
0.12237,1.3813
0.14966,1.3241
0.10428,1.4251
0.045672,1.6612
0.10468,1.4309
0.14021,1.354
0.10482,1.4315
0.090505,1.4728
0.068826,1.5545
0.15893,1.3093
0.19964,1.2422
0.073521,1.5255
0.043811,1.6737
0.10028,1.4372
0.19173,1.2531
0.055062,1.6074
0.083068,1.4922
0.080456,1.5015
0.12643,1.3693
0.11356,1.4184
0.14439,1.3401
0.13032,1.3608
0.062564,1.5799
0.054737,1.6158
0.05543,1.6127
0.11915,1.3947
0.062271,1.5875
0.039458,1.7139
0.079958,1.5104
0.062278,1.5785
0.11597,1.4079
0.058577,1.6
0.042921,1.6849
0.072745,1.5312
0.12589,1.3783
0.124,1.3906
0.049197,1.6415
0.11352,1.405
0.12011,1.388
0.12165,1.3874
0.074941,1.5295
0.090663,1.4683
0.1585,1.307
0.082379,1.4951
0.14585,1.3485
0.10644,1.4269
0.20614,1.2376
0.14229,1.339
0.035257,1.7351
0.052017,1.6316
0.059303,1.5921
0.086862,1.4817
0.097842,1.4441
0.25963,1.1881
0.10615,1.4231
0.064482,1.5674
0.08324,1.5027
0.053703,1.6277
0.19517,1.2597
0.066403,1.5627
0.053807,1.6229
0.17084,1.2865
0.091729,1.4686
0.098597,1.4429
0.119,1.4243
0.13177,1.3673
0.16015,1.3117
0.11568,1.4306
0.095076,1.467
0.16144,1.3141
0.10401,1.4344
0.059579,1.5948
0.056254,1.6062
0.11997,1.3884
0.12365,1.384
0.065947,1.5619
0.26024,1.2164
0.3738,1.1099
0.20882,1.2359
0.11848,1.4016
0.14302,1.3414
0.15436,1.3205
0.1453,1.329
0.098583,1.4514
0.092921,1.4685
0.11559,1.4042
0.11212,1.4094
0.050506,1.6387
0.10302,1.4682
0.074852,1.5231
0.13437,1.3584
0.0522,1.6353
0.1079,1.4242
0.11119,1.4134
0.08736,1.4827
0.079372,1.5229
0.10896,1.4286
0.065682,1.5722
0.082348,1.498
0.071447,1.5418
0.1568,1.3166
0.11223,1.4117
0.097706,1.4522
0.061315,1.5871
0.066261,1.5652
0.10019,1.4429
0.10028,1.4433
0.098903,1.4367
