41.785,0.29547
33.226,0.38127
39.2,0.30819
38.322,0.32204
38.873,0.33069
36.999,0.35647
36.28,0.35428
38.617,0.3168
34.266,0.37429
37.687,0.33883
33.768,0.38792
33.291,0.40683
33.926,0.38027
34.594,0.36301
34.231,0.37284
35.849,0.34908
33.772,0.38325
30.63,0.43601
33.915,0.38426
32.852,0.39771
37.506,0.3415
38.946,0.32433
37.472,0.342
33.485,0.39057
30.85,0.45855
35.272,0.39194
37.366,0.35069
38.391,0.31986
37.868,0.34053
37.252,0.3617
37.551,0.33768
35.325,0.38662
34.818,0.39048
35.612,0.37652
36.593,0.3558
36.421,0.36511
32.088,0.42755
32.243,0.41777
33.785,0.4008
34.597,0.38682
30.348,0.45716
31.987,0.41143
32.306,0.43149
34.568,0.39336
30.113,0.47417
32.381,0.40986
5.3657,1.0337
34.425,0.37709
29.442,0.47376
31.348,0.42795
30.151,0.45165
30.276,0.44594
30.975,0.42911
29.802,0.45934
30.262,0.44703
29.368,0.46439
30.697,0.45163
29.098,0.47372
29.139,0.47694
28.576,0.48503
37.959,0.36033
33.082,0.41085
31.762,0.43435
33.816,0.39385
32.747,0.41699
33.128,0.40959
32.92,0.40838
31.737,0.42792
33.099,0.40946
32.012,0.42198
31.942,0.42828
31.659,0.43203
29.772,0.44463
29.158,0.45929
28.4,0.47201
26.137,0.51303
27.939,0.47258
27.104,0.50852
26.94,0.49799
30.194,0.45129
26.983,0.504
28.766,0.47595
27.909,0.49383
29.099,0.46801
27.14,0.49438
27.182,0.49159
26.149,0.5117
26.045,0.51233
25.889,0.5192
24.86,0.53678
25.059,0.53041
25.665,0.52319
23.157,0.56853
25.372,0.52011
25.565,0.5259
24.392,0.54479
22.482,0.5855
22.234,0.58481
22.795,0.57287
20.937,0.61236
23.33,0.56333
22.868,0.5714
22.762,0.56677
3.1836,1.1887
22.057,0.58767
20.972,0.60711
23.306,0.56078
21.769,0.59369
22.444,0.58696
20.107,0.63495
19.735,0.64095
20.13,0.63363
19.956,0.6298
18.81,0.65799
20.093,0.62733
19.418,0.64049
18.976,0.64896
17.979,0.67417
18.501,0.66328
19.169,0.6463
19.335,0.63854
17.312,0.68658
18.906,0.65396
20.776,0.61901
19.444,0.64026
18.791,0.65483
18.492,0.65899
19.933,0.6342
17.318,0.68188
18.842,0.65322
16.985,0.68997
18.879,0.64948
16.547,0.70166
17.674,0.68553
18.305,0.66638
17.581,0.67517
17.612,0.68191
17.612,0.66394
19.416,0.64551
17.126,0.67752
19.921,0.62554
17.785,0.65954
16.686,0.69047
16.883,0.67904
1.6843,1.3696
16.598,0.68712
16.813,0.68055
16.778,0.67939
16.216,0.69274
16.299,0.68833
16.006,0.69541
16.962,0.67482
17.469,0.66037
17.33,0.66186
17.174,0.66345
17.093,0.66356
16.852,0.67475
16.776,0.67469
23.233,0.53948
17.586,0.65751
16.859,0.66586
17.975,0.64383
17.571,0.64819
16.933,0.66366
16.56,0.66908
18.492,0.63106
17.163,0.65319
19.188,0.61293
17.127,0.64865
16.987,0.65768
17.195,0.64747
18.572,0.62401
18.644,0.62259
16.655,0.65251
17.092,0.64633
17.002,0.64546
19.245,0.60398
17.846,0.6264
18.362,0.61331
20.265,0.57789
18.542,0.61298
17.982,0.62342
18.41,0.60827
18.129,0.61687
19.753,0.58874
19.744,0.58696
19.425,0.58965
19.615,0.58423
18.012,0.61132
19.16,0.59026
18.907,0.59256
20.094,0.56909
18.16,0.59913
18.66,0.58876
18.699,0.58644
20.039,0.56276
20.255,0.5598
19.513,0.57017
20.036,0.56032
20.958,0.54344
21.614,0.53376
20.274,0.55517
20.671,0.54472
20.592,0.54567
20.575,0.54642
23.011,0.5143
19.863,0.55363
21.045,0.53351
20.243,0.54717
23.245,0.50315
20.879,0.53271
21.357,0.52567
21.295,0.5243
21.115,0.52854
20.699,0.53375
22.549,0.50715
20.284,0.53978
22.731,0.49842
21.989,0.50983
22.181,0.50324
22.181,0.50243
23.085,0.48847
22.47,0.49615
22.287,0.49909
21.794,0.50672
22.135,0.50257
22.479,0.49427
22.13,0.49984
23.144,0.48426
23.212,0.48465
22.707,0.48942
20.754,0.51727
20.096,0.52809
22.501,0.49016
22.276,0.49553
22.427,0.4904
22.065,0.49571
21.61,0.5022
23.024,0.4832
21.309,0.5058
21.686,0.49807
22.107,0.49333
1.9781,1.1547
23.408,0.47862
20.067,0.5191
22.28,0.49018
21.836,0.49427
20.19,0.51905
23.818,0.4685
22.96,0.48381
21.508,0.49884
21.314,0.50191
21.494,0.4981
21.637,0.49705
21.062,0.50387
20.978,0.50261
21.584,0.494
21.481,0.49458
21.867,0.49441
20.445,0.51003
20.552,0.50727
21.332,0.50181
21.686,0.49172
20.701,0.50524
18.84,0.5332
18.026,0.54682
18.038,0.54698
18.022,0.54625
18.742,0.53464
18.783,0.5309
18.859,0.52872
19.094,0.52605
19.314,0.52139
19.161,0.52342
19.009,0.52522
19.052,0.52346
20.154,0.50757
22.146,0.48463
20.585,0.50072
21.81,0.48851
22.324,0.48095
22.388,0.47991
22.538,0.4771
22.279,0.47978
22.008,0.48366
20.024,0.50548
21.55,0.48925
20.765,0.5015
21.359,0.49161
21.216,0.49352
20.374,0.50195
21.47,0.48838
21.097,0.49342
20.201,0.5042
22.651,0.47166
20.772,0.49788
20.225,0.50328
21.059,0.49334
21.35,0.4888
20.498,0.50149
19.479,0.50827
19.834,0.50305
19.466,0.5087
18.963,0.51443
21.74,0.47933
21.288,0.48756
20.894,0.49341
21.071,0.49105
20.631,0.49743
21.139,0.48721
19.428,0.50892
20.743,0.4936
18.643,0.5198
19.82,0.5073
20.01,0.50391
19.938,0.50101
20.166,0.49753
19.734,0.50435
20.923,0.4924
20.447,0.49899
19.325,0.50975
20.688,0.49411
18.31,0.53047
21.55,0.48135
18.482,0.52122
19.297,0.50737
18.73,0.51495
18.499,0.51941
18.531,0.51854
18.861,0.51318
18.815,0.51287
19.784,0.50536
17.933,0.52842
19.198,0.50823
20.071,0.49421
20.592,0.49264
17.316,0.538
20.9,0.4904
20.501,0.49391
21.283,0.48243
20.316,0.49693
21.918,0.47286
20.748,0.48939
19.979,0.49975
18.446,0.51658
18.157,0.52217
19.602,0.50431
18.332,0.51784
17.411,0.5357
19.335,0.50891
17.541,0.53089
19.563,0.50523
20.078,0.49726
19.805,0.50114
19.612,0.5044
20.451,0.49228
2.1084,1.0867
20.28,0.49575
20.689,0.4891
17.633,0.53207
18.42,0.51507
18.898,0.50857
18.406,0.51606
18.278,0.51819
18.534,0.51335
18.737,0.51194
18.054,0.52108
18.582,0.51355
2.3124,1.0624
17.241,0.53561
17.057,0.53907
17.05,0.53882
18.906,0.50999
19.798,0.49598
17.827,0.52726
20.33,0.49228
17.403,0.53392
18.596,0.51048
17.445,0.53169
16.912,0.53753
17.797,0.52289
17.486,0.53126
16.87,0.54003
18.562,0.51329
18.552,0.51445
19.611,0.50015
19.431,0.5038
17.537,0.53367
18.889,0.51057
19.338,0.50355
18.234,0.51633
18.618,0.5176
18.222,0.51724
20.349,0.49106
19.107,0.50718
20.178,0.49081
20.265,0.48981
20.035,0.49336
20.332,0.48963
19.546,0.50238
20.436,0.48962
20.524,0.4873
20.53,0.48735
20.37,0.48937
20.487,0.48655
20.581,0.4861
20.387,0.48832
20.069,0.49384
18.463,0.51103
18.472,0.51268
18.277,0.51103
19.516,0.49652
17.713,0.52256
17.893,0.52305
18.219,0.51731
18.691,0.50969
18.972,0.50427
18.764,0.51033
18.255,0.52021
18.657,0.51372
18.304,0.51524
18.538,0.51117
17.937,0.51835
20.182,0.49308
18.36,0.51531
17.829,0.52265
18.037,0.51893
18.871,0.50542
17.483,0.52831
18.395,0.51319
20.215,0.4895
18.291,0.51416
18.107,0.51405
17.435,0.52677
19.438,0.50278
18.356,0.51229
19.45,0.50123
18.48,0.50997
18.035,0.51676
17.551,0.52485
18.226,0.51234
2.0472,1.08
19.372,0.50098
19.752,0.4947
18.462,0.50755
17.175,0.52876
17.448,0.52389
17.146,0.52912
19.192,0.50421
17.254,0.53
18.979,0.50637
16.702,0.53731
17.262,0.52804
17.472,0.52354
18.16,0.51332
18.071,0.51465
19.028,0.50363
18.44,0.5122
18.842,0.50734
18.139,0.51407
18.289,0.51682
18.92,0.50653
19.033,0.50492
18.87,0.50695
18.532,0.51287
18.789,0.50818
18.819,0.50674
18.093,0.52022
17.997,0.51566
16.659,0.53864
16.646,0.53832
18.019,0.51533
18.133,0.51354
16.841,0.53532
17.938,0.51737
17.825,0.51843
19.228,0.50278
16.437,0.54596
17.569,0.524
17.894,0.52182
18.218,0.51079
17.794,0.51985
19.477,0.49918
17.482,0.52245
17.863,0.51856
18.359,0.51164
18.291,0.51701
19.188,0.5029
17.631,0.52055
16.178,0.54616
17.108,0.52897
16.879,0.53388
16.397,0.54165
16.85,0.53786
18.495,0.50783
18.337,0.51053
18.111,0.51452
19.08,0.50448
18.95,0.50601
19.133,0.50451
19.264,0.50139
19.164,0.50356
20.365,0.48474
19.253,0.50185
16.919,0.5337
17.552,0.52375
16.909,0.53535
17.62,0.52271
18.832,0.50803
19.152,0.5024
18.666,0.50933
18.483,0.51307
19.055,0.50283
18.888,0.50467
17.611,0.52107
18.977,0.50312
15.692,0.55346
16.618,0.53714
16.57,0.53779
17.43,0.52472
16.988,0.53111
17.355,0.52646
17.044,0.52972
17.406,0.52499
17.316,0.52578
16.906,0.53297
17.207,0.52668
17.413,0.52571
16.706,0.53545
16.695,0.53599
16.559,0.53853
16.672,0.53684
16.888,0.53294
16.831,0.53217
16.649,0.53664
16.981,0.53215
16.748,0.53457
16.866,0.53364
17.324,0.52461
17.074,0.53541
16.71,0.53889
16.136,0.54684
16.357,0.54161
16.88,0.532
17.06,0.52878
18.318,0.51528
16.901,0.53268
17.057,0.53188
17.171,0.52989
18.783,0.50859
18.462,0.51292
17.077,0.53142
17.784,0.5215
18.363,0.51133
17.561,0.52549
19.021,0.50376
16.635,0.53698
19.17,0.5008
17.344,0.52348
16.046,0.54757
18.545,0.51048
16.408,0.54071
17.503,0.52564
17.324,0.52384
17.4,0.52372
16.785,0.53398
17.24,0.52788
17.789,0.51741
17.408,0.52482
17.313,0.52596
17.371,0.52527
17.075,0.52985
19.051,0.50377
16.461,0.53926
19.706,0.49311
16.447,0.5405
18.82,0.5068
17.155,0.52714
16.742,0.53543
17.047,0.53003
17.225,0.5263
17.212,0.52621
17.135,0.52784
16.817,0.53398
15.798,0.55255
16.271,0.54285
16.503,0.53852
17.037,0.52881
17.54,0.52245
16.941,0.53214
16.806,0.53376
16.874,0.53296
16.695,0.53638
16.895,0.53241
16.761,0.53503
18.789,0.50496
17.179,0.527
16.123,0.54621
18.847,0.50471
17.129,0.52779
17.847,0.52272
17.242,0.52602
17.378,0.52459
17.96,0.51913
18.061,0.51759
17.723,0.52096
17.734,0.51945
17.763,0.51788
17.722,0.52024
17.53,0.52377
17.688,0.51948
17.824,0.51643
17.959,0.51406
17.273,0.52457
17.049,0.52976
17.087,0.52918
17.096,0.52901
16.806,0.53376
17.762,0.51733
18.362,0.51249
18.593,0.50902
19.067,0.50235
18.93,0.50411
17.268,0.52595
17.494,0.52128
17.031,0.52731
17.257,0.5243
16.893,0.53169
16.463,0.53865
16.977,0.53116
17.007,0.52976
16.518,0.53772
16.489,0.539
16.617,0.53643
16.711,0.53448
16.849,0.53187
17.263,0.52589
17.743,0.51903
16.93,0.53056
17.636,0.52221
18.172,0.51394
17.906,0.51756
18.102,0.51578
17.503,0.52537
17.144,0.52612
16.943,0.53169
17.284,0.52342
16.818,0.53138
18.245,0.51402
16.224,0.54262
18.435,0.51064
16.592,0.53641
18.477,0.51013
18.45,0.51157
18.044,0.51818
18.181,0.51567
18.123,0.51684
18.26,0.51399
18.741,0.50595
18.602,0.509
17.789,0.51663
16.708,0.53503
17.077,0.52728
16.967,0.52995
17.054,0.52809
17.002,0.52853
1.786,1.1045
17.494,0.5207
17.469,0.52107
17.593,0.51906
16.778,0.53324
16.57,0.53729
16.792,0.53224
17.516,0.5195
16.335,0.53917
16.44,0.53845
16.04,0.54578
16.768,0.53236
17.489,0.52026
17.9,0.51901
17.477,0.52555
18.723,0.50471
17.607,0.5183
18.665,0.50633
17.214,0.52371
16.862,0.53262
16.67,0.53564
16.829,0.53308
16.602,0.53588
16.462,0.53809
16.736,0.53391
16.693,0.53411
16.841,0.53029
17.066,0.52634
16.778,0.53206
16.778,0.53211
18.33,0.50739
17.582,0.51783
17.819,0.51579
17.483,0.52134
17.507,0.52094
17.034,0.52828
17.407,0.52287
17.741,0.51706
17.622,0.51852
17.604,0.52309
17.204,0.5267
18.258,0.51162
17.256,0.52276
16.795,0.53088
17.094,0.52586
16.604,0.53393
16.623,0.53482
17.377,0.52114
16.689,0.53301
17.054,0.52802
17.489,0.52005
16.724,0.53179
16.514,0.53791
17.326,0.52295
17.254,0.52572
16.597,0.53667
17.362,0.52371
16.683,0.53363
17.011,0.52865
16.652,0.53556
16.369,0.53959
17.111,0.52672
17.481,0.52175
16.22,0.54286
16.955,0.52799
17.292,0.52496
17.113,0.52397
17.503,0.52055
17.125,0.52415
16.867,0.5298
15.826,0.54666
16.978,0.52745
16.88,0.52854
16.75,0.53059
16.48,0.5365
17.21,0.52282
16.898,0.52911
16.969,0.52753
17.196,0.52637
16.718,0.53383
15.917,0.54805
16.616,0.5362
16.802,0.53304
16.944,0.52924
1.7864,1.1024
16.373,0.53943
16.821,0.5307
1.783,1.1024
16.731,0.53309
16.694,0.53367
17.846,0.51492
17.965,0.51274
18.097,0.51036
17.924,0.51507
18.26,0.50856
18.154,0.50948
16.858,0.53381
17.872,0.51376
17.747,0.51601
17.241,0.52504
17.73,0.51891
17.306,0.5222
17.153,0.52373
17.343,0.52148
17.364,0.5215
17.331,0.52209
17.467,0.51793
17.376,0.5223
17.518,0.51931
17.425,0.52059
17.417,0.5207
17.275,0.52389
17.336,0.52302
18.544,0.50813
17.14,0.52669
17.229,0.52509
16.82,0.53166
17.323,0.52318
16.844,0.53134
16.635,0.53389
17.121,0.52567
16.764,0.53166
16.603,0.53357
16.582,0.53446
17.014,0.52683
16.413,0.53834
16.891,0.52951
16.766,0.53056
17.354,0.52429
17.016,0.52769
16.679,0.53319
16.961,0.52879
17.069,0.52745
17.349,0.52169
17.128,0.52467
17.025,0.5259
17.601,0.52167
17.785,0.51493
16.526,0.53604
16.536,0.53478
16.518,0.53501
17.262,0.5236
15.759,0.54875
16.654,0.53389
16.218,0.54122
16.771,0.532
16.126,0.54247
16.715,0.53225
1.6057,1.1254
16.414,0.53817
17.369,0.52305
17.027,0.52608
16.581,0.53565
17.008,0.52785
16.949,0.52908
15.465,0.5557
16.129,0.54452
17.686,0.51669
16.781,0.53218
16.948,0.52929
16.993,0.52809
16.812,0.53215
17.209,0.52356
17.702,0.51603
17.505,0.52126
16.615,0.53313
16.596,0.53412
16.801,0.53222
17.411,0.52257
17.735,0.52068
18.52,0.50755
17.181,0.52953
18.516,0.50839
15.902,0.5466
5.3074,0.83705
17.236,0.52651
16.729,0.53119
16.585,0.53405
16.415,0.5372
17.04,0.52648
17.204,0.52382
16.696,0.53164
17.416,0.52006
16.39,0.5378
17.078,0.52647
17.135,0.52563
17.696,0.51632
16.871,0.52967
17.064,0.52548
16.839,0.52878
17.043,0.52632
17.656,0.51699
16.474,0.53586
17.305,0.52535
16.293,0.54026
17.011,0.52812
16.564,0.53538
16.965,0.52708
17.255,0.51991
16.936,0.52776
15.715,0.54928
17.589,0.5201
17.801,0.51623
16.967,0.52736
17.585,0.52037
17.372,0.52501
17.431,0.5193
17.15,0.52455
17.888,0.51534
18.019,0.51303
16.507,0.53561
17.137,0.52821
17.294,0.52357
17.095,0.52597
16.948,0.52831
17.167,0.5246
17.452,0.52333
17.558,0.52136
16.187,0.54175
16.026,0.54386
18.365,0.50972
16.368,0.53776
16.808,0.52958
18.043,0.51215
17.469,0.51745
17.237,0.52212
16.525,0.53471
17.656,0.51719
16.422,0.5373
16.859,0.53038
18.413,0.50894
16.34,0.53838
17.111,0.52557
17.203,0.52402
17.943,0.51166
17.232,0.52302
16.98,0.52731
17.862,0.51288
18.027,0.51077
17.141,0.52421
17.396,0.52053
18.257,0.50846
17.191,0.52361
17.176,0.52358
17.758,0.51667
17.548,0.51869
16.971,0.52864
17.147,0.52431
16.455,0.53665
16.387,0.53805
16.26,0.54027
17.095,0.52486
16.285,0.54048
16.487,0.5371
16.542,0.53514
16.097,0.54217
16.663,0.53662
17.707,0.52036
15.911,0.54659
15.696,0.54947
16.283,0.53971
15.695,0.54949
16.783,0.53049
16.987,0.52792
16.636,0.53506
16.929,0.52837
16.442,0.53772
16.728,0.53141
16.48,0.53662
18.506,0.50756
17.774,0.51409
17.093,0.5252
16.94,0.52818
17.232,0.52383
17.258,0.52213
16.907,0.52805
16.291,0.53801
16.854,0.52878
16.623,0.53201
16.822,0.5303
16.95,0.52701
18.178,0.51121
19.122,0.49792
19.277,0.49531
18.679,0.5043
18.143,0.51384
17.903,0.51791
18.294,0.5111
16.238,0.54037
18.106,0.5129
16.817,0.52903
17.317,0.52352
17.446,0.52019
18.107,0.51345
17.844,0.51045
18.293,0.50389
17.321,0.52136
16.902,0.52746
17.058,0.52677
18.71,0.50361
17.937,0.5157
16.503,0.53561
18.582,0.50603
18.582,0.50684
18.266,0.51127
18.26,0.51104
17.573,0.51657
16.87,0.52731
17.02,0.52557
18.399,0.50934
17.221,0.52277
18.799,0.50344
16.998,0.52688
17.117,0.52436
18.257,0.5109
16.982,0.52757
17.328,0.52427
16.962,0.52779
16.95,0.52722
17.068,0.52577
18.151,0.51315
18.317,0.51093
17.899,0.51833
17.067,0.52672
16.914,0.52886
17.028,0.52705
18.265,0.51265
17.073,0.52622
16.896,0.53017
17.106,0.52483
17.085,0.52435
16.578,0.53472
16.834,0.52918
17.77,0.51405
17.6,0.51702
16.904,0.52796
17.045,0.52564
17.73,0.51556
17.024,0.52676
17.563,0.52092
16.572,0.53568
17.393,0.51923
16.716,0.53148
17.151,0.52462
16.786,0.53072
16.679,0.53255
17.42,0.52003
17.182,0.52459
17.259,0.52225
17.231,0.52285
16.851,0.5298
17.053,0.52622
16.889,0.52879
17.514,0.52219
17.332,0.52129
16.705,0.53235
17.311,0.52218
17.046,0.5257
17.153,0.52325
17.57,0.51753
16.614,0.53312
17.276,0.52129
17.054,0.52591
17.286,0.52287
17.028,0.52838
17.122,0.52625
17.326,0.52084
17.025,0.52557
16.859,0.52804
16.711,0.53081
16.907,0.52665
15.808,0.54622
17.116,0.52429
17.343,0.52423
16.78,0.53081
15.908,0.54543
17.48,0.52149
18.616,0.5052
17.007,0.52574
16.979,0.52586
19.146,0.4967
16.689,0.53117
17.185,0.52314
16.986,0.52667
16.501,0.53496
16.475,0.53487
17.183,0.52407
16.513,0.53446
16.692,0.53257
16.697,0.5322
17.347,0.52117
17.243,0.52128
17.773,0.51366
16.954,0.52469
17.42,0.51897
18.754,0.50203
16.502,0.5346
16.371,0.53732
16.601,0.53411
18.309,0.51046
17.688,0.52044
17.958,0.51503
17.306,0.52166
17.142,0.52328
16.884,0.52682
17.109,0.52485
17.144,0.52374
16.533,0.5332
16.507,0.53424
16.11,0.54633
16.71,0.53015
17.511,0.51724
16.344,0.53771
17.508,0.51859
17.183,0.52353
16.097,0.54189
16.188,0.53992
16.33,0.53788
16.272,0.53971
16.347,0.5383
15.94,0.54546
16.103,0.54228
16.089,0.54204
16.72,0.53142
16.377,0.53853
16.934,0.5292
17.123,0.52509
16.699,0.53166
16.689,0.53236
17.895,0.51487
16.632,0.53248
17.06,0.5261
17.351,0.52065
16.62,0.53285
16.245,0.53979
17.538,0.52021
17.559,0.5212
17.488,0.52122
16.836,0.52944
17.423,0.51885
17.428,0.51941
16.975,0.52729
16.837,0.52914
16.879,0.52781
17.303,0.5214
16.688,0.53249
16.619,0.53317
19.28,0.49544
1.5562,1.1314
16.908,0.52741
17.221,0.52515
17.661,0.51785
17.626,0.51914
17.456,0.52161
17.661,0.519
16.889,0.53144
17.142,0.52792
16.909,0.53168
17.81,0.51629
1.9296,1.0819
16.877,0.53167
17.205,0.52645
17.511,0.51721
17.79,0.51304
16.917,0.52768
17.485,0.51873
17.339,0.52187
18.626,0.50446
16.886,0.52882
17.75,0.51933
17.986,0.51525
18.231,0.51181
18.394,0.50839
16.758,0.53119
17.448,0.51804
16.889,0.52683
16.681,0.53084
16.545,0.53461
16.996,0.52586
17.214,0.52359
16.672,0.53245
17.547,0.51761
16.998,0.527
17.381,0.52066
17.154,0.52386
16.708,0.53146
17.498,0.51767
16.706,0.52951
15.769,0.54648
16.423,0.53503
17.179,0.52274
16.736,0.53032
16.245,0.53946
17.099,0.52554
16.592,0.53311
16.506,0.53486
17.696,0.51829
16.53,0.5345
17.717,0.51461
17.13,0.5228
16.925,0.52689
17.143,0.52261
18.686,0.50474
18.462,0.50731
18.475,0.50741
18.825,0.50211
17.288,0.52473
16.494,0.53544
18.142,0.51161
17.018,0.52588
16.736,0.53174
16.999,0.52697
16.713,0.53406
17.311,0.51937
18.211,0.5087
17.236,0.52152
17.516,0.5173
17.3,0.52112
17.413,0.51856
17.794,0.51281
16.795,0.52924
16.789,0.52921
17.559,0.5157
17.141,0.52398
17.681,0.51986
18.359,0.50819
16.671,0.53165
16.837,0.52882
16.56,0.53282
16.759,0.53024
17.229,0.525
16.472,0.53501
16.731,0.53029
16.631,0.53155
16.194,0.53942
16.284,0.53892
16.718,0.52968
16.027,0.54214
16.168,0.5404
16.666,0.53113
16.263,0.53931
16.801,0.52941
16.853,0.52871
15.67,0.54803
15.306,0.55525
15.691,0.54773
16.612,0.53335
17.23,0.52259
17.169,0.5216
17.152,0.52326
17.201,0.52021
17.527,0.51572
17.717,0.51409
17.066,0.52505
16.917,0.52818
17.023,0.52863
16.942,0.52667
17.591,0.51591
16.785,0.52898
16.669,0.53158
17.302,0.51986
17.608,0.51543
18.215,0.51001
18.743,0.50248
16.534,0.53314
16.791,0.52852
15.662,0.54786
16.739,0.52982
17.57,0.51572
16.876,0.52694
16.934,0.52505
15.97,0.54116
16.366,0.53456
15.528,0.55099
16.107,0.53988
16.039,0.54088
16.595,0.53126
18.105,0.51062
15.874,0.54445
15.922,0.54314
16.6,0.531
16.097,0.53925
17.198,0.52032
16.455,0.53175
15.924,0.54031
16.515,0.53008
16.599,0.52896
17.144,0.51983
17.87,0.50781
16.843,0.52397
17.332,0.51604
16.893,0.52351
18.294,0.50677
1.8773,1.0825
16.944,0.52391
16.809,0.52603
17.065,0.52118
16.894,0.52244
16.607,0.52617
16.938,0.52432
16.45,0.52828
16.683,0.52464
16.546,0.52801
16.757,0.52471
16.298,0.53208
17.309,0.51997
16.575,0.52688
16.554,0.52631
16.567,0.52716
16.673,0.52444
16.7,0.52472
16.571,0.52561
16.473,0.5284
16.327,0.52915
16.386,0.52776
16.812,0.52256
16.497,0.52431
16.522,0.52343
15.981,0.53295
15.71,0.53762
15.68,0.5379
15.109,0.54792
15.111,0.54697
15.34,0.54179
15.596,0.53853
14.97,0.54954
1.8525,1.0698
15.228,0.54449
14.769,0.55342
15.66,0.53651
15.672,0.53576
15.045,0.54641
15.834,0.53209
15.12,0.54568
15.444,0.53857
15.337,0.54004
15.671,0.53358
15.489,0.5369
15.465,0.53715
15.506,0.53577
15.069,0.54315
15.294,0.53949
15.819,0.52842
16.003,0.52589
15.886,0.52705
15.633,0.53106
14.978,0.54287
15.652,0.52988
17.045,0.51195
16.951,0.51282
16.54,0.51932
16.069,0.52111
15.527,0.53022
17.031,0.50906
15.207,0.53453
15.399,0.5304
15.695,0.52432
15.683,0.52338
15.757,0.52226
16.001,0.51845
15.251,0.53077
15.607,0.52361
15.307,0.52656
15.139,0.52966
14.878,0.53544
14.792,0.53415
15.051,0.53051
14.959,0.53186
14.612,0.53761
14.777,0.53488
14.946,0.53179
14.947,0.53217
14.776,0.53354
14.508,0.53915
14.561,0.53612
14.44,0.53938
14.725,0.53482
15.139,0.52665
14.913,0.52869
14.905,0.52804
15.682,0.51453
14.989,0.52722
14.762,0.52941
14.473,0.53218
15.679,0.5163
14.838,0.52664
14.764,0.52702
15.154,0.51841
15.027,0.52026
15.181,0.51778
14.369,0.52974
14.08,0.53596
14.195,0.53291
15.662,0.51173
15.518,0.51328
14.906,0.52369
2.142,0.98685
15.128,0.51925
14.784,0.52319
13.763,0.5379
14.514,0.52685
14.174,0.52857
14.442,0.52612
14.116,0.53184
13.718,0.53457
14.208,0.52887
13.65,0.53673
14,0.5319
14.007,0.53048
13.941,0.53194
13.457,0.53894
13.395,0.53975
13.786,0.53075
13.294,0.53934
13.505,0.53464
13.519,0.53485
13.505,0.53409
14.303,0.52247
13.396,0.53543
12.988,0.54286
14.753,0.51386
13.269,0.53523
13.567,0.52962
12.791,0.54423
13.529,0.53093
13.57,0.52985
12.827,0.54079
13.215,0.53293
13.365,0.53083
13.083,0.53449
13.848,0.52399
13.868,0.52181
13.818,0.52326
12.779,0.53915
13.333,0.52718
13.597,0.52294
12.946,0.53556
13.365,0.52681
14.708,0.50579
14.637,0.50699
14.524,0.50891
14.41,0.50997
14.305,0.5115
14.211,0.51306
14.282,0.51072
14.253,0.51105
12.829,0.53271
13.706,0.52076
14.051,0.5136
14.012,0.51365
12.919,0.52873
13.075,0.52539
13.367,0.52272
12.131,0.54393
12.862,0.52883
12.544,0.53454
12.399,0.53711
12.239,0.53947
11.923,0.5464
13.018,0.52767
13.315,0.51789
13.3,0.5173
12.625,0.52818
11.877,0.54284
12.994,0.52154
12.718,0.5261
12.553,0.52873
13.56,0.51394
12.255,0.5327
14.01,0.50438
12.87,0.52056
12.52,0.52641
12.111,0.53448
12.194,0.53259
12.136,0.53413
12.266,0.53079
13.693,0.5075
12.249,0.53059
13.333,0.51329
13.902,0.50256
13.46,0.50946
13.263,0.51363
12.496,0.52275
13.463,0.50905
13.121,0.51523
13.206,0.51307
12.749,0.51918
13.411,0.50915
13.262,0.51212
12.927,0.51887
12.938,0.516
13.413,0.50659
12.894,0.51601
12.905,0.51562
12.23,0.52542
12.907,0.51512
13.421,0.50476
13.017,0.51248
13.536,0.50269
12.42,0.51916
12.148,0.52415
12.103,0.52516
12.365,0.52114
13.286,0.50626
13.013,0.51033
13.139,0.50706
13.175,0.50626
12.891,0.51048
13.197,0.50402
12.951,0.50863
12.08,0.51965
11.746,0.5273
11.875,0.52414
12.485,0.51615
12.235,0.51968
12.838,0.5088
12.205,0.51953
12.266,0.51762
12.107,0.52017
12.175,0.51928
12.734,0.50934
12.144,0.51896
11.244,0.53179
11.112,0.53338
11.932,0.52035
11.747,0.52358
12.024,0.51782
11.441,0.52634
11.682,0.52257
2.0567,0.9105
11.522,0.5253
11.414,0.52448
11.311,0.52561
11.216,0.52883
11.784,0.51738
12.158,0.51037
12.648,0.50222
12.19,0.51085
11.275,0.52618
12.236,0.50957
12.359,0.50677
12.316,0.50721
12.072,0.51113
12.506,0.50359
11.894,0.51429
11.976,0.51103
12.065,0.51107
12.153,0.50799
12.202,0.50676
2.0309,0.90264
12.113,0.50552
11.864,0.51237
11.988,0.50982
12.086,0.50766
11.786,0.51333
12.062,0.50677
11.996,0.50825
11.745,0.51233
12.209,0.50058
12.598,0.49509
12.341,0.49717
10.726,0.52415
12.757,0.48849
12.151,0.49986
13.218,0.48221
12.277,0.49824
12.21,0.49686
10.771,0.52259
11.922,0.50439
11.664,0.50753
11.22,0.51379
11.151,0.5145
11.307,0.5095
11.249,0.51013
11.452,0.50677
11.238,0.5101
11.183,0.51007
11.451,0.50552
11.501,0.50436
11.103,0.50874
1.9765,0.89167
12.139,0.49071
11.131,0.50684
10.838,0.51148
1.9485,0.8923
2.0031,0.89131
11.851,0.49358
12.57,0.48208
10.77,0.512
11.999,0.48993
11.157,0.50359
10.999,0.50569
11.542,0.49582
10.966,0.5051
12.362,0.48306
12.269,0.48349
12.406,0.48097
12.508,0.47901
12.596,0.47622
12.307,0.48186
12.251,0.4823
12.332,0.4815
12.007,0.48825
12.243,0.48219
12.369,0.48036
12.274,0.48139
11.269,0.49485
11.13,0.49704
10.694,0.5062
10.903,0.5022
10.752,0.50375
10.689,0.50421
10.622,0.50577
10.911,0.49907
10.658,0.50373
10.563,0.50414
10.803,0.50035
11.334,0.49094
10.707,0.50247
9.845,0.51818
9.9331,0.51502
10.359,0.50778
9.814,0.51759
9.9627,0.51473
10.575,0.50311
9.9868,0.51464
10.287,0.50855
10.289,0.50751
10.569,0.50089
10.41,0.50329
10.65,0.49673
10.367,0.50298
10.674,0.4961
10.49,0.49843
10.73,0.49397
11.314,0.48429
10.244,0.50352
10.406,0.50051
10.491,0.4986
11.184,0.48537
10.354,0.50136
11.521,0.47909
11.116,0.48655
10.453,0.49636
11.455,0.48034
11.308,0.48361
11.39,0.48351
11.502,0.48068
11.504,0.4804
11.464,0.48113
11.444,0.48136
11.614,0.47705
11.623,0.47505
10.719,0.4902
11.462,0.47902
10.908,0.48689
11.287,0.47779
10.547,0.49313
11.655,0.47304
10.502,0.49356
10.261,0.49921
11.907,0.46911
11.923,0.47
11.75,0.47215
3.8158,0.73079
12.018,0.46666
12.05,0.46496
11.611,0.47275
11.892,0.46645
11.85,0.46699
11.782,0.46783
11.744,0.46908
11.601,0.47154
11.58,0.47096
11.503,0.47293
11.537,0.47248
11.676,0.47081
11.765,0.46883
9.7844,0.50534
10.243,0.49652
10.286,0.49494
10.234,0.49673
10.312,0.49379
10.422,0.49208
10.291,0.49546
10.378,0.49377
10.433,0.49094
10.337,0.49279
10.194,0.49645
10.139,0.49635
1.3763,0.93541
10.958,0.47831
12.102,0.45839
10.504,0.48644
10.799,0.48058
12.174,0.45853
10.532,0.48753
12.026,0.4616
12.153,0.459
12.162,0.45771
11.838,0.46445
11.8,0.4658
11.547,0.46962
9.8362,0.50118
10.413,0.48881
11.024,0.47645
11.608,0.46676
11.9,0.46233
10.452,0.4912
10.289,0.49543
11.608,0.47194
12.047,0.46343
10.384,0.49218
11.963,0.46311
1.5932,0.90822
11.112,0.47527
12.105,0.45738
11.956,0.46064
11.017,0.47582
10.823,0.48021
10.828,0.48055
11.825,0.46335
12.182,0.45745
10.336,0.49226
11.721,0.46769
11.968,0.46127
12.119,0.45838
10.717,0.48007
12.303,0.45403
12.067,0.45861
10.915,0.47709
11.113,0.47229
10.683,0.47929
11.059,0.47358
12.176,0.45465
12.356,0.4523
12.399,0.45169
12.121,0.45707
11.132,0.47425
11.361,0.46935
12.987,0.44364
10.635,0.48259
11.256,0.47056
11.126,0.47333
12.354,0.45292
11.074,0.47434
12.448,0.45089
12.426,0.45026
12.462,0.44918
12.611,0.44746
10.99,0.47193
11.232,0.47032
10.803,0.47948
10.986,0.47682
10.794,0.4818
11.182,0.47517
10.972,0.47686
10.453,0.48863
12.119,0.45833
10.969,0.4777
10.661,0.4824
11.315,0.47006
11.19,0.47065
10.946,0.47578
1.357,0.93885
10.476,0.48638
10.534,0.48508
10.828,0.47838
10.414,0.48785
10.639,0.48271
10.63,0.4829
10.61,0.48373
10.512,0.48585
10.579,0.48458
10.569,0.48259
10.637,0.48063
10.779,0.47747
10.657,0.47897
10.67,0.47867
10.732,0.47673
10.676,0.47797
10.515,0.48171
11.374,0.46733
11.034,0.47397
10.716,0.47919
10.543,0.48453
11.071,0.47641
11.606,0.46368
11.164,0.47303
10.755,0.479
11.512,0.46546
11.474,0.46525
10.706,0.47945
11.537,0.46402
10.815,0.47617
3.2294,0.75547
11.329,0.4686
11.293,0.47015
10.837,0.47756
10.576,0.48402
10.375,0.48801
10.41,0.48809
10.536,0.48443
10.419,0.48698
10.354,0.4875
10.679,0.48007
11.228,0.47116
10.475,0.48404
11.096,0.47404
11.203,0.47175
10.231,0.48955
11.258,0.46995
11.265,0.46976
11.244,0.46934
11.034,0.47129
11.027,0.47189
10.713,0.47998
10.729,0.47958
10.691,0.48074
10.773,0.47848
10.331,0.48825
10.781,0.47823
10.443,0.48591
10.612,0.4833
10.686,0.48099
10.583,0.48237
10.514,0.48392
10.309,0.4878
10.553,0.48284
10.438,0.48485
10.424,0.48551
10.83,0.47651
10.725,0.47885
10.759,0.47765
11.227,0.46992
11.063,0.47433
11.043,0.47572
11.52,0.46532
11.161,0.47222
11.089,0.47484
11.704,0.46468
11.487,0.46473
10.729,0.47854
10.487,0.48622
11.819,0.46065
10.773,0.478
10.781,0.47827
10.962,0.47438
10.557,0.48199
10.802,0.47746
10.656,0.48092
10.681,0.48124
10.572,0.48328
10.754,0.48001
10.464,0.48543
11.078,0.47479
10.938,0.47691
11.247,0.47031
9.2229,0.51726
10.515,0.48466
10.504,0.48471
10.353,0.4889
1.2392,0.95849
11.328,0.46831
10.787,0.48132
10.701,0.47965
10.446,0.48299
1.2867,0.9503
10.292,0.48823
10.651,0.48187
10.987,0.47283
10.913,0.47589
10.723,0.47999
10.697,0.47996
10.532,0.48392
10.57,0.48388
10.671,0.48021
10.751,0.47986
10.59,0.48176
10.566,0.4825
11.164,0.47087
10.546,0.48339
10.73,0.47622
10.217,0.48838
11.136,0.47202
11.374,0.46885
10.256,0.48742
11.187,0.47176
11.015,0.47514
11.243,0.4703
11.277,0.46941
10.889,0.47781
11.169,0.47184
10.112,0.49557
9.9637,0.49245
10.289,0.49013
10.392,0.48268
10.315,0.48435
11.392,0.46375
10.678,0.47711
10.228,0.4877
10.686,0.47995
10.38,0.48632
10.923,0.47414
9.9639,0.49654
10.526,0.48281
11.573,0.46312
11.657,0.46073
11.51,0.46361
9.79,0.50141
11.395,0.46244
11.321,0.46397
11.356,0.46305
11.465,0.46167
11.397,0.46293
10.353,0.48028
9.8548,0.49968
9.8953,0.49983
11.11,0.4734
11.718,0.46032
11.015,0.47462
10.763,0.47925
11.232,0.46984
10.815,0.47793
11.641,0.46119
11.017,0.47218
11.029,0.47133
11.199,0.46749
10.958,0.47208
11.398,0.46634
10.917,0.47482
11.165,0.46994
11.062,0.47216
11.127,0.47014
9.9354,0.49791
11.049,0.4714
10.914,0.47408
10.596,0.48111
10.366,0.48269
10.604,0.47884
10.581,0.48156
11.081,0.4711
11.187,0.472
10.948,0.4759
11.399,0.46801
10.159,0.49589
10.32,0.49235
10.404,0.48295
11.099,0.4722
10.634,0.48032
10.944,0.47315
11.325,0.46524
11.2,0.46713
10.425,0.48303
11.411,0.46581
11.059,0.47382
11.216,0.47031
10.57,0.48358
11.106,0.47144
11.14,0.47081
11.005,0.47475
11.175,0.47064
10.746,0.47976
11.24,0.47021
11.436,0.46697
11.026,0.47416
11.177,0.4694
10.108,0.48775
11.621,0.45909
11.049,0.47132
10.894,0.47507
11.355,0.46408
11.479,0.4618
11.612,0.46034
11.377,0.46467
11.252,0.46805
11.086,0.47288
11.119,0.47046
10.481,0.48684
9.9427,0.49927
9.8862,0.49745
11.085,0.46917
10.115,0.49478
11.175,0.47091
11.313,0.46799
10.324,0.4917
11.651,0.46098
11.228,0.46938
11.2,0.46966
11.426,0.4644
10.613,0.48005
10.952,0.47292
11.302,0.46748
10.772,0.47597
10.728,0.47676
10.823,0.47551
11.28,0.46833
10.658,0.47952
11.381,0.46495
10.304,0.48545
10.115,0.48868
10.602,0.48075
10.306,0.48407
10.046,0.49097
11.206,0.46863
11.23,0.46904
11.19,0.46925
10.317,0.48727
10.192,0.49007
10.575,0.48012
10.28,0.48575
10.459,0.48357
10.581,0.47946
10.668,0.47892
9.8839,0.49397
10.271,0.48615
10.884,0.47666
9.852,0.49703
10.897,0.47692
10.629,0.48257
10.378,0.48852
1.1751,0.97119
10.547,0.48442
10.831,0.47706
10.229,0.49044
9.9438,0.49392
10.626,0.47833
10.953,0.47346
11.056,0.47406
10.752,0.47858
10.935,0.47646
11.296,0.4665
11.071,0.47382
11.171,0.47201
11.264,0.46842
11.295,0.46722
10.604,0.48208
11.187,0.47123
11.152,0.46894
10.873,0.47601
11.091,0.47141
10.556,0.48477
10.762,0.47968
1.2082,0.96476
10.914,0.475
10.729,0.47915
10.844,0.47579
10.767,0.47775
11.026,0.47123
10.87,0.47496
9.8413,0.50004
10.841,0.47616
10.991,0.47254
10.164,0.49334
10.668,0.4799
10.749,0.4798
10.361,0.48743
11.002,0.47142
10.839,0.47758
10.33,0.48629
10.264,0.48785
10.539,0.48482
9.7959,0.49483
10.198,0.48735
9.8646,0.49494
9.9852,0.49426
9.7558,0.49979
9.8935,0.49732
10.061,0.49189
9.9228,0.49468
10.137,0.48948
9.1545,0.51333
9.273,0.51156
9.3552,0.50924
11.688,0.45829
9.8135,0.50157
9.7802,0.50322
11.164,0.46987
10.984,0.4732
9.8999,0.49978
9.7698,0.50251
10.938,0.47495
9.6967,0.50498
10.45,0.48618
10.884,0.47542
11.071,0.47074
11.378,0.4659
11.239,0.4681
11.077,0.47068
11.107,0.46989
11.25,0.46653
11.071,0.47105
11.223,0.46891
11.045,0.47265
10.967,0.47347
10.866,0.4763
10.627,0.48239
10.847,0.47649
10.117,0.48692
10.785,0.47577
10.809,0.47368
10.728,0.47665
10.737,0.47927
10.948,0.47533
11.503,0.46543
11.095,0.47108
9.9839,0.49396
10.961,0.47397
10.922,0.47508
10.512,0.48322
10.815,0.4786
10.022,0.4946
10.802,0.4785
11.154,0.47022
10.708,0.47982
10.423,0.48317
9.9103,0.49414
10.838,0.47484
10.048,0.49264
10.336,0.48665
10.648,0.47899
10.441,0.48318
9.404,0.5049
9.5088,0.50237
9.3734,0.50507
10.963,0.47275
10.653,0.47973
9.8018,0.49634
9.988,0.49513
10.389,0.48728
10.076,0.49175
10.638,0.48093
10.267,0.48798
10.826,0.47743
9.6935,0.50196
9.6483,0.50281
10.212,0.48859
10.355,0.48435
9.5946,0.50292
10.696,0.48054
9.4505,0.5065
9.7771,0.49894
9.7395,0.50087
9.4952,0.50679
10.076,0.49164
9.72,0.50158
10.465,0.48342
10.584,0.48027
10.47,0.4833
10.006,0.49445
10.125,0.49141
10.573,0.48275
10.791,0.47733
9.4867,0.5051
10.947,0.47422
10.61,0.47909
10.197,0.4886
11.242,0.47074
10.074,0.49209
11.629,0.46269
10.81,0.47788
10.078,0.49244
11.908,0.45717
11,0.47609
11.035,0.47318
10.293,0.4908
11.256,0.469
11.476,0.4651
11.462,0.46464
11.274,0.46699
10.93,0.47156
11.528,0.45951
10.332,0.48245
10.835,0.47464
10.722,0.47768
10.063,0.4905
10.995,0.47159
10.993,0.47181
11.027,0.47169
10.935,0.47205
10.978,0.47119
11.323,0.46622
9.1364,0.51356
9.1829,0.51122
9.0694,0.51426
10.061,0.49028
11.284,0.4671
10.903,0.4757
10.018,0.49083
11.135,0.4705
10.367,0.48164
10.904,0.47616
1.422,0.92712
11.35,0.46719
10.966,0.47193
10.88,0.47612
10.863,0.47661
11.314,0.46512
11.433,0.46198
11.18,0.46784
10.811,0.47578
10.765,0.4757
11.036,0.46684
10.894,0.47465
10.584,0.48124
10.504,0.48185
9.4272,0.50637
9.7588,0.49597
10.519,0.48022
11.248,0.46995
10.269,0.4854
9.6244,0.50028
9.7591,0.49591
10.262,0.48515
9.7756,0.49563
10.579,0.47609
10.118,0.48689
9.886,0.49262
10.28,0.48423
11.272,0.46718
10.14,0.4889
10.16,0.4885
10.23,0.48633
10.961,0.47187
10.581,0.47914
10.632,0.47913
10.567,0.48058
10.552,0.48033
10.645,0.47996
10.452,0.4833
10.169,0.48903
10.236,0.48806
11.357,0.46818
11.476,0.46485
10.118,0.48938
11.604,0.46224
11.498,0.46491
11.365,0.46749
10.619,0.48481
9.6013,0.50146
11.176,0.47131
11.562,0.46256
9.915,0.49287
10.17,0.48771
9.4568,0.50403
9.4794,0.50348
9.2182,0.51035
9.9321,0.49442
9.7322,0.49884
10.1,0.48969
10.752,0.47813
10.985,0.47433
9.375,0.50699
9.6389,0.50046
10.044,0.4913
9.8347,0.4968
10.84,0.47791
10.369,0.48575
10.056,0.49186
9.9057,0.49609
10.206,0.48771
10.138,0.48874
11.053,0.47221
11.137,0.46991
11.125,0.46974
10.094,0.48844
10.728,0.47734
10.689,0.47777
10.465,0.48255
10.799,0.47649
10.533,0.48286
10.576,0.48108
10.314,0.48766
10.423,0.48571
10.471,0.48495
10.107,0.4934
10.216,0.49007
11.044,0.47269
10.911,0.47178
1.1659,0.9631
9.7665,0.49141
10.809,0.47345
11.158,0.46431
10.842,0.47254
10.435,0.47837
10.382,0.47987
9.6463,0.49913
10.81,0.47604
9.4109,0.50507
10.096,0.49332
10.749,0.47919
10.689,0.48075
10.164,0.48896
10.568,0.4824
10.022,0.49136
10.509,0.48294
10.604,0.48062
9.0837,0.51331
10.763,0.47623
10.779,0.47658
10.415,0.48568
9.6817,0.50227
9.7984,0.49172
10.937,0.4721
9.9831,0.48926
10.016,0.48948
9.596,0.5001
9.9085,0.49125
9.9162,0.49095
9.6503,0.502
9.911,0.49052
11.156,0.46874
9.9545,0.4905
10.665,0.47871
1.0867,0.97893
10.121,0.48367
11.012,0.47113
10.828,0.47327
10.853,0.47338
10.504,0.48203
9.9826,0.49066
9.9172,0.49613
9.97,0.4912
10.97,0.47497
9.9655,0.49264
9.9009,0.49327
10.272,0.4867
9.8988,0.49552
10.173,0.48802
10.453,0.48247
10.182,0.48674
10.033,0.48888
9.9307,0.49233
9.8302,0.49454
10.164,0.48769
1.1228,0.97663
9.8581,0.49577
9.842,0.49639
10.113,0.49122
9.6672,0.49918
10.128,0.49035
10.154,0.49231
9.9881,0.49288
10.428,0.48707
10.357,0.48388
10.255,0.48778
10.382,0.4871
10.17,0.48933
10.181,0.49014
10.781,0.47804
9.7244,0.49636
9.2792,0.50804
9.5771,0.5014
10.041,0.49418
9.6201,0.50348
9.3352,0.50759
10.121,0.48905
9.0621,0.51582
8.8547,0.52138
10.169,0.48631
8.6857,0.52486
9.0349,0.51603
10.279,0.48606
9.3405,0.51179
10.215,0.49011
10.027,0.49728
10.591,0.47977
10.482,0.48152
8.7081,0.52551
10.495,0.48119
10.002,0.49679
10.721,0.4795
9.9145,0.49864
10.05,0.49678
9.7102,0.49609
11.15,0.4706
10.686,0.4811
9.5108,0.5013
9.8464,0.49369
9.109,0.5114
10.096,0.49006
11.052,0.47109
10.073,0.49493
10.016,0.49709
10.03,0.49701
10.377,0.4875
9.9429,0.49038
9.4385,0.5061
9.6677,0.49769
9.7775,0.4951
10.147,0.49162
9.6349,0.49971
9.8332,0.49545
9.6925,0.49939
9.1518,0.51129
9.1061,0.513
9.4613,0.50369
9.4411,0.50388
10.537,0.4845
10.032,0.49098
11.041,0.47182
10.834,0.47672
10.526,0.48466
10.447,0.48203
10.504,0.48204
10.775,0.48024
10.732,0.48028
10.839,0.47757
10.656,0.48272
10.51,0.48374
10.325,0.48616
9.5297,0.50013
9.3268,0.50533
9.8069,0.49588
9.3589,0.50237
10.271,0.48445
9.7331,0.49507
10.152,0.48845
10.008,0.4926
10.155,0.48857
9.1299,0.51043
9.7702,0.49794
10.485,0.48472
10.678,0.47958
10.658,0.47972
10.617,0.48051
10.686,0.47914
10.505,0.4834
10.726,0.47879
10.65,0.48035
10.606,0.48175
10.585,0.48145
10.578,0.48225
10.59,0.48208
10.303,0.48438
10.405,0.4864
10.012,0.49144
10.673,0.4799
10.206,0.48611
10.571,0.48149
10.811,0.4771
10.011,0.49
10.38,0.4875
10.76,0.47894
9.3881,0.50498
10.524,0.48234
9.5097,0.50208
1.2043,0.96407
10.146,0.48856
10.053,0.49293
10.177,0.48624
10.037,0.49218
9.6655,0.4963
10.53,0.47713
10.415,0.48169
10.676,0.47338
10.166,0.48817
9.9012,0.49164
9.9243,0.49
10.918,0.47438
10.886,0.47544
10.664,0.48124
10.669,0.48051
10.633,0.48109
10.618,0.47988
10.65,0.48035
10.611,0.48116
10.577,0.48208
10.446,0.4859
10.673,0.48044
10.405,0.48194
10.083,0.48803
10.266,0.48546
10.364,0.48434
10.459,0.4806
9.1925,0.5126
10.118,0.48869
10.253,0.48591
9.4994,0.50519
9.3889,0.50733
9.2633,0.50563
9.0484,0.51419
10.323,0.48267
9.037,0.51497
10.323,0.48119
10.343,0.4815
9.1831,0.51146
8.7207,0.5204
9.0371,0.51637
9.1538,0.51357
9.5822,0.50371
9.2566,0.50921
9.2146,0.50978
10.513,0.47585
10.188,0.48624
9.6512,0.4989
9.9912,0.49127
10.791,0.47426
10.634,0.47826
10.61,0.47872
10.845,0.47292
10.366,0.48567
10.478,0.48237
9.1467,0.50773
9.5309,0.50007
10.269,0.48415
10.556,0.4766
9.6534,0.49446
9.9627,0.48603
10.304,0.48561
9.6205,0.49547
9.6788,0.49338
9.8236,0.48966
10.382,0.48287
10.326,0.48507
10.262,0.48632
10.307,0.48585
10.289,0.48609
9.4995,0.49953
10.493,0.48222
10.64,0.47877
9.9125,0.48838
9.7165,0.49221
9.6755,0.49243
9.5615,0.49422
9.5621,0.49308
9.8148,0.48574
9.6596,0.49061
10.097,0.48651
9.8256,0.48714
10.559,0.47593
10.282,0.48311
9.712,0.49774
10.008,0.49111
9.5506,0.50179
9.6029,0.4935
10.172,0.48488
10.207,0.48305
9.741,0.4905
10.065,0.48561
9.8897,0.48525
9.9881,0.48527
9.9145,0.48723
9.9924,0.48569
10.202,0.48031
10.039,0.488
9.7131,0.49691
9.855,0.49228
9.4747,0.49879
9.9772,0.48818
9.4794,0.49578
9.6485,0.49002
9.9122,0.48335
8.6942,0.51355
8.8877,0.50659
8.6979,0.51145
8.6761,0.5124
8.5839,0.51451
8.6395,0.51253
8.6429,0.51421
8.5786,0.51616
9.4777,0.49211
9.4395,0.49297
9.3692,0.49545
9.406,0.4924
9.4047,0.49339
9.3799,0.49117
9.1055,0.4976
8.3478,0.51873
9.3151,0.49103
9.8071,0.48564
9.6651,0.48785
9.5161,0.49194
9.5629,0.48491
9.7906,0.47608
8.9677,0.49744
9.0217,0.49452
9.7461,0.48182
9.6745,0.4789
9.1866,0.49053
9.3701,0.48935
9.0515,0.4944
9.1623,0.49196
9.0934,0.49263
9.5298,0.4854
9.0732,0.49215
9.2856,0.49073
9.3232,0.48351
0.93993,0.99196
9.2757,0.48875
9.069,0.49407
9.0108,0.49478
9.2427,0.48874
9.5341,0.48528
9.1105,0.49221
8.9782,0.49591
8.7673,0.50206
8.9243,0.50036
9.0452,0.49754
9.1356,0.4946
9.0239,0.49806
8.9446,0.49923
8.9422,0.49611
8.3254,0.50672
8.6107,0.49828
9.044,0.49219
8.9985,0.49213
9.0778,0.49052
8.9746,0.49243
8.6888,0.50005
8.6614,0.49961
8.6722,0.50028
3.3485,0.71882
8.8111,0.49548
8.8503,0.48891
8.921,0.48575
8.7023,0.49788
8.9514,0.48391
8.8152,0.48685
7.8125,0.52031
8.9708,0.483
8.8218,0.48748
8.5255,0.5007
8.5402,0.49644
8.8552,0.49387
8.3708,0.50183
8.3656,0.50224
8.4891,0.50019
8.5393,0.5015
8.1597,0.51181
8.3372,0.50549
8.386,0.50178
8.3162,0.50344
8.2337,0.50552
8.6844,0.49416
8.4567,0.494
8.2932,0.50342
8.1206,0.50982
8.3503,0.50197
8.1303,0.50382
8.1703,0.50251
8.0371,0.50616
8.245,0.49975
8.0839,0.50429
8.3321,0.50003
8.2391,0.50378
8.0215,0.50614
8.39,0.49874
8.1569,0.50663
8.4148,0.49758
8.3359,0.49961
8.9831,0.47979
8.379,0.49547
8.344,0.49656
8.0586,0.50504
7.6115,0.51642
7.4549,0.52216
7.762,0.51046
7.9057,0.50543
2.4123,0.77341
7.0287,0.53121
8.0989,0.4996
7.7386,0.51514
8.0944,0.5031
7.9769,0.50697
8.1739,0.50382
7.8066,0.51169
8.0792,0.50231
0.94723,0.96839
7.9618,0.50462
8.021,0.50227
8.0963,0.50051
7.8883,0.50649
7.9914,0.50228
7.9527,0.50155
7.9447,0.50219
8.0502,0.4987
7.9558,0.50171
7.792,0.50855
7.6875,0.51403
7.9069,0.50352
7.9243,0.50008
7.8272,0.50077
1.0529,0.93985
7.8913,0.49734
7.5965,0.50396
7.7348,0.49742
7.1953,0.51443
7.5336,0.50418
7.4124,0.50912
7.0988,0.52065
7.5368,0.50854
8.1022,0.49734
7.3172,0.51149
8.1616,0.49545
8.2229,0.49322
7.5954,0.50402
7.6138,0.50309
6.9109,0.51999
7.0967,0.51435
7.0796,0.51306
7.6388,0.50158
7.4886,0.50726
7.6598,0.50077
6.8523,0.5264
6.952,0.52412
7.4191,0.50866
7.1365,0.51871
7.093,0.51937
7.3511,0.50988
7.3315,0.50772
6.852,0.52483
7.075,0.51649
7.0957,0.51538
0.98868,0.94283
7.1407,0.51178
7.0915,0.5145
7.7553,0.49782
7.0837,0.51292
6.9793,0.51753
7.0177,0.51621
6.9411,0.51825
6.7535,0.52913
6.6663,0.52736
7.3113,0.51101
6.8965,0.5197
6.7665,0.52292
6.6792,0.52697
6.6844,0.52665
6.6478,0.52798
6.7128,0.52462
6.7289,0.52217
7.0035,0.51799
6.9704,0.51944
6.8934,0.51779
6.6406,0.5272
6.8656,0.51787
6.655,0.52509
6.7225,0.52253
6.1839,0.53438
6.2101,0.53308
6.6579,0.5261
7.1171,0.51206
6.5063,0.52903
6.4582,0.52912
6.5621,0.52454
6.8123,0.51306
6.8088,0.51199
7.1166,0.50184
6.1417,0.53093
6.1182,0.53196
5.9297,0.54019
6.4206,0.52541
6.8186,0.5121
6.3956,0.53136
6.5553,0.5204
6.418,0.52489
6.8106,0.50974
6.9733,0.50774
6.4231,0.52011
6.5784,0.51967
6.6014,0.51718
6.4081,0.52104
6.4893,0.52244
6.3351,0.52836
6.4754,0.52172
6.3786,0.52418
6.0437,0.53163
6.2938,0.52717
6.4319,0.52148
6.3049,0.5269
6.2955,0.52908
6.7494,0.50614
0.72396,0.99265
6.6347,0.50881
6.5099,0.51472
6.4289,0.51589
6.3767,0.51744
6.4192,0.51557
6.365,0.51701
6.0195,0.5365
6.5792,0.50868
6.2561,0.52837
6.2102,0.53151
6.0913,0.5368
6.1978,0.53256
6.3822,0.52425
6.276,0.52719
6.1873,0.53101
6.3257,0.52417
6.1374,0.53163
6.1676,0.53142
5.2684,0.55579
6.1042,0.52974
6.3009,0.52119
6.2729,0.52387
6.1366,0.52886
6.085,0.52711
5.8069,0.53854
5.86,0.535
5.902,0.53542
5.7874,0.53899
5.9429,0.53623
6.1234,0.52847
6.1659,0.52786
5.736,0.53123
6.0403,0.52807
6.1958,0.52315
5.823,0.53788
6.2656,0.51909
6.2554,0.51713
5.9561,0.52246
3.2482,0.67056
0.90752,0.94035
6.155,0.52394
5.8866,0.5349
5.6874,0.5412
5.886,0.52011
5.4944,0.54252
5.8565,0.52849
5.6147,0.53965
5.5944,0.54216
5.7244,0.53647
5.6354,0.542
5.5898,0.54449
5.6121,0.54448
5.6213,0.54183
5.4036,0.54854
5.838,0.52776
5.3921,0.5479
5.7797,0.5331
5.5886,0.53876
5.7946,0.53105
5.4606,0.54173
5.3816,0.54536
5.5485,0.5397
5.5975,0.54034
5.5995,0.53883
6.2592,0.50857
5.5483,0.54108
6.1912,0.51091
5.6321,0.53224
5.598,0.52979
5.3068,0.54261
5.7126,0.52958
5.9129,0.52257
5.5707,0.53513
5.2771,0.54426
5.4685,0.54015
5.6806,0.53094
5.4706,0.53949
5.5682,0.5346
5.5787,0.54162
5.4724,0.53642
4.3242,0.59164
5.5441,0.53659
5.2902,0.54671
5.3979,0.53751
5.2286,0.55266
5.3609,0.54612
0.72413,0.98115
5.1732,0.55303
5.0917,0.55587
0.56955,1.03
3.5056,0.64813
5.3343,0.54266
5.4039,0.54289
5.9657,0.51435
5.343,0.54128
5.744,0.52385
5.4875,0.52754
5.8614,0.52013
5.6068,0.53012
5.3588,0.53542
5.049,0.54848
5.374,0.5425
5.5989,0.53076
5.091,0.54769
5.261,0.54832
5.6444,0.52622
5.4516,0.53904
5.2088,0.54841
5.0056,0.56132
5.1817,0.55
5.5202,0.53509
5.4517,0.53884
5.302,0.54525
5.4229,0.53901
5.2841,0.54631
5.2316,0.55029
5.1634,0.55084
4.732,0.56268
4.5946,0.57101
5.0344,0.55923
4.97,0.56381
5.1104,0.54457
5.8092,0.53059
5.3937,0.53393
5.068,0.55119
5.0997,0.55529
0.62198,1.0075
5.1104,0.55412
5.4284,0.54203
5.3154,0.54025
5.3762,0.54086
5.1911,0.54476
5.5643,0.53822
5.3445,0.55113
5.0203,0.55992
5.3993,0.54444
5.1869,0.55218
5.5616,0.52943
5.5086,0.53908
5.2218,0.54779
5.3533,0.53913
5.213,0.54388
4.9437,0.55799
5.0846,0.54993
5.1721,0.54877
5.0425,0.55358
5.0505,0.55553
4.8438,0.56183
4.8513,0.56209
5.0808,0.54935
5.0121,0.5517
5.2436,0.54097
4.9482,0.55777
4.6916,0.5665
5.1438,0.54286
5.7297,0.51739
5.2676,0.5424
5.5001,0.52504
5.3987,0.53133
5.3085,0.5346
4.7441,0.55808
5.1996,0.54982
5.2062,0.53858
5.243,0.54013
5.2666,0.53591
5.0186,0.55089
4.8461,0.56382
5.2866,0.53787
5.6515,0.52341
4.8707,0.56173
5.6436,0.51937
5.4669,0.53122
5.0914,0.54881
5.3606,0.53415
4.9982,0.55381
5.2156,0.5383
5.235,0.53898
4.7906,0.55987
5.3833,0.53573
4.9566,0.55521
5.0845,0.54643
5.1212,0.5439
2.6606,0.69465
3.6935,0.63289
5.5058,0.54115
5.0347,0.56281
5.1976,0.54113
5.1106,0.55151
5.0474,0.55588
5.3828,0.53282
5.3452,0.53594
5.2185,0.53835
5.5694,0.52519
5.4532,0.52979
5.6437,0.52207
5.1949,0.54504
5.3377,0.53297
5.036,0.54578
5.2766,0.53666
5.0885,0.54913
4.4574,0.57687
4.7844,0.55895
4.5373,0.5742
4.8344,0.55587
5.2474,0.54848
4.9472,0.55264
5.191,0.5415
4.9865,0.55163
4.9742,0.5496
4.8653,0.55551
5.0584,0.54487
5.3686,0.53367
5.1073,0.55325
4.8111,0.57031
4.916,0.55125
4.919,0.55279
5.4886,0.53102
5.3316,0.54392
5.1252,0.54708
5.1555,0.54255
4.7972,0.5577
5.2116,0.54089
5.2819,0.53482
5.435,0.53997
2.1574,0.74644
5.3499,0.53545
5.1123,0.54815
5.6278,0.51803
5.1751,0.54583
4.9239,0.55997
5.19,0.54757
5.0031,0.55704
5.1152,0.54246
5.1364,0.5483
4.9197,0.55305
5.0856,0.55164
4.8798,0.545
5.0416,0.5508
5.209,0.54269
4.9915,0.54766
5.1385,0.54725
5.533,0.52296
4.8793,0.55423
5.0192,0.5529
5.034,0.5506
5.3709,0.53601
5.1657,0.54886
5.3588,0.53059
4.9691,0.55738
4.8124,0.5708
5.554,0.52783
4.6684,0.57276
4.9043,0.55987
4.8566,0.55834
5.1835,0.54679
5.3228,0.53493
5.2469,0.53708
5.4352,0.5402
4.8811,0.56209
5.2775,0.5468
5.2315,0.54633
5.2815,0.54279
5.0139,0.55471
5.1014,0.54789
5.1445,0.5453
5.2585,0.5447
5.3665,0.52984
5.5393,0.534
5.1453,0.54603
5.196,0.54595
5.0264,0.55384
5.045,0.55063
4.8853,0.54876
4.6816,0.5605
5.1561,0.53799
4.9894,0.54383
5.1404,0.54068
5.7421,0.51675
5.0923,0.54726
5.003,0.55319
5.0798,0.54653
5.4358,0.53879
5.8126,0.51913
5.0027,0.55171
5.1135,0.54998
5.1671,0.54821
5.1187,0.55345
4.8992,0.55878
4.8019,0.56477
4.9779,0.55625
4.8507,0.56274
4.9088,0.56075
5.0709,0.55504
4.9641,0.55814
4.6794,0.57271
4.892,0.56513
4.6669,0.56854
5.7693,0.51687
5.5191,0.52764
4.696,0.56901
4.722,0.56761
4.8124,0.56203
5.2437,0.53623
5.1945,0.54477
5.0548,0.54817
4.813,0.56207
5.2134,0.54569
5.9156,0.51182
4.966,0.5576
5.1073,0.54769
5.0804,0.55263
5.1019,0.55424
5.0036,0.55465
4.7181,0.56992
5.0072,0.55431
5.0684,0.55107
4.9384,0.55777
4.9329,0.55864
5.0317,0.55221
5.1711,0.54943
4.8821,0.56426
5.0924,0.55142
5.0952,0.55209
5.5443,0.52202
4.7379,0.56976
5.0651,0.55473
5.1137,0.55233
5.2696,0.54512
5.3217,0.54296
5.1878,0.54712
5.4523,0.53264
5.3114,0.54218
4.9136,0.56004
5.0076,0.54626
4.8265,0.55861
5.0035,0.54588
4.974,0.5533
4.9686,0.5536
4.9674,0.55163
5.1888,0.54319
5.0594,0.55001
4.9233,0.55542
4.8985,0.55586
4.8241,0.56296
5.6471,0.51654
5.3209,0.52977
5.2793,0.53513
5.23,0.53773
5.3601,0.53221
5.597,0.51969
4.6733,0.56343
5.1971,0.54358
5.4202,0.52992
5.669,0.51694
5.0729,0.54997
4.8035,0.56199
4.708,0.5654
4.9283,0.56427
5.3417,0.54281
5.8492,0.51276
5.1115,0.55572
4.939,0.55535
4.9846,0.55309
4.9045,0.5578
5.0407,0.5606
5.46,0.53046
5.5721,0.52705
4.8862,0.56339
4.7653,0.5691
4.6054,0.57665
4.6376,0.58061
4.6354,0.58157
4.3787,0.59501
4.8632,0.56852
5.0411,0.55819
4.8532,0.56596
4.8578,0.56392
4.7111,0.57129
4.9311,0.56098
5.3382,0.54733
5.103,0.54277
5.0004,0.55208
0.50937,1.0534
4.7845,0.57281
5.7367,0.51998
5.433,0.53416
5.6849,0.52284
4.9717,0.5604
5.6446,0.52235
4.9026,0.56111
5.6543,0.52088
4.8376,0.56474
5.364,0.53367
4.8424,0.5621
5.1705,0.54465
4.965,0.55397
5.0682,0.54548
4.6502,0.56885
4.7676,0.56329
5.5664,0.52457
5.4067,0.5303
4.8752,0.55876
56.686,-0.22722
5.1712,0.54738
0.69702,0.98565
5.2345,0.55464
5.0407,0.55728
4.8426,0.56523
5.1909,0.5423
5.6629,0.52454
5.1404,0.55596
5.0872,0.55752
5.2112,0.5536
5.4506,0.54163
5.2517,0.55071
4.7807,0.56651
4.75,0.56803
4.8271,0.56515
5.2861,0.53847
5.4216,0.5333
5.0349,0.55257
4.8615,0.56062
4.5714,0.58168
5.1065,0.54894
4.6868,0.57453
4.7574,0.56819
4.6217,0.57742
4.6628,0.57599
4.6806,0.57252
4.6915,0.57253
4.8618,0.5656
4.7764,0.56847
4.8912,0.56985
4.8047,0.56801
4.6955,0.5735
4.6688,0.56954
4.7281,0.56968
4.7163,0.56956
4.5213,0.58124
4.7738,0.56781
4.7678,0.57452
4.7261,0.57519
4.7543,0.57219
4.6838,0.57609
4.7882,0.57003
4.7948,0.56836
4.8575,0.56324
4.5759,0.57796
4.9101,0.56097
5.0591,0.55513
4.8712,0.56153
4.6301,0.57523
4.5965,0.57953
4.6512,0.57259
4.5393,0.57754
4.4758,0.57834
4.6194,0.57342
4.9291,0.5558
4.7494,0.56393
4.5521,0.57496
4.9379,0.55565
4.9062,0.55589
4.4892,0.5796
4.6046,0.57322
4.8823,0.56756
4.938,0.56457
4.9924,0.55252
4.7777,0.5735
4.8156,0.57094
5.2304,0.54398
5.0275,0.55554
5.0577,0.55598
5.4804,0.53331
5.4299,0.53669
5.4358,0.53582
4.7181,0.56938
4.7264,0.57113
5.3244,0.53803
4.9757,0.54966
5.0143,0.5501
5.0332,0.54863
4.8948,0.55889
5.0687,0.54987
4.9527,0.55588
4.6888,0.57285
4.4733,0.58554
4.6816,0.57494
4.6494,0.57578
4.648,0.57501
4.507,0.58339
4.7924,0.56875
4.5053,0.58333
4.4919,0.58375
4.7983,0.5643
5.1181,0.5533
4.8201,0.56096
4.6628,0.57348
4.76,0.57004
4.9138,0.56221
4.7834,0.56899
4.887,0.56472
4.809,0.56988
4.7176,0.57214
4.6191,0.57746
4.8052,0.56873
4.8994,0.56526
5.0657,0.5558
4.6981,0.57292
4.7809,0.57254
4.6031,0.58229
4.5432,0.58399
4.4914,0.58572
4.511,0.58226
4.4781,0.58185
4.6903,0.57022
4.6611,0.56683
4.4962,0.5758
4.6105,0.5715
4.8366,0.56242
4.7045,0.56735
4.6731,0.57116
4.7567,0.57128
4.6486,0.57184
4.7302,0.56777
4.5539,0.58074
4.6045,0.57343
4.9001,0.55755
5.0708,0.55613
4.8467,0.56529
4.6488,0.57634
4.7269,0.56667
4.7523,0.56771
4.6944,0.57216
4.8167,0.56606
4.5525,0.57996
4.5371,0.58157
5.0478,0.56279
5.2012,0.55726
4.8894,0.5626
4.5704,0.57436
4.3359,0.59284
5.0397,0.55625
4.526,0.58123
4.6215,0.57179
4.7239,0.56519
4.7786,0.56217
4.7142,0.56728
4.5318,0.57576
4.7715,0.57059
4.6019,0.58133
4.6775,0.57681
4.4779,0.5886
4.7489,0.56691
4.4624,0.58442
4.4395,0.58367
4.6967,0.56602
4.8182,0.56809
4.577,0.57805
4.4587,0.58436
4.68,0.57714
4.7692,0.57352
4.7842,0.57076
4.7979,0.57018
5.0689,0.55548
4.7977,0.56924
4.8106,0.56711
4.8211,0.56985
4.7692,0.57288
4.6967,0.57726
4.7231,0.57622
4.7532,0.57062
4.8377,0.56928
4.4298,0.5814
4.9754,0.56136
4.5999,0.57046
4.9708,0.56241
4.6879,0.56268
4.7052,0.56736
4.2397,0.59147
4.6668,0.56927
4.739,0.56839
4.8462,0.56743
4.6433,0.57291
4.6583,0.57162
4.774,0.56944
4.7364,0.56659
4.6784,0.57787
4.5921,0.58309
0.51607,1.0517
4.2771,0.60045
4.592,0.58028
4.8249,0.56775
0.55585,1.0325
4.6539,0.57543
4.4895,0.57785
4.9252,0.56199
4.7111,0.56822
4.7063,0.5715
4.6586,0.57604
0.57055,1.0298
4.5705,0.58121
4.4731,0.58789
4.7433,0.5735
4.6532,0.57201
4.3927,0.58421
4.7188,0.56737
4.8207,0.56769
4.5854,0.57704
5.2459,0.53841
4.6592,0.57643
4.6146,0.57889
4.5073,0.58302
4.6814,0.57525
4.7201,0.57201
4.446,0.58625
4.3316,0.59023
5.2401,0.53834
4.9494,0.55582
4.6329,0.57432
4.5302,0.57785
4.7564,0.56912
4.8395,0.56664
4.9662,0.55521
4.591,0.57632
4.499,0.58303
4.4566,0.58069
5.083,0.55059
4.7308,0.56918
4.5393,0.58003
4.4996,0.58412
4.5509,0.57933
4.8166,0.56128
4.8526,0.56559
5.0558,0.55279
4.6475,0.57497
5.2061,0.55253
4.8053,0.56678
4.909,0.55908
4.4701,0.58501
4.8223,0.56722
4.7548,0.57207
4.7861,0.56752
4.7234,0.57123
4.7349,0.57197
4.3867,0.5871
4.7707,0.56759
4.5908,0.57973
4.3205,0.59165
4.5734,0.57898
4.6095,0.5773
4.3218,0.59164
4.559,0.57222
4.9514,0.56651
4.7388,0.5749
4.8109,0.57177
4.6557,0.57837
4.5913,0.57558
4.4426,0.58249
4.3663,0.58411
4.7303,0.56984
4.5724,0.57803
4.465,0.57892
4.5385,0.5828
4.2452,0.59608
4.5059,0.58555
4.8238,0.56826
4.6274,0.57504
4.5748,0.57779
4.5751,0.57495
4.6063,0.57377
4.5619,0.57578
0.55081,1.0387
4.2339,0.59065
4.5688,0.57799
4.9097,0.56276
4.4996,0.58026
4.5197,0.57762
4.5028,0.57896
4.4789,0.58281
4.457,0.58749
4.7209,0.57233
4.514,0.58351
4.193,0.60042
4.4031,0.58618
4.4602,0.58758
4.3515,0.5921
4.3333,0.58877
4.4759,0.58342
4.5044,0.58011
4.4995,0.58189
4.4386,0.58368
4.5242,0.57935
4.8013,0.56934
4.7134,0.57597
4.5038,0.58383
4.57,0.58151
4.7116,0.57297
4.9021,0.56334
4.8983,0.56327
4.9337,0.56115
4.593,0.57851
4.8448,0.56612
4.908,0.56382
4.647,0.57849
4.716,0.57156
4.6355,0.57664
4.5287,0.58284
4.8055,0.55847
4.5844,0.58132
4.4764,0.58689
4.6228,0.57718
4.806,0.56828
4.3298,0.59001
5.8069,0.52518
5.4891,0.54194
4.7546,0.56883
5.2626,0.53921
4.8128,0.56261
4.5805,0.57664
5.3706,0.53603
4.6558,0.57435
4.6487,0.57354
4.4949,0.58215
4.7412,0.56888
4.9265,0.56151
4.7684,0.56896
4.6031,0.57523
4.6491,0.57325
4.5572,0.5715
4.1932,0.5923
4.2904,0.58614
4.5759,0.57518
4.5441,0.57966
4.3887,0.58805
4.4041,0.5881
4.369,0.59055
4.3591,0.59011
0.60859,1.0145
4.4443,0.58572
4.4517,0.58522
4.4108,0.58139
4.5282,0.57688
4.2676,0.5926
4.3626,0.58523
4.4824,0.57793
4.205,0.58971
4.5346,0.57803
4.9235,0.55471
4.7196,0.56969
4.3896,0.58549
4.6102,0.56822
4.4637,0.5813
4.229,0.60155
4.7643,0.56336
4.6439,0.5721
4.4989,0.58279
4.6493,0.57244
4.3498,0.5891
4.3208,0.59154
4.4485,0.58432
4.4828,0.57961
5.2428,0.54411
5.4643,0.53192
4.4033,0.58948
4.9335,0.56608
4.8719,0.5707
5.1355,0.54734
5.1142,0.54921
5.1629,0.54637
4.6069,0.57649
4.2905,0.59198
4.3738,0.58787
4.6122,0.57869
4.743,0.56809
4.4797,0.5828
4.4248,0.58417
4.8858,0.56177
4.6776,0.5739
5.0246,0.54882
4.2069,0.59077
4.2183,0.58991
4.4096,0.58674
4.587,0.57264
4.4899,0.5844
4.9515,0.55486
4.5723,0.57986
4.8599,0.55938
5.2067,0.54315
4.6933,0.57406
4.9766,0.56228
4.8035,0.56845
4.8912,0.56059
4.7532,0.57439
4.2681,0.59267
4.5205,0.57909
4.6826,0.56668
0.5796,1.0224
4.4008,0.5861
4.7115,0.56953
0.50523,1.0526
4.7139,0.56807
4.5193,0.58245
4.9471,0.55828
4.3718,0.59012
4.176,0.60069
4.3482,0.59165
4.8744,0.56487
4.5288,0.5817
4.1369,0.60211
4.3056,0.59277
4.6631,0.57555
4.3566,0.58784
4.2858,0.59344
4.308,0.59403
4.5085,0.58212
4.3823,0.58885
0.49606,1.0538
4.5911,0.57607
4.2161,0.59406
4.9023,0.55403
5.0675,0.54666
4.6904,0.57046
4.5986,0.57544
4.5864,0.57358
4.8148,0.56173
4.7485,0.57285
4.8376,0.56812
4.5929,0.57534
4.7093,0.57003
4.5201,0.57987
4.6242,0.57359
4.7288,0.56698
4.731,0.56574
4.6568,0.57176
4.7907,0.56506
4.7384,0.56899
5.2981,0.54057
4.6367,0.56944
4.3946,0.58544
4.3797,0.58792
4.2656,0.59076
4.3793,0.58976
4.6043,0.57743
0.52852,1.0438
0.42924,1.087
5.4166,0.5452
4.2571,0.58877
4.7314,0.5629
4.853,0.56201
4.7399,0.57056
4.761,0.56849
4.6913,0.57241
4.5396,0.57415
4.9758,0.55246
4.6875,0.57219
4.5775,0.57455
4.5219,0.58354
4.6788,0.57487
4.6118,0.57715
4.5733,0.57989
4.9979,0.55369
5.2052,0.54417
5.138,0.54743
5.3845,0.53485
5.3473,0.53601
5.1616,0.54465
5.1388,0.546
4.4326,0.57562
4.7305,0.57554
4.3555,0.58748
4.4304,0.58352
4.7409,0.56788
4.1173,0.59722
4.0038,0.60237
4.1163,0.59604
4.6322,0.57611
4.5631,0.57779
3.9581,0.60656
4.0744,0.60001
4.1415,0.59382
4.3375,0.58856
4.4825,0.58159
4.1728,0.59473
4.118,0.59662
4.3171,0.59128
4.7741,0.57307
4.2426,0.59493
4.5117,0.5819
4.4858,0.58098
4.9794,0.56427
5.106,0.55855
4.6701,0.57222
4.6247,0.57252
5.1034,0.55655
4.946,0.56711
4.3681,0.58766
4.715,0.57357
4.338,0.59108
4.2283,0.5954
4.2607,0.58315
4.5322,0.5793
4.2613,0.58571
4.7993,0.56903
4.6692,0.56936
4.3819,0.58862
4.7967,0.56253
4.1666,0.59261
4.4713,0.587
5.0581,0.5605
4.3863,0.58735
4.5793,0.574
4.9791,0.5605
5.4108,0.53033
4.4438,0.57948
4.6813,0.57055
4.6502,0.56896
4.8023,0.55834
4.8763,0.56844
4.7917,0.57032
4.7877,0.56889
4.468,0.57569
4.4022,0.58223
4.1893,0.59543
4.3114,0.58949
4.5418,0.57552
4.3872,0.58295
4.8641,0.56158
4.6657,0.57579
4.5602,0.57486
4.4786,0.58214
4.6625,0.57395
4.4777,0.58157
4.3651,0.59023
4.4837,0.58389
4.9252,0.56445
4.524,0.58252
4.4926,0.58596
4.4353,0.58924
4.6847,0.57456
4.6546,0.57554
4.682,0.57347
4.6718,0.57378
4.6311,0.5775
4.7978,0.56976
4.2138,0.58895
7.4159,0.46988
4.5449,0.58149
4.4835,0.58348
4.6225,0.57409
5.6158,0.53399
4.4568,0.58473
4.4942,0.58527
4.5579,0.58089
4.5721,0.58093
4.5768,0.57975
4.6754,0.57391
4.4757,0.5819
4.4953,0.58482
4.6764,0.5645
4.572,0.57007
4.6682,0.56565
4.4015,0.57783
4.6799,0.56391
4.2936,0.59039
4.3915,0.58325
4.7173,0.5578
5.0062,0.54844
4.559,0.56764
4.7649,0.56718
4.553,0.5802
4.5382,0.57946
4.3788,0.58888
4.4674,0.5844
4.3683,0.59027
4.6558,0.56764
4.4678,0.58355
5.1749,0.54555
4.5061,0.57937
4.517,0.57763
4.3948,0.58545
4.8865,0.55989
4.6771,0.57214
4.4689,0.5833
4.7514,0.56033
4.7894,0.5621
4.3474,0.58863
4.8819,0.5568
4.8652,0.56254
4.6859,0.57196
4.5122,0.58103
4.7242,0.57022
4.656,0.57406
4.561,0.5776
4.405,0.58581
4.7112,0.56928
4.4805,0.58288
4.4697,0.58296
4.8392,0.56857
4.4293,0.58689
4.7537,0.57522
4.8072,0.57246
4.8229,0.57188
4.5279,0.58292
4.6523,0.57965
4.6977,0.57287
4.8452,0.56642
4.7653,0.56973
4.4173,0.58675
4.5295,0.58133
4.6466,0.57592
4.4229,0.58775
4.656,0.57612
4.613,0.57896
4.3528,0.59278
4.3406,0.59371
4.3348,0.59474
4.3846,0.58803
4.6174,0.57959
5.2783,0.54199
5.3635,0.53989
4.4509,0.58621
4.3425,0.59101
4.3022,0.59194
4.5321,0.58033
4.0463,0.60468
4.4716,0.58281
4.495,0.58278
4.6549,0.57473
4.7382,0.57202
4.2795,0.59875
4.6611,0.57666
4.3858,0.58745
4.4446,0.58573
4.6286,0.57212
4.4522,0.58399
5.001,0.56474
4.4129,0.58533
5.3447,0.54824
4.6262,0.57649
4.4905,0.5833
4.6765,0.57803
4.3018,0.59951
4.5779,0.5813
4.7794,0.56892
4.4167,0.59217
4.6123,0.58122
4.6039,0.58169
4.6426,0.5792
4.5912,0.58027
5.1513,0.55881
4.5646,0.58417
4.3888,0.59304
0.63904,1.0077
4.634,0.57645
4.3264,0.5988
4.3217,0.59777
4.4164,0.5937
4.6495,0.5818
4.5932,0.58269
4.6819,0.57903
4.6965,0.57617
4.7061,0.57624
4.6918,0.5786
4.8293,0.57571
4.754,0.57577
4.8233,0.56649
4.6444,0.58395
4.6662,0.58428
4.556,0.58927
4.6372,0.58624
4.5934,0.58417
5.4772,0.5381
4.8543,0.57176
4.7477,0.57834
5.0051,0.5649
4.8804,0.57291
4.3734,0.59742
4.3978,0.59559
4.4275,0.59508
4.4939,0.58482
4.49,0.58562
4.5873,0.58795
4.5805,0.58659
4.8954,0.56858
4.7838,0.57441
4.9422,0.56584
4.8063,0.57418
4.8706,0.57276
4.0507,0.60688
4.5854,0.57932
4.3796,0.59488
4.4037,0.59368
4.6285,0.58534
4.6846,0.58385
5.612,0.54414
4.6499,0.58323
4.7631,0.57808
4.6668,0.58429
4.7682,0.57886
4.8204,0.5823
4.9071,0.56843
3.9151,0.6158
4.7578,0.57609
4.6616,0.58105
4.7522,0.57755
5.0744,0.56057
4.9032,0.57108
4.7603,0.57769
0.52777,1.0522
5.1451,0.56712
4.858,0.57456
6.2725,0.51853
4.5759,0.58664
4.6249,0.58728
4.5656,0.59025
4.3783,0.59236
4.5794,0.58434
4.4508,0.59762
4.3882,0.59844
4.3895,0.60087
4.6732,0.58536
4.9007,0.57262
4.8889,0.5714
4.7436,0.58077
4.8118,0.57164
4.1171,0.6073
4.6298,0.5893
4.3354,0.60746
4.5964,0.59503
4.4758,0.60246
4.5934,0.59664
4.6356,0.59491
4.609,0.5952
4.6965,0.58946
4.791,0.5841
5.6355,0.54221
4.7937,0.57701
4.8818,0.57287
4.6896,0.58628
4.7151,0.585
4.7582,0.58382
4.7052,0.5873
4.6961,0.59027
4.7786,0.58976
4.4229,0.59822
4.5021,0.60281
4.7799,0.58751
4.8162,0.57537
4.6796,0.5833
4.7628,0.58904
5.1221,0.56302
5.1895,0.55966
4.5672,0.59734
4.6834,0.59453
4.6502,0.59751
4.7636,0.59251
4.6476,0.59879
4.4594,0.60793
4.6924,0.59491
4.8859,0.58683
5.1474,0.56999
4.7199,0.58957
4.8813,0.58314
4.9043,0.5746
4.8342,0.57788
4.655,0.59369
4.9236,0.58244
4.8226,0.5857
4.8113,0.58114
5.0082,0.5704
4.8824,0.58125
4.8299,0.58584
4.7849,0.58627
4.8658,0.57356
4.6982,0.58184
4.929,0.57213
4.9492,0.57024
4.8496,0.5805
4.7372,0.58617
5.1634,0.57582
4.7539,0.58845
5.2018,0.57567
4.7982,0.58151
5.0546,0.57609
4.9865,0.57944
5.0283,0.5785
5.1015,0.57546
5.207,0.57143
5.0315,0.57883
5.0262,0.57817
4.9602,0.58166
4.9514,0.58075
4.9981,0.57962
5.0029,0.5796
4.8573,0.58613
5.2576,0.56646
5.2998,0.56583
5.0471,0.57789
4.9625,0.58346
5.0736,0.5777
4.9452,0.58423
5.0438,0.57867
5.0036,0.58049
4.9935,0.58078
5.082,0.57537
5.1098,0.5757
5.1984,0.57536
4.9417,0.58443
4.9996,0.58307
5.0827,0.57923
4.9795,0.58552
4.895,0.58919
4.7844,0.59389
4.9972,0.5823
5.0563,0.57928
5.0806,0.57816
4.9037,0.58616
4.9067,0.58498
4.7887,0.59046
4.6548,0.59806
5.2406,0.57221
5.8336,0.54862
4.9085,0.5888
4.8846,0.59006
5.1384,0.57886
4.887,0.58633
5.1638,0.57805
5.8538,0.54506
5.1517,0.57772
5.0977,0.57902
5.0278,0.57879
5.1852,0.5764
4.6892,0.59955
4.8977,0.58936
4.8626,0.58908
5.4261,0.56453
4.9047,0.58857
4.9642,0.58779
5.1563,0.5782
5.2648,0.57503
5.0612,0.58178
5.2624,0.56994
5.2396,0.57082
5.0723,0.57681
5.0165,0.58502
5.1603,0.57786
4.9713,0.58674
4.9194,0.59154
4.8252,0.5969
5.0846,0.58021
6.3262,0.5367
5.2089,0.58055
5.2154,0.58027
5.0752,0.58566
5.087,0.58396
5.2936,0.57471
5.2684,0.5681
5.3823,0.56347
5.1225,0.57511
5.2957,0.56999
5.4131,0.56629
5.0543,0.57894
5.1926,0.57617
5.3507,0.56939
5.4474,0.56488
5.5117,0.56215
5.1078,0.57779
5.6659,0.55117
5.1447,0.57377
4.9963,0.58158
4.9238,0.58704
5.2032,0.57444
5.0598,0.5839
4.9073,0.59124
5.3285,0.57356
5.2687,0.58014
4.997,0.58523
5.2319,0.57491
5.8998,0.54569
6.7836,0.52552
5.0215,0.58396
5.1236,0.58005
5.863,0.5487
5.2215,0.57563
5.4224,0.56786
5.4774,0.56496
5.3273,0.57161
5.3559,0.57138
5.843,0.55289
5.678,0.55917
5.7246,0.55887
5.6365,0.56319
5.7239,0.55612
6.038,0.54647
5.8646,0.5508
0.56023,1.0571
5.7257,0.55658
5.984,0.54685
5.907,0.54949
5.7873,0.55485
5.1378,0.58602
5.9228,0.55145
5.1678,0.5851
5.7668,0.56047
5.116,0.58581
5.4324,0.58194
5.1353,0.58725
5.8016,0.56563
5.7039,0.56982
5.7322,0.56808
5.7258,0.56559
5.9706,0.55683
5.6995,0.56781
5.6209,0.57287
5.439,0.58079
5.4977,0.57264
5.5392,0.56642
5.3507,0.57534
5.2344,0.58339
5.3403,0.57716
5.3419,0.57661
5.3755,0.57429
5.2309,0.58191
5.3762,0.58128
5.6811,0.56322
5.6501,0.5632
5.0208,0.59068
5.3311,0.58209
5.2955,0.57999
5.4316,0.57249
5.7438,0.56808
5.3728,0.58533
5.6062,0.56867
5.2647,0.59071
5.6029,0.57617
5.9659,0.55384
5.921,0.55541
5.7568,0.56945
5.9588,0.5537
5.4692,0.58062
5.1156,0.58532
5.7562,0.57267
5.8254,0.56199
5.9066,0.55739
5.3256,0.58212
5.4579,0.57752
5.4282,0.57935
5.2981,0.58529
5.2164,0.59618
5.4597,0.57922
5.2872,0.59145
5.2395,0.59385
5.5164,0.58008
5.7445,0.56723
5.1774,0.5877
5.5781,0.57365
6.0787,0.55162
6.1263,0.5489
0.59808,1.0535
5.7855,0.56402
5.3942,0.57774
5.3291,0.58043
6.0489,0.56011
5.9779,0.56438
5.2119,0.59244
4.4347,0.62605
4.8997,0.60308
5.7299,0.56573
5.8436,0.56369
5.3479,0.58817
5.0644,0.59776
5.3344,0.58916
5.3914,0.58765
5.5018,0.58363
5.5703,0.58045
0.65309,1.0425
5.6923,0.57624
5.7798,0.57277
5.8659,0.56389
5.5646,0.57637
5.969,0.55903
5.6986,0.5671
5.7699,0.56565
5.7309,0.57625
5.8896,0.56818
6.1496,0.55851
5.9465,0.56734
5.907,0.56934
6.2589,0.55049
6.6246,0.53626
6.2759,0.54957
5.8807,0.56441
6.2532,0.54982
6.6053,0.53636
6.4793,0.54179
6.1379,0.55532
6.1287,0.55541
6.2418,0.55167
6.1579,0.55578
5.9737,0.56231
5.5455,0.57996
5.7145,0.57199
5.2029,0.59626
5.2509,0.59389
5.7078,0.57753
5.5521,0.58449
5.4705,0.58776
5.657,0.57964
5.6736,0.57865
5.6174,0.58068
5.5466,0.58383
5.8252,0.57178
5.6322,0.58022
5.9225,0.56331
6.1295,0.55476
5.9418,0.56737
5.7946,0.56846
5.9392,0.56285
6.0966,0.56041
5.7978,0.57303
5.7143,0.57648
5.6148,0.58116
6.2009,0.55424
6.1075,0.5575
5.8881,0.57506
5.9051,0.57508
5.9653,0.57185
5.1465,0.59753
5.285,0.59345
6.0874,0.55738
5.7643,0.58111
5.965,0.57248
5.4951,0.5832
5.8258,0.57872
5.6896,0.57752
5.5155,0.58445
6.1635,0.55579
5.8449,0.56781
5.9483,0.56529
5.7904,0.57046
5.7528,0.57381
5.5951,0.58095
5.5128,0.58719
5.8389,0.5707
5.5278,0.58472
5.5096,0.58638
5.8048,0.57133
5.6716,0.57668
6.3319,0.55808
6.4455,0.54664
6.3437,0.55139
6.1042,0.55659
5.8213,0.56872
5.7104,0.58122
5.7917,0.57095
6.0179,0.56808
5.9156,0.57444
6.0487,0.56518
5.1497,0.59908
5.7524,0.58122
6.1102,0.56316
5.9169,0.56909
6.1112,0.55948
6.1656,0.55743
6.341,0.55027
6.6666,0.54091
5.8049,0.57128
6.616,0.54222
6.4105,0.54733
6.8574,0.5356
6.715,0.5408
6.2061,0.55784
6.7805,0.53647
6.485,0.54968
6.8466,0.53602
5.8279,0.56953
5.8695,0.56889
5.1183,0.59973
6.1271,0.55849
6.1046,0.55972
4.9991,0.60614
5.8207,0.57066
6.0348,0.56015
6.1885,0.55797
6.2419,0.55789
5.8614,0.57166
5.8221,0.57789
6.195,0.55873
5.9809,0.56986
5.786,0.57548
5.902,0.57538
6.1338,0.56322
5.3994,0.59381
6.3068,0.55682
6.412,0.55206
6.4558,0.54941
6.8367,0.53618
7.1766,0.52507
6.0508,0.56529
6.2663,0.55327
5.967,0.56971
6.2188,0.55607
6.1016,0.5622
5.6812,0.57945
6.2758,0.56127
6.088,0.56454
6.0501,0.56794
5.7427,0.57756
6.2532,0.55986
5.8005,0.57891
5.9164,0.57347
5.6102,0.58253
6.1386,0.56461
5.6809,0.58059
0.64646,1.0507
6.2965,0.5578
6.3667,0.55439
6.0004,0.56865
5.6182,0.58605
6.5421,0.54773
5.7336,0.57947
5.6117,0.58478
5.898,0.57517
5.9984,0.57064
6.0259,0.56947
6.1961,0.56258
6.1666,0.56377
5.9626,0.56824
5.7311,0.57896
6.3386,0.55752
5.8788,0.57284
5.7541,0.57894
6.1293,0.5679
6.3182,0.55716
6.3246,0.55679
6.2843,0.55987
6.2588,0.56162
6.1124,0.56878
6.084,0.56901
5.9678,0.56838
6.0348,0.5719
6.2678,0.56013
6.121,0.56606
5.7764,0.58237
6.096,0.56413
6.1283,0.56609
5.9348,0.57564
5.924,0.57539
5.9921,0.57366
5.801,0.58241
5.8343,0.57999
5.7063,0.58513
5.564,0.59088
6.0277,0.56967
5.975,0.57296
5.9953,0.57122
6.1761,0.5697
6.062,0.57487
6.5326,0.5578
5.9734,0.574
6.1608,0.5732
6.3532,0.56474
6.0128,0.57147
6.4856,0.55944
6.4718,0.5582
6.2857,0.56428
6.2585,0.56624
6.3234,0.56745
6.0423,0.57225
6.5684,0.55847
6.142,0.57019
6.029,0.57294
6.1135,0.57002
6.3164,0.56246
6.1072,0.56989
6.2397,0.56353
5.9569,0.5745
6.183,0.56637
6.2791,0.5636
6.1684,0.56953
6.2502,0.56516
6.4364,0.56263
6.1743,0.57276
6.3377,0.56625
6.3295,0.56553
6.2687,0.57015
6.3274,0.56063
6.1894,0.57408
6.3981,0.56497
6.3939,0.56624
6.4702,0.56197
6.373,0.56631
6.634,0.54865
6.4159,0.55649
6.2553,0.56191
6.0135,0.569
6.1594,0.56523
6.0621,0.56877
5.8453,0.57583
6.3619,0.56646
7.7638,0.51947
6.0159,0.57189
6.0586,0.56771
6.0035,0.57316
6.3681,0.55996
6.2689,0.56826
6.6124,0.55121
6.3581,0.56547
6.5279,0.56015
6.3436,0.55879
6.186,0.56474
6.1859,0.56503
6.2455,0.56452
6.2406,0.56731
6.8573,0.54218
5.8344,0.58225
6.1717,0.567
6.0332,0.57259
6.3922,0.56236
5.9913,0.57517
6.1399,0.57173
5.9534,0.57837
6.169,0.5711
6.3454,0.56755
5.9301,0.57984
6.255,0.57046
6.2433,0.57163
6.2372,0.56866
6.7181,0.54929
6.794,0.55202
6.7119,0.55603
6.3918,0.56717
6.5188,0.56252
6.5447,0.56062
6.5667,0.55859
6.3799,0.56703
6.4414,0.56415
6.3694,0.56755
6.489,0.56284
6.6507,0.55731
6.4132,0.55726
6.0388,0.57579
6.2069,0.56949
6.2723,0.57257
6.4543,0.56297
6.1527,0.57647
5.9667,0.58114
6.0132,0.57725
7.7087,0.52555
6.211,0.57058
6.8254,0.54637
6.235,0.56875
6.4074,0.56276
6.246,0.56763
6.4758,0.56036
6.2098,0.56785
6.3978,0.5598
6.2672,0.57032
6.218,0.57127
6.2647,0.56459
6.2562,0.56187
6.3737,0.55999
5.9832,0.5726
6.4046,0.56178
6.8321,0.5481
6.8417,0.54734
5.8667,0.57997
5.9276,0.5784
6.4267,0.56544
5.9829,0.57561
5.9965,0.57527
5.9069,0.5785
6.4624,0.5645
6.4755,0.56114
6.578,0.55862
6.3114,0.57233
6.5666,0.55744
6.5802,0.55786
6.3244,0.56794
6.2704,0.56929
6.4182,0.56397
6.5498,0.55934
6.5161,0.55978
6.3136,0.56917
6.1908,0.57341
6.3916,0.56843
6.1638,0.57527
6.3855,0.56621
6.8937,0.545
6.0799,0.57217
6.4612,0.56358
6.8518,0.54726
6.4294,0.56582
6.3096,0.57104
6.4516,0.5659
6.2745,0.57333
6.1809,0.57655
6.373,0.56958
