66,-0.055963
64.427,-0.044106
65.169,-0.05095
65.047,-0.052403
65.977,-0.053551
66.177,-0.050146
66.141,-0.057102
64.99,-0.053477
66.068,-0.057841
64.547,-0.052687
65.144,-0.05671
65.233,-0.058506
66.077,-0.057411
66.264,-0.056513
64.516,-0.048694
64.783,-0.050813
64.728,-0.051518
64.747,-0.050084
64.934,-0.053965
64.814,-0.05262
64.692,-0.048772
64.751,-0.049888
65.271,-0.056346
64.979,-0.051755
66.109,-0.050928
65.172,-0.052665
64.984,-0.054403
65.096,-0.055148
64.86,-0.052993
65.076,-0.055878
65.144,-0.058993
65.162,-0.058282
65.357,-0.060239
65.378,-0.059234
65.333,-0.05943
65.107,-0.058696
66.077,-0.060166
65.806,-0.056227
66.176,-0.059009
66.287,-0.061745
66.195,-0.056939
66.451,-0.063007
65.623,-0.054564
65.735,-0.058839
65.988,-0.059585
65.716,-0.055478
66.183,-0.060756
65.985,-0.056607
66.843,-0.056155
65.217,-0.048597
66.172,-0.049922
65.335,-0.044412
66.061,-0.046234
65.881,-0.054275
66.128,-0.049276
65.221,-0.043244
65.382,-0.044801
65.804,-0.050368
65.524,-0.047441
65.08,-0.04386
63.902,-0.036105
63.931,-0.035544
63.952,-0.035391
63.677,-0.029819
63.861,-0.036951
64,-0.033263
63.348,-0.025449
64.869,-0.031218
63.158,-0.023879
63.944,-0.028406
63.986,-0.029525
64.451,-0.038313
65.442,-0.048145
65.805,-0.054226
66.95,-0.064781
66.352,-0.065935
68.216,-0.082345
68.055,-0.087317
69.005,-0.10112
71.807,-0.13342
72.219,-0.13543
72.596,-0.13856
71.529,-0.12401
73.053,-0.13212
71.854,-0.11619
72.55,-0.13282
72.137,-0.12579
71.554,-0.12393
70.995,-0.12834
73.373,-0.13269
71.694,-0.11419
72.048,-0.1152
70.478,-0.12276
72.646,-0.12363
72.109,-0.13017
69.929,-0.10573
70.05,-0.12498
70.202,-0.10124
68.614,-0.099991
70.034,-0.10649
70.179,-0.11146
69.794,-0.10534
69.383,-0.098623
68.566,-0.09193
69.631,-0.096948
68.32,-0.087795
67.838,-0.086636
68.046,-0.084297
66.841,-0.089195
67.429,-0.089803
67.052,-0.082857
65.981,-0.074598
66.185,-0.079631
65.497,-0.070382
65.72,-0.059629
65.783,-0.061593
65.699,-0.06716
65.986,-0.06284
65.585,-0.054217
66.142,-0.051919
65.514,-0.047082
64.859,-0.039647
64.612,-0.037553
64.071,-0.023084
63.322,-0.0093298
63.024,-0.010253
62.468,0.0028117
61.151,0.021743
60.728,0.029702
61.123,0.029897
60.015,0.044323
59.287,0.057455
57.805,0.073805
58.135,0.076841
57.229,0.081317
55.666,0.10003
56.023,0.097118
55.11,0.10596
53.303,0.12708
51.878,0.15206
50.803,0.15859
48.793,0.17814
48.937,0.17609
47.859,0.18768
45.332,0.21521
45.223,0.22769
46.539,0.20552
43.957,0.22973
47.09,0.19519
45.177,0.21892
44.794,0.23085
44.631,0.23216
42.762,0.24981
43.831,0.23925
41.525,0.26908
40.751,0.27313
42.951,0.24903
41.535,0.26493
41.898,0.26098
40.665,0.27176
39.318,0.29002
40.142,0.27898
38.769,0.29756
37.891,0.30639
36.295,0.32817
38.053,0.30151
37.924,0.31144
38.04,0.30106
37.818,0.306
36.638,0.32086
35.942,0.32878
36.971,0.31078
33.425,0.36985
34.073,0.35597
35.264,0.33968
32.9,0.37404
33.358,0.36957
32.711,0.37679
33.566,0.36142
33.375,0.36366
34.66,0.33453
35.328,0.32877
34.458,0.34065
35.037,0.3323
34.464,0.33887
33.463,0.35758
32.179,0.37346
33.494,0.35109
33.065,0.35712
33.372,0.35482
32.274,0.36713
32.807,0.361
34.41,0.34613
34.674,0.33788
33.134,0.35674
33.363,0.35874
33.066,0.36035
31.482,0.37673
31.956,0.37612
33.499,0.35903
30.563,0.39389
30.234,0.39358
30.301,0.39951
31.179,0.38026
31.714,0.37853
30.729,0.38281
29.674,0.40388
29.852,0.39529
27.645,0.42942
29.698,0.39997
28.362,0.41938
28.282,0.4154
28.65,0.40821
27.679,0.42007
31.413,0.36549
29.244,0.40042
28.342,0.40575
28.127,0.41421
27.633,0.42124
26.956,0.42297
26.714,0.42537
28.917,0.39612
26.969,0.41912
26.409,0.43024
26.68,0.42388
25.201,0.44671
27.098,0.41774
27.862,0.40834
26.626,0.42497
24.471,0.45124
24.839,0.4515
25.819,0.43511
26.629,0.4267
24.449,0.45514
24.749,0.44754
23.567,0.46568
24.774,0.44754
23.513,0.46335
25.638,0.43478
24.742,0.44581
25.835,0.42868
24.747,0.44795
24.797,0.45132
25.411,0.43218
25.412,0.44119
24.178,0.45889
23.828,0.45715
22.863,0.47418
23.947,0.45527
24.414,0.44616
25.565,0.43078
22.721,0.47796
24.744,0.44274
24.018,0.45739
25.632,0.43224
24.493,0.44786
25.605,0.42923
25.638,0.42892
25.609,0.42844
25.497,0.43161
24.317,0.44631
25.306,0.43542
23.874,0.45549
25.011,0.43616
24.136,0.4514
23.186,0.46404
24.363,0.44879
24.799,0.44218
21.66,0.48814
24.242,0.44849
24.173,0.4526
23.694,0.46185
23.712,0.45689
24.822,0.43831
25.321,0.43296
24.3,0.44473
23.18,0.46591
22.99,0.465
24.373,0.44474
23.331,0.46128
22.916,0.47277
22.948,0.46743
21.901,0.47911
23.547,0.45125
23.369,0.45382
22.423,0.47826
21.826,0.48103
22.449,0.47538
23.774,0.45505
23.782,0.45234
22.801,0.47026
24.646,0.43457
23.539,0.45668
23.347,0.4618
23.766,0.45153
23.525,0.45679
23.98,0.44565
22.918,0.46639
23.698,0.4452
22.704,0.46479
23.654,0.45564
23.724,0.45674
22.169,0.47733
22.141,0.47837
21.215,0.48919
22.76,0.46879
21.54,0.48728
23.088,0.46202
22.776,0.46536
22.658,0.46915
23.261,0.46091
23.008,0.46144
21.995,0.47209
22.526,0.46537
22.357,0.46723
23.081,0.46086
23.478,0.45198
23.123,0.45531
23.481,0.45026
23.665,0.44771
22.596,0.46285
22.434,0.46492
21.649,0.47879
23.75,0.44717
22.705,0.46039
22.586,0.46154
22.918,0.45341
22.566,0.46513
23.231,0.45244
22.904,0.46282
22.481,0.46648
23.401,0.45584
23.803,0.44779
23.216,0.45998
22.382,0.46996
24.163,0.43995
25.045,0.42174
25.605,0.41649
25.184,0.42105
25.056,0.42294
25.08,0.42286
23.592,0.44545
24.518,0.43182
24.566,0.42632
22.793,0.46066
24.836,0.42281
24.388,0.43295
21.767,0.47731
24.907,0.42875
23.675,0.44682
24.09,0.44093
23.234,0.45315
23.762,0.44121
22.223,0.46935
23.216,0.45537
22.101,0.46897
23.132,0.45789
22.958,0.45879
22.517,0.46638
22.631,0.46402
23.99,0.43264
22.935,0.45043
24.023,0.43792
23.852,0.4337
25.019,0.42174
23.573,0.43907
23.73,0.43509
23.913,0.43822
24.095,0.43455
23.038,0.45362
22.693,0.45356
23.952,0.43278
24.794,0.42363
23.679,0.43978
22.947,0.45034
23.538,0.43653
24.48,0.42771
25.305,0.4125
23.503,0.44015
23.605,0.43902
24.233,0.43028
23.679,0.44067
24.279,0.42999
25.151,0.41931
22.83,0.4531
23.22,0.44888
22.585,0.45956
14.399,0.58439
24.546,0.43031
24.617,0.43121
23.38,0.44544
24.191,0.4313
24.311,0.43282
23.233,0.4491
23.332,0.44732
23.4,0.44472
24.161,0.42992
22.398,0.45709
22.468,0.4609
23.834,0.4346
21.783,0.46742
21.551,0.47272
21.964,0.46729
21.582,0.47371
21.68,0.47161
22.028,0.46635
22.202,0.4616
23.576,0.4471
23.357,0.4397
24.302,0.42659
24.129,0.4295
24.454,0.42107
24.581,0.4232
24.855,0.42438
23.209,0.44389
23.695,0.43091
24.667,0.42318
24.774,0.42299
24.19,0.43304
24.17,0.43223
25.073,0.4205
24.172,0.43198
23.796,0.4356
23.456,0.44141
23.139,0.44633
24.381,0.42776
24.388,0.42943
24.268,0.43325
24.156,0.43349
24.383,0.43057
24.077,0.43239
23.966,0.43355
23.902,0.4292
24.83,0.41633
24.313,0.42536
23.787,0.43467
25.344,0.4116
25.134,0.4154
25.505,0.4083
24.27,0.43039
24.424,0.42706
24.249,0.42785
24.323,0.42661
24.659,0.42158
22.915,0.44979
22.778,0.45136
22.936,0.44547
23.324,0.43824
22.824,0.45024
22.082,0.45464
22.596,0.44902
22.178,0.4579
24.109,0.4321
23.731,0.43727
24.405,0.42665
22.337,0.458
24.199,0.421
24.729,0.41227
23.984,0.42737
23.706,0.43312
23.304,0.4343
23.763,0.42689
23.959,0.42839
23.431,0.43456
24.329,0.41884
22.895,0.43862
24.879,0.41323
24.708,0.41397
24.514,0.42293
24.813,0.41876
25.199,0.4115
23.185,0.44237
24.351,0.42512
24.07,0.42596
24.652,0.41953
24.58,0.42159
25.121,0.41174
24.312,0.42489
22.411,0.44713
24.541,0.4201
21.744,0.45991
22.218,0.45883
22.202,0.45771
24.272,0.4242
23.12,0.44324
22.137,0.45589
21.58,0.46177
22.775,0.44356
23.917,0.43211
23.346,0.43757
24,0.43083
22.736,0.44772
22.094,0.45389
22.611,0.44807
23.296,0.43896
22.015,0.46126
22.601,0.44567
22.096,0.45317
21.819,0.46478
23.618,0.43011
23.892,0.42879
22.982,0.44049
23.573,0.4325
23.168,0.44026
24.532,0.42392
22.958,0.4482
23.672,0.43812
22.525,0.45257
22.401,0.45663
24.436,0.42645
23.123,0.44521
23.32,0.44532
23.788,0.43566
23.776,0.43532
23.208,0.44348
23.94,0.43322
22.737,0.43863
23.366,0.43211
21.563,0.46313
23.243,0.43887
23.716,0.43146
21.663,0.46281
22.528,0.44832
22.353,0.45053
21.676,0.46536
21.674,0.46559
21.994,0.45908
21.981,0.46005
22.722,0.44562
22.65,0.44833
22.632,0.44854
21.363,0.4703
22.001,0.45936
23.38,0.43616
21.792,0.45993
21.962,0.45616
23.051,0.44393
23.111,0.4395
21.216,0.46797
21.639,0.46087
21.751,0.46167
21.148,0.47118
20.741,0.47417
21.934,0.4567
21.36,0.46989
20.921,0.47269
21.376,0.46863
21.104,0.47051
22.774,0.44478
21.218,0.47238
20.504,0.47663
20.627,0.47745
21.519,0.46624
22.382,0.44931
22.044,0.4535
22.476,0.4495
22.063,0.45821
21.206,0.46836
21.992,0.44907
22.084,0.45699
21.477,0.45583
20.779,0.47382
21.04,0.47001
21.608,0.46228
21.43,0.47003
21.547,0.46349
22.129,0.45497
21.668,0.46136
21.638,0.46161
21.435,0.46424
21.295,0.46637
21.855,0.45753
22.505,0.45166
21.854,0.46185
22.386,0.45217
23.006,0.44408
21.93,0.46015
22.944,0.44721
21.864,0.45845
21.829,0.46089
22.351,0.45132
22.003,0.45876
21.285,0.46879
20.862,0.4774
21.125,0.47103
21.182,0.47086
20.529,0.47797
21.627,0.46463
22.025,0.45923
21.754,0.46244
21.552,0.46521
22.37,0.45645
22.671,0.45052
21.561,0.4664
21.261,0.46905
22.264,0.45756
21.509,0.46489
21.194,0.4719
22.582,0.45153
21.199,0.47153
22.571,0.45085
23.121,0.44514
22.528,0.45333
21.722,0.46512
21.116,0.46916
21.689,0.46455
22.08,0.45672
22.365,0.45422
21.77,0.45991
20.049,0.48707
20.262,0.48233
20.238,0.48519
21.805,0.45896
22.703,0.4448
21.03,0.46987
20.549,0.47769
20.783,0.4726
19.597,0.48804
20.806,0.47498
20.839,0.46895
21.622,0.46284
20.91,0.46799
20.37,0.47678
22.532,0.4481
23.255,0.44078
19.239,0.49629
22.599,0.44902
22.832,0.44414
23.775,0.43471
22.37,0.4481
21.463,0.46268
20.508,0.47884
22.67,0.44653
20.941,0.47276
21.049,0.47342
21.043,0.47207
23.459,0.43467
21.935,0.45749
21.75,0.4606
22.166,0.45393
22.568,0.45183
22.462,0.45321
21.764,0.46078
21.647,0.46247
22.145,0.45578
21.643,0.46245
20.169,0.4836
20.894,0.47272
21.41,0.45688
20.301,0.47478
21.593,0.45746
21.582,0.45872
22.49,0.44057
22.169,0.44874
22.956,0.43953
21.875,0.45573
21.634,0.46192
21.911,0.45439
22.218,0.44692
21.88,0.45443
22.949,0.43725
21.562,0.45774
21.269,0.46233
21.902,0.45405
22.493,0.44802
22.092,0.45103
21.556,0.45934
21.815,0.4524
22.37,0.44795
21.846,0.45442
21.468,0.45976
20.837,0.46966
20.218,0.47988
22.173,0.44016
22.422,0.44165
22.118,0.44768
21.018,0.46721
20.31,0.47978
20.646,0.47448
22.015,0.4514
21.71,0.45624
21.2,0.45839
20.741,0.47122
20.047,0.48343
18.819,0.49938
20.883,0.467
20.025,0.47972
20.541,0.4711
21.406,0.46023
20.319,0.47568
20.806,0.47019
20.068,0.48082
19.956,0.48482
19.377,0.49264
19.838,0.4865
20.131,0.4817
20.777,0.46984
21.083,0.46486
21.297,0.46299
21.581,0.45403
21.762,0.45085
20.126,0.4793
20.978,0.46704
21.73,0.45968
21.234,0.4632
19.729,0.48903
20.467,0.47588
20.995,0.46496
21.994,0.45176
21.33,0.46085
21.332,0.45977
23.103,0.43425
20.885,0.46973
21.831,0.45243
20.75,0.46831
20.817,0.47083
20.747,0.46895
21.093,0.46596
21.295,0.46003
22.244,0.44542
21.052,0.46577
20.812,0.47003
21.271,0.46492
21.166,0.46582
21.319,0.46534
21.533,0.46014
21.33,0.4624
21.352,0.46072
21.23,0.46505
21.004,0.46693
21.005,0.46852
22.038,0.45137
19.997,0.48239
20.384,0.47745
20.193,0.47509
20.649,0.46915
20.934,0.46379
21.325,0.45897
20.246,0.47708
20.844,0.465
20.574,0.46454
20.469,0.47116
20.029,0.48354
20.189,0.47773
22.505,0.44257
21.751,0.45422
21.612,0.45895
23.131,0.43352
21.779,0.45437
22.21,0.44589
22.171,0.44801
21.259,0.46491
20.898,0.46818
22.402,0.4503
22.027,0.44942
21.63,0.45573
21.06,0.46386
20.259,0.47741
21.818,0.45668
20.967,0.46786
21.157,0.46281
20.905,0.46959
21.086,0.46336
22.803,0.43745
22.087,0.45257
21.854,0.45695
21.657,0.46156
21.538,0.4613
21.064,0.46335
22.124,0.44689
22.435,0.44224
20.381,0.47758
22.181,0.44753
20.421,0.47592
21.435,0.45688
22.289,0.44299
21.962,0.44821
21.963,0.44779
21.303,0.46347
21.528,0.45576
20.061,0.48011
20.792,0.47009
20.341,0.47828
20.247,0.47964
20.143,0.47888
21.344,0.45994
20.695,0.46829
21.343,0.46025
21.061,0.45781
22.243,0.44331
19.645,0.4826
20.629,0.46939
18.537,0.50441
22.487,0.4451
20.449,0.46848
21.654,0.45632
20.726,0.46852
21.305,0.46026
20.269,0.47641
19.814,0.48686
20.488,0.47275
20.328,0.47786
20.669,0.46913
20.441,0.47251
20.659,0.47002
21.119,0.4626
21.476,0.45835
21.077,0.46479
20.702,0.46521
20.724,0.46556
20.694,0.46908
19.738,0.48199
21.031,0.4643
20.579,0.47235
19.964,0.48052
19.731,0.48138
22.092,0.44764
23.626,0.42428
21.009,0.46197
22.01,0.45062
20.874,0.46614
21.385,0.45658
22.851,0.43485
21.149,0.45896
21.359,0.45646
22.5,0.43953
21.312,0.46319
22.366,0.44693
20.908,0.46634
20.386,0.47341
20.523,0.4724
20.123,0.47826
20.51,0.47279
20.208,0.47752
20.94,0.4641
20.807,0.46463
22,0.44867
19.866,0.47961
22.084,0.44974
21.34,0.4604
21.623,0.45053
22.47,0.44013
21.814,0.45002
22.927,0.4304
20.473,0.47366
21.43,0.45624
22.182,0.44226
21.743,0.45421
21.098,0.46503
21.434,0.45746
20.424,0.47458
21.65,0.4518
20.772,0.46785
21.753,0.45175
21.849,0.45163
22.164,0.44452
21.148,0.45691
21.466,0.45858
21.723,0.45486
20.979,0.46581
21.336,0.45914
21.212,0.46179
21.216,0.461
21.267,0.46037
20.567,0.46986
22.512,0.44146
20.554,0.47393
21.388,0.46085
20.694,0.46706
20.149,0.47561
21.579,0.45703
21.029,0.46266
20.073,0.47837
20.78,0.4662
20.577,0.47357
20.847,0.46767
19.41,0.49007
20.644,0.46569
19.766,0.48455
20.084,0.47966
21.466,0.45131
21.131,0.45619
20.597,0.46959
21.826,0.44346
20.126,0.47859
20.46,0.47307
20.252,0.47734
20.095,0.47569
19.995,0.47793
20.659,0.46752
21.542,0.44875
20.613,0.466
19.806,0.48302
19.742,0.48249
21.238,0.45916
20.005,0.47764
22.797,0.43366
20.409,0.46707
21.822,0.44824
21.754,0.44954
22.476,0.44105
21.978,0.44801
22.42,0.43819
20.386,0.47107
20.201,0.47158
22.384,0.43897
21.089,0.45659
20.393,0.4715
20.201,0.47132
20.896,0.46399
19.43,0.48833
19.642,0.48678
19.715,0.47707
20.61,0.46235
21.175,0.45371
20.5,0.46568
18.755,0.49548
19.106,0.49054
19.112,0.49469
19.789,0.47618
19.831,0.47649
19.58,0.48186
20.386,0.46728
20.56,0.46471
22.64,0.43827
22.913,0.43369
20.821,0.46148
22.152,0.44581
22.418,0.44081
21.28,0.45753
22.334,0.44258
20.92,0.46137
21.97,0.45427
21.277,0.4627
22.538,0.44027
21.234,0.4588
21.855,0.44847
20.245,0.46972
20.835,0.46674
21.544,0.45491
19.68,0.48095
19.462,0.48912
19.348,0.48562
20.201,0.47393
20.558,0.46844
20.151,0.477
20.463,0.4708
20.051,0.47682
21.885,0.446
21.606,0.44776
20.303,0.47264
21.765,0.4492
21.266,0.45435
21.339,0.45283
21.273,0.45475
21.714,0.44469
21.86,0.44523
22.531,0.43462
21.38,0.45699
21.17,0.45813
20.894,0.45707
21.369,0.44976
21.83,0.453
21.158,0.45563
21.19,0.45596
19.999,0.47486
21.707,0.44259
20.176,0.46988
20.499,0.46304
19.537,0.48018
19.854,0.47644
21.804,0.44897
20.936,0.45746
19.874,0.48004
20.578,0.46847
19.947,0.47641
19.398,0.48873
20.756,0.46314
20.211,0.47788
20.375,0.47105
20.24,0.47633
20.763,0.46421
20.543,0.46719
20.18,0.47431
20.795,0.46069
22.655,0.43676
20.814,0.4607
20.697,0.46553
21.392,0.4548
20.164,0.47242
19.591,0.48389
19.626,0.48172
19.721,0.47908
19.703,0.47995
19.544,0.48249
20.518,0.46829
20.527,0.4665
21.578,0.45079
20.769,0.46086
19.789,0.4814
20.208,0.47626
21.393,0.45294
21.221,0.46038
21.315,0.45937
15.053,0.55093
20.519,0.46569
21.634,0.44977
22.952,0.42904
19.535,0.48062
20.913,0.4606
19.768,0.47728
19.874,0.47108
21.478,0.44912
20.924,0.45758
19.395,0.48927
21.147,0.45866
20.01,0.47874
20.221,0.47101
19.827,0.4802
20.436,0.47311
20.375,0.46575
19.977,0.47585
21.049,0.45932
19.568,0.48277
19.774,0.47977
18.758,0.49715
19.66,0.48287
19.899,0.47632
21.178,0.45408
20.901,0.45904
19.574,0.47689
20.611,0.46907
21.411,0.44955
20.113,0.47224
20.864,0.45429
22.289,0.43336
21.573,0.44438
20.243,0.46709
20.858,0.45842
21.637,0.44637
22.231,0.43675
21.66,0.44494
20.046,0.47666
21.329,0.45244
21.35,0.45563
22.099,0.44143
21.02,0.45703
21.3,0.45823
20.236,0.47259
20.217,0.47361
21.188,0.45767
20.518,0.46552
20.877,0.46321
20.479,0.46676
21.01,0.46152
20.48,0.4713
20.564,0.46364
20.351,0.47206
19.675,0.4806
20.047,0.47776
21.201,0.4584
20.516,0.46565
20.017,0.4788
19.122,0.49024
19.533,0.48293
21.342,0.45354
20.238,0.4739
21.061,0.45981
20.307,0.46508
20.415,0.46657
20.035,0.47129
20.572,0.46557
20.739,0.46097
19.725,0.47755
20.113,0.46871
20.112,0.47096
20.049,0.47428
20.299,0.46857
20.109,0.47424
20.489,0.46739
20.401,0.46458
16.94,0.51927
20.681,0.46265
19.772,0.47773
19.632,0.48359
21.271,0.45621
20.595,0.471
21.074,0.46221
19.756,0.48198
20.637,0.46426
20.752,0.46245
19.369,0.48843
20.815,0.46432
19.769,0.47484
19.722,0.47641
20.773,0.4657
21.156,0.45499
21.251,0.4543
21.162,0.45259
19.694,0.48167
21.117,0.45386
19.257,0.48326
19.504,0.48616
20.313,0.4721
19.409,0.48396
19.791,0.47723
19.695,0.47992
20.02,0.47577
19.741,0.4784
20.417,0.47122
20.301,0.47206
20.194,0.46929
20.225,0.46935
20.547,0.46724
19.175,0.48879
20.497,0.46786
20.408,0.46632
20.08,0.47329
20.773,0.45966
21.916,0.44281
21.228,0.45464
20.844,0.46303
21.962,0.44951
20.397,0.47187
20.671,0.46675
20.565,0.46894
20.808,0.46425
20.588,0.46716
22.059,0.43934
21.48,0.44879
20.361,0.47234
21.252,0.45687
21.086,0.46302
20.704,0.46918
21.533,0.45188
21.862,0.44845
20.518,0.46873
22.827,0.43209
20.454,0.47234
20.469,0.46778
21.046,0.45955
21.529,0.45373
20.572,0.46952
20.345,0.47356
20.822,0.46558
20.542,0.47077
21.175,0.4587
20.731,0.46784
20.833,0.4644
20.883,0.46267
20.619,0.46787
21.009,0.46035
22.07,0.43782
20.001,0.47149
21.287,0.44771
21.195,0.45213
20.532,0.4674
20.538,0.46924
20.861,0.46307
19.716,0.48113
19.871,0.47596
20.582,0.46832
19.955,0.47887
20.528,0.47134
19.879,0.47915
19.877,0.4811
19.821,0.47904
19.343,0.48718
20.913,0.46526
19.236,0.48845
18.889,0.49612
19.961,0.47951
20.852,0.4639
19.993,0.47864
20.373,0.47235
19.626,0.4825
20.232,0.46901
20.02,0.47515
19.536,0.48259
19.427,0.48212
19.312,0.48573
19.011,0.49082
19.864,0.47919
19.924,0.48005
20.188,0.47454
20.325,0.47102
19.852,0.4798
19.734,0.48295
20.926,0.45358
20.107,0.47395
20.946,0.45577
21.251,0.45342
20.084,0.47198
20.168,0.47101
21.323,0.45241
20.34,0.4712
19.994,0.47352
20.429,0.46732
20.6,0.46623
21.037,0.45756
19.894,0.4753
19.646,0.48107
19.953,0.47478
19.836,0.47376
19.849,0.47828
19.745,0.48041
20.352,0.46978
19.38,0.48707
20.475,0.47065
19.312,0.48843
19.824,0.47702
19.694,0.48064
21.269,0.4577
20.425,0.47202
20.847,0.46546
20.511,0.4666
20.977,0.46368
18.876,0.49488
20.057,0.47561
19.821,0.47933
20.946,0.46334
19.898,0.48033
20.011,0.47635
19.448,0.48486
20.698,0.46713
18.971,0.49194
18.906,0.49443
19.506,0.48528
18.62,0.49889
19.907,0.47893
19.497,0.48575
19.345,0.48791
19.289,0.48935
18.43,0.50087
19.498,0.48643
19.406,0.48757
18.886,0.48922
20.301,0.46904
18.716,0.49595
19.121,0.4869
18.911,0.4911
18.182,0.50357
19.329,0.48206
18.819,0.49094
17.533,0.5127
18.627,0.49456
17.653,0.51146
17.51,0.51494
19.161,0.48559
19.553,0.47775
19.834,0.47544
19.875,0.47588
19.319,0.48321
18.514,0.49627
19.856,0.4761
19.828,0.47793
18.764,0.49138
20.201,0.47566
19.427,0.48444
20.381,0.46904
20.749,0.46261
20.606,0.46284
19.317,0.4845
20.806,0.46413
19.909,0.47703
19.679,0.48109
20.452,0.46843
20.795,0.46433
18.648,0.49571
19.645,0.47988
19.343,0.48405
18.256,0.50087
19.452,0.47773
19.247,0.48182
19.485,0.48106
19.508,0.47233
18.783,0.4866
19.51,0.48172
19.286,0.482
19.926,0.47362
19.68,0.4766
19.741,0.47597
20.102,0.46883
19.213,0.48531
19.109,0.48133
19.562,0.47566
20.294,0.46475
20.506,0.46311
20.545,0.46355
19.183,0.48458
19.683,0.47687
19.356,0.48058
19.609,0.47482
18.708,0.49013
20.229,0.46816
19.827,0.47213
18.95,0.48408
18.995,0.48267
18.982,0.48387
18.584,0.48973
18.91,0.48592
18.893,0.48468
19.123,0.48235
18.077,0.4957
19.269,0.48074
19.335,0.47854
19.517,0.47661
18.91,0.48425
19.106,0.48059
18.741,0.48758
18.817,0.48717
18.685,0.48904
18.489,0.49052
18.57,0.48891
17.759,0.50078
18.075,0.49682
16.874,0.5155
17.373,0.50618
16.967,0.51318
17.327,0.50771
19.613,0.46823
20.272,0.45804
19.752,0.46658
19.977,0.46271
19.427,0.46791
18.616,0.48249
18.204,0.49075
19.597,0.46565
18.438,0.4873
18.022,0.49173
18.51,0.48528
18.254,0.48897
18.212,0.48579
18.096,0.48872
17.728,0.49486
16.926,0.50589
17.271,0.50074
16.892,0.50627
16.271,0.51486
15.644,0.52733
15.882,0.52268
17.043,0.50314
15.204,0.53274
15.915,0.52048
16.083,0.51619
15.67,0.52247
16.202,0.5115
15.592,0.52258
15.582,0.52221
16.992,0.49639
16.757,0.50122
15.672,0.51616
15.258,0.52348
15.95,0.51074
14.959,0.52717
15.322,0.52095
15.375,0.51842
14.493,0.53585
15.882,0.51213
15.115,0.52398
14.923,0.52698
15.045,0.52459
14.912,0.52418
14.533,0.53114
14.536,0.52948
14.461,0.53204
14.387,0.53319
14.362,0.53244
15.583,0.50942
14.653,0.52481
15.146,0.5154
15.17,0.51408
14.408,0.52747
14.3,0.52877
14.141,0.53146
13.664,0.54022
13.868,0.53542
13.807,0.53492
14.125,0.53051
13.987,0.53105
13.17,0.54273
13.306,0.5415
13.027,0.54533
12.655,0.54993
12.66,0.55035
12.099,0.56203
12.46,0.55352
13.08,0.54521
13.337,0.53861
12.43,0.55583
12.366,0.55659
12.096,0.55869
13.064,0.5351
12.881,0.5383
13.065,0.53622
12.412,0.54754
13.006,0.5358
12.663,0.5416
12.734,0.53735
12.524,0.54318
12.051,0.55204
12.205,0.54804
11.812,0.55533
12.109,0.54797
12.54,0.53813
11.898,0.55015
12.027,0.548
11.602,0.55501
11.669,0.55185
11.425,0.55587
10.965,0.56498
11.496,0.55391
11.07,0.56114
11.349,0.55544
11.212,0.55548
11.118,0.5561
11.459,0.55213
11.383,0.55233
11.834,0.54144
11.795,0.54197
11.533,0.54602
11.574,0.5451
11.498,0.54588
11.438,0.54652
10.673,0.55975
11.189,0.54971
10.762,0.5585
10.697,0.56023
11.11,0.5471
10.514,0.55753
10.544,0.55518
10.347,0.55995
11.423,0.53795
10.633,0.5515
10.563,0.55046
10.223,0.55919
10.225,0.55705
9.8653,0.564
10.321,0.55383
10.278,0.55458
10.633,0.54614
11.213,0.53119
10.408,0.54921
10.576,0.54361
10.297,0.54943
10.29,0.54935
10.28,0.54613
9.4044,0.56576
9.9572,0.55449
9.4455,0.56413
9.3717,0.5644
9.9113,0.55167
10.322,0.54131
9.6165,0.55184
9.5543,0.55415
9.6511,0.54881
9.8642,0.5454
9.617,0.54943
8.9189,0.5684
9.7422,0.54516
8.89,0.56473
9.3584,0.54863
8.6836,0.56946
8.8861,0.56234
10.624,0.52333
10.752,0.51858
10.582,0.51894
10.325,0.52692
9.9283,0.5264
10.482,0.51635
10.452,0.51799
10.164,0.52655
10.324,0.51741
10.156,0.51999
10.527,0.51016
9.9808,0.52126
10.101,0.51643
9.4564,0.52787
8.8818,0.53923
9.2762,0.53262
9.6381,0.52475
9.1894,0.53425
8.9248,0.53637
9.6373,0.51947
9.0674,0.53513
9.214,0.5294
9.219,0.53058
9.596,0.5215
8.451,0.54305
7.9554,0.55977
9.1892,0.52627
8.037,0.55401
9.4867,0.51944
8.6599,0.53786
8.507,0.54205
9.2754,0.51884
8.4281,0.53348
8.2188,0.54025
8.5121,0.54234
8.8819,0.52503
8.2665,0.54106
9.2079,0.51741
8.5719,0.53676
9.0123,0.51995
8.1801,0.54492
7.7714,0.54813
7.24,0.56395
7.7358,0.54631
7.9568,0.53364
8.0103,0.53293
8.1435,0.52962
7.7649,0.53651
6.8299,0.57121
6.9566,0.55984
6.8961,0.56454
6.9499,0.55804
7.06,0.55378
7.1565,0.54844
7.112,0.54878
6.8512,0.55723
7.1162,0.54358
7.3058,0.53781
6.7852,0.54777
7.5194,0.52601
7.4703,0.52677
6.808,0.54333
6.1648,0.55774
6.3793,0.54834
6.6284,0.54009
6.2329,0.55206
5.6854,0.56647
5.2298,0.58454
5.2576,0.58227
5.2501,0.5816
5.0817,0.5865
4.9122,0.58818
5.347,0.56948
5.2988,0.56814
4.9708,0.58139
4.8196,0.58462
4.9535,0.57805
4.8592,0.58138
5.2144,0.55701
4.7332,0.57868
4.6398,0.58037
4.6574,0.57226
4.7189,0.57143
5.0212,0.5462
5.1515,0.53997
6.0372,0.50286
5.6904,0.5066
5.4399,0.52038
5.0479,0.53578
5.2664,0.51588
5.4573,0.50574
4.7316,0.53987
4.2853,0.56839
4.0288,0.5737
5.2086,0.50711
5.4006,0.5053
5.6119,0.49171
5.7894,0.48119
4.766,0.53435
4.3967,0.54943
5.4753,0.49649
5.8485,0.47476
5.6996,0.47217
5.5665,0.48181
5.6917,0.47644
6.2554,0.44908
5.6932,0.46205
6.0859,0.44927
5.7586,0.45468
5.6132,0.45936
4.9822,0.47959
4.9561,0.47272
5.8348,0.43451
4.8043,0.48297
5.0247,0.46552
5.5191,0.44189
5.5293,0.44215
5.5897,0.43858
5.791,0.42832
6.1481,0.41156
5.991,0.41826
4.5814,0.48443
5.1921,0.45447
5.338,0.4509
5.3095,0.45622
5.3483,0.44445
5.0139,0.45659
6.9244,0.37061
6.4179,0.39084
5.2304,0.45074
6.8627,0.37119
6.4957,0.3863
4.4994,0.45481
5.7256,0.41812
5.0546,0.44426
6.0194,0.40129
5.3061,0.42888
5.2575,0.43136
4.8498,0.4574
5.1838,0.44471
6.7724,0.3691
5.2196,0.44023
5.2228,0.43824
5.6422,0.40543
6.0462,0.38548
7.2269,0.32613
7.1205,0.33899
7.7763,0.31017
7.5254,0.31962
7.201,0.33438
7.0647,0.34477
6.7086,0.35028
7.8327,0.3043
6.4492,0.3694
6.3003,0.37056
6.4947,0.35981
7.4188,0.31459
4.8591,0.43083
7.6059,0.30751
7.598,0.30711
7.3084,0.32298
7.1299,0.32288
8.0115,0.27445
7.7665,0.28804
7.5118,0.29273
5.6119,0.37417
7.707,0.28889
7.4068,0.2977
7.1971,0.30621
7.1559,0.3132
7.5475,0.28719
7.2605,0.30704
7.7097,0.27431
7.4766,0.29225
7.0585,0.32554
5.536,0.3898
5.9303,0.34729
5.8532,0.35629
5.7923,0.36041
6.0872,0.345
8.8698,0.2224
8.1707,0.25226
7.8122,0.27344
7.8918,0.26586
8.2397,0.24913
8.5581,0.23471
8.1702,0.2502
8.438,0.23851
8.4237,0.23911
8.3824,0.2449
8.0194,0.26045
8.2645,0.24746
8.4451,0.2258
8.3877,0.22765
5.6947,0.3431
5.6977,0.3458
5.5853,0.36624
6.3512,0.3104
7.9578,0.25011
5.7589,0.34301
5.956,0.32795
8.3203,0.23692
7.7134,0.25899
7.7389,0.26091
7.7681,0.25784
7.5793,0.26868
6.5517,0.30021
6.0213,0.33707
7.4039,0.28085
7.6488,0.27148
8.7505,0.21112
6.3397,0.30163
8.5971,0.21484
6.2079,0.31138
5.9102,0.33408
6.3591,0.3045
8.2122,0.23509
9.1372,0.19968
8.028,0.2357
6.7543,0.28374
5.8387,0.33419
6.6491,0.29854
6.8219,0.31173
6.7678,0.29024
6.4977,0.33397
7.6451,0.25577
6.5328,0.30337
5.5625,0.35849
6.7071,0.28969
6.5681,0.31182
7.3594,0.2622
5.038,0.367
4.7946,0.39349
4.9441,0.38548
5.3634,0.35266
4.649,0.40402
4.5654,0.40214
4.732,0.40206
4.7067,0.39465
5.0151,0.37325
6.042,0.31421
6.2676,0.30019
6.4431,0.29728
5.1627,0.35547
4.28,0.42588
6.5208,0.29198
6.4381,0.30225
4.7241,0.39218
5.4929,0.34036
5.469,0.34023
6.534,0.29691
6.8727,0.28469
5.1675,0.36587
7.0182,0.27244
5.224,0.35497
7.8361,0.22761
6.7275,0.28284
7.3304,0.25212
6.4907,0.29664
7.1885,0.25913
7.713,0.2349
7.4108,0.24773
7.3735,0.24983
7.3779,0.25029
4.0661,0.42198
4.0409,0.44293
4.0413,0.43542
3.8969,0.44312
4.5634,0.39456
4.177,0.42347
4.6764,0.38802
3.7944,0.45295
4.1895,0.41938
4.2649,0.41573
3.8912,0.44737
3.6889,0.47141
5.0873,0.3581
6.377,0.30161
5.0526,0.36062
6.8451,0.26862
6.2908,0.29833
5.2468,0.34703
4.082,0.44026
4.3155,0.41879
4.4901,0.40678
4.8016,0.37468
4.896,0.37051
6.0557,0.3237
6.4005,0.28953
4.2402,0.42338
4.6736,0.37878
4.9381,0.35849
6.2787,0.29759
6.4729,0.28588
6.3886,0.29202
6.1646,0.3084
5.9714,0.31547
5.6057,0.33621
3.6626,0.47609
6.0366,0.31835
5.5835,0.34743
5.394,0.35877
6.5598,0.28802
6.4622,0.29651
5.2726,0.37119
5.1769,0.38083
6.3219,0.30778
6.518,0.29578
5.8007,0.33355
6.3881,0.29974
5.5572,0.34133
6.0385,0.31653
4.7104,0.38095
6.7119,0.26421
6.6415,0.27315
4.3741,0.41037
6.2936,0.29493
6.7024,0.26905
5.9582,0.31101
4.3438,0.40758
4.5144,0.39132
4.6402,0.37774
4.3161,0.40252
4.106,0.42366
6.4595,0.28159
6.4682,0.28563
6.5356,0.2872
6.2695,0.29339
6.7572,0.26997
6.7227,0.25963
6.1348,0.30676
6.2594,0.29245
6.0675,0.30473
6.2223,0.29427
6.4212,0.28368
6.6315,0.27105
5.6847,0.32618
5.8333,0.31
4.6846,0.389
5.7274,0.32219
5.4784,0.33277
5.3162,0.35577
5.8256,0.31802
5.0314,0.38165
4.9098,0.37925
5.3615,0.35126
4.9141,0.38791
5.4404,0.35271
6.9616,0.25789
6.3852,0.27948
6.529,0.26823
6.3493,0.27098
5.4603,0.3387
6.303,0.28498
6.7433,0.25899
6.7418,0.27147
6.5066,0.27084
6.3818,0.28248
6.4023,0.27395
5.8607,0.31869
5.7231,0.3185
6.5048,0.27648
6.4333,0.28149
5.8896,0.31377
5.4807,0.3342
6.5139,0.27198
5.5553,0.33118
5.0643,0.35733
5.869,0.31234
5.1987,0.35511
4.9792,0.3688
5.5724,0.33416
5.6543,0.31223
6.068,0.29318
6.5383,0.26221
5.8798,0.29738
6.0086,0.28732
6.3519,0.27161
6.2917,0.2804
5.687,0.31388
5.8834,0.30221
3.7395,0.42268
5.5987,0.31491
5.4417,0.33327
5.7011,0.30806
5.7008,0.30939
6.0825,0.28205
5.8413,0.30507
6.1699,0.28809
6.4731,0.26559
6.0012,0.30471
5.8753,0.30616
5.6059,0.31789
5.6458,0.31874
6.3766,0.28945
6.0649,0.29272
3.3294,0.46793
3.0732,0.48661
3.0782,0.49254
3.0683,0.50034
3.2041,0.48245
3.5326,0.44597
3.6514,0.43889
3.4717,0.45647
3.2325,0.48103
3.3503,0.46738
3.2804,0.4734
3.4109,0.46942
4.4064,0.37873
5.898,0.29505
5.6459,0.31097
5.6309,0.31731
6.1181,0.28311
5.7384,0.31206
5.7172,0.31043
5.8874,0.30356
5.993,0.30393
6.3416,0.27406
6.0212,0.29529
5.6844,0.31712
5.9104,0.30307
5.8192,0.31053
5.422,0.31809
6.2,0.28188
5.8414,0.30726
4.858,0.36921
5.0911,0.35841
6.0695,0.29646
5.78,0.31008
6.1707,0.28698
5.5105,0.32238
4.7714,0.3718
6.191,0.27649
5.504,0.31932
5.6033,0.32433
6.013,0.28454
6.7579,0.24048
5.2604,0.33334
5.2387,0.33721
3.5018,0.45453
5.1118,0.35617
4.6988,0.38377
4.0468,0.4336
3.4218,0.47032
6.5038,0.25887
5.7509,0.30098
5.3862,0.33215
5.926,0.28864
5.8266,0.29806
5.9107,0.29524
5.5596,0.32055
5.4338,0.32165
5.5517,0.31376
5.532,0.3221
5.5801,0.31889
5.0268,0.35389
5.043,0.35561
5.6881,0.30677
5.4335,0.33034
5.2925,0.33622
5.5715,0.30858
5.9531,0.29662
5.7178,0.31761
5.8675,0.30364
6.0707,0.27988
5.4943,0.32112
5.3062,0.33972
4.634,0.38607
5.7395,0.29699
6.259,0.26802
6.1658,0.28337
4.7397,0.38049
4.6216,0.37635
6.1808,0.27617
5.8229,0.29584
6.29,0.27466
6.1755,0.27681
5.1224,0.34301
5.0711,0.3537
5.5397,0.33313
6.0334,0.28262
5.7026,0.29559
5.4098,0.30832
6.2543,0.26492
5.7957,0.3045
5.3947,0.33426
5.462,0.32371
5.8909,0.31891
5.2504,0.34076
4.9703,0.35544
5.527,0.32939
5.0622,0.34657
5.492,0.31984
5.2976,0.33968
5.7165,0.31577
4.8957,0.35483
4.5665,0.38291
5.2979,0.32838
5.4531,0.34009
4.9458,0.35655
4.8039,0.36739
5.3306,0.32381
5.1941,0.33177
4.1755,0.42113
5.5342,0.32088
5.7698,0.29702
5.7894,0.30215
5.4989,0.3257
5.7397,0.30761
5.7608,0.29486
5.2965,0.316
5.7798,0.29725
5.362,0.31872
5.6527,0.30108
5.5406,0.30579
5.7959,0.28978
3.6795,0.42276
3.7285,0.42125
4.1518,0.39172
3.8981,0.42167
3.8366,0.42588
5.7601,0.28389
5.1379,0.33135
4.4902,0.36045
4.6218,0.37507
5.1996,0.33778
5.9234,0.28521
5.1529,0.33761
6.0607,0.2838
5.4089,0.32276
5.6759,0.30253
6.043,0.27555
5.5143,0.31072
5.5166,0.31638
5.6977,0.30521
6.1676,0.27017
5.8823,0.28702
5.5827,0.30643
5.3962,0.31739
5.6869,0.29414
5.1933,0.35287
5.1424,0.34289
5.9831,0.28433
6.0082,0.27894
5.7568,0.30244
5.2531,0.32752
5.4163,0.31751
5.9699,0.29174
6.0066,0.27415
5.8518,0.28604
5.4148,0.32405
5.3062,0.32553
5.525,0.30693
6.157,0.27459
5.9445,0.28401
5.8804,0.28852
5.7649,0.28866
5.8382,0.30092
5.3942,0.3319
4.7629,0.36798
5.2448,0.32419
5.3777,0.30908
5.6152,0.29467
5.9358,0.28809
5.5515,0.31079
6.178,0.27194
6.4954,0.25021
5.963,0.27702
5.695,0.29534
5.8702,0.27498
5.6949,0.28635
6.2314,0.2668
5.7208,0.29559
5.7353,0.30256
4.9743,0.33746
5.2355,0.32365
5.2859,0.32124
5.2876,0.33217
5.04,0.35271
5.5992,0.3058
5.5591,0.30744
5.4307,0.31259
5.3345,0.32425
5.5422,0.31634
6.1273,0.27349
5.517,0.31603
5.427,0.33604
5.6861,0.3085
5.6277,0.31905
5.8777,0.29798
5.9357,0.30168
5.7855,0.31868
5.2269,0.34098
5.3706,0.33291
5.5457,0.31165
5.9232,0.29249
5.0537,0.35742
5.3694,0.33195
5.173,0.33614
5.9162,0.28824
4.5009,0.34834
4.9188,0.34155
4.8062,0.35554
4.3543,0.39877
4.7327,0.3565
5.0767,0.32801
4.7859,0.35849
4.4896,0.37906
4.5021,0.37235
4.6911,0.36689
5.0689,0.34694
4.4694,0.37877
3.1465,0.46733
3.4617,0.44432
4.6783,0.37377
5.3408,0.3189
5.1377,0.32007
4.9361,0.35863
5.5391,0.30924
5.0012,0.34901
5.4889,0.3095
5.3412,0.32604
5.1482,0.33429
5.3095,0.32619
3.7716,0.41609
3.6429,0.43406
3.4004,0.45748
3.8987,0.4081
3.8754,0.41119
3.9932,0.40736
4.3788,0.37491
4.1174,0.391
5.1849,0.33477
5.6929,0.29457
6.0284,0.28388
6.0616,0.28072
5.1853,0.33301
4.7675,0.36172
4.7675,0.35649
4.9383,0.34395
4.7594,0.35834
5.0018,0.34171
4.9539,0.35498
4.4795,0.39795
4.7462,0.37754
5.166,0.33814
4.8378,0.35413
5.0712,0.34959
4.9753,0.33122
5.2484,0.32739
4.9324,0.3523
4.7041,0.36802
5.3453,0.32867
5.377,0.31316
5.0962,0.33428
5.0871,0.33764
4.6996,0.35876
5.3358,0.31444
4.9044,0.35161
5.5362,0.30902
5.3575,0.31511
5.2055,0.32282
5.1279,0.33425
5,0.33663
5.706,0.2942
5.4461,0.31141
5.0201,0.34004
5.1656,0.32869
5.0623,0.33745
6.0272,0.25984
4.8755,0.34401
5.2179,0.33453
4.6532,0.36964
5.0862,0.3288
5.2464,0.31627
4.9879,0.34389
5.2698,0.32439
5.1549,0.32919
5.2437,0.32465
4.4475,0.37874
4.9108,0.34733
5.4821,0.29129
5.4996,0.30422
4.4585,0.37254
4.7826,0.36862
5.1409,0.33238
5.6294,0.3003
5.4128,0.31943
5.2013,0.33768
4.9237,0.35015
5.0412,0.3277
3.9059,0.42859
4.6614,0.36965
4.5123,0.38654
4.7817,0.36124
5.1263,0.33998
4.9298,0.33723
5.5641,0.30028
4.9134,0.34764
5.4219,0.31038
5.2606,0.31844
5.2167,0.33186
5.3649,0.32412
4.9871,0.33873
5.013,0.33878
4.9792,0.34086
4.5603,0.36965
4.5514,0.36984
3.7931,0.40065
4.1678,0.37012
6.2444,0.24928
5.2257,0.31788
5.6714,0.29233
5.9302,0.27609
5.9946,0.26865
6.4385,0.24451
6.4212,0.24098
6.3735,0.24391
5.4206,0.3032
5.9528,0.27644
5.7136,0.29589
5.5582,0.31507
5.8961,0.27429
5.6853,0.28624
3.5529,0.43449
4.8298,0.36003
5.239,0.3239
5.23,0.34284
5.3497,0.32401
5.255,0.33705
5.4127,0.3161
5.3922,0.32229
4.8306,0.35212
3.3053,0.44952
5.1178,0.33209
4.5006,0.37446
5.4207,0.30662
4.1773,0.3857
5.2223,0.31979
5.1403,0.33374
4.8507,0.35395
4.8527,0.35552
5.3741,0.32556
5.0898,0.33408
5.4695,0.30436
5.4961,0.30741
5.3029,0.32442
4.7007,0.36316
5.1666,0.3295
5.4426,0.30618
5.3959,0.30483
4.7881,0.35735
4.7026,0.35776
4.9809,0.33292
5.3087,0.31037
5.7256,0.28555
5.5316,0.29936
5.7283,0.28114
5.4089,0.31574
5.7589,0.28742
4.8017,0.34577
5.2922,0.30351
4.9509,0.3363
5.3211,0.30786
4.8201,0.34378
4.96,0.3322
5.4009,0.30266
5.164,0.32444
5.7762,0.27525
3.6488,0.41073
3.6928,0.40598
5.0066,0.32329
4.7831,0.33559
4.893,0.33762
5.2378,0.30706
5.8097,0.26999
5.6438,0.27134
5.2399,0.3062
3.2838,0.4587
3.9104,0.3857
5.3525,0.30767
5.2923,0.31562
5.24,0.32646
5.518,0.30452
5.559,0.30147
3.2269,0.44118
3.0076,0.47059
2.8938,0.49
4.7925,0.34507
5.3775,0.30808
2.9713,0.47099
3.6101,0.42153
4.8662,0.3428
5.7975,0.28271
5.5848,0.28294
5.5369,0.29961
4.6132,0.36866
4.4691,0.37064
5.0881,0.32543
5.4239,0.30447
5.4073,0.3257
4.839,0.34708
4.402,0.38099
5.0198,0.33593
5.9632,0.26785
5.6253,0.29224
5.5853,0.29963
5.5565,0.30438
6.0618,0.26487
5.7169,0.29571
5.2578,0.31412
5.6619,0.28297
5.5903,0.2878
4.4504,0.36951
5.452,0.30024
5.3489,0.30567
4.969,0.32427
3.906,0.40286
5.1648,0.30345
4.2731,0.38106
6.3207,0.24538
4.9749,0.33884
5.2533,0.31813
5.3921,0.30103
5.3038,0.30946
4.461,0.37201
4.8553,0.33746
4.9726,0.33765
5.1172,0.32231
6.1001,0.26069
6.4111,0.24348
5.732,0.29866
5.5358,0.31053
5.2942,0.32163
5.2328,0.32025
5.3882,0.30484
5.8413,0.28298
4.9646,0.34052
5.2291,0.32818
5.4868,0.30519
4.9,0.32624
4.5123,0.36688
5.5058,0.2988
5.4426,0.30428
5.1195,0.32883
5.3487,0.30554
5.278,0.30891
5.0322,0.33674
4.7934,0.35774
4.8258,0.34206
2.8535,0.48899
4.7844,0.35785
3.6788,0.42091
4.9061,0.34106
4.098,0.38777
5.2716,0.3182
4.9685,0.33909
5.3166,0.31496
5.2033,0.32674
5.7459,0.28864
5.4444,0.30445
5.7247,0.28661
5.4949,0.30496
5.1997,0.31583
5.2889,0.30547
5.318,0.31111
4.6547,0.35507
4.9908,0.33443
4.9583,0.34285
4.9859,0.33944
5.3896,0.30677
5.6246,0.29095
5.2806,0.31435
5.667,0.27576
4.8214,0.3467
5.2438,0.31875
4.9676,0.34559
4.6932,0.35805
4.7923,0.35515
4.9191,0.34038
4.571,0.36528
4.8689,0.35017
4.9798,0.3311
5.0982,0.32003
5.77,0.27156
5.2441,0.3018
5.1994,0.31205
4.8129,0.35074
4.8484,0.32874
5.1165,0.31152
4.9474,0.32678
4.4611,0.36468
4.5503,0.36265
4.6026,0.35199
4.7719,0.34192
4.9482,0.33445
4.4008,0.37894
4.7127,0.35046
5.1188,0.31983
4.6599,0.35297
4.1982,0.37922
4.4024,0.36799
4.4248,0.36129
4.1888,0.39099
4.3208,0.37553
4.9681,0.33731
4.634,0.3653
4.1546,0.39422
4.3711,0.37853
4.5685,0.36729
4.4696,0.3698
4.5867,0.36928
4.9421,0.34312
4.9468,0.34375
4.9694,0.35791
4.6497,0.3709
4.9417,0.33589
5.3038,0.31141
5.1009,0.33942
5.0874,0.3281
5.5164,0.30144
4.6401,0.36454
4.7771,0.36597
5.11,0.33779
5.2597,0.29906
5.1575,0.32192
5.5419,0.28579
4.6325,0.35844
5.24,0.31404
4.8554,0.33682
5.854,0.27028
5.264,0.31077
4.8596,0.34254
5.1568,0.3164
5.2259,0.31382
5.2471,0.32902
4.2172,0.38284
5.2825,0.29883
3.7505,0.40162
5.2398,0.31325
5.4761,0.29778
5.6232,0.28511
5.5055,0.29286
5.5392,0.28956
4.972,0.33679
5.1775,0.32079
5.2174,0.31752
5.5326,0.29278
4.0653,0.39128
4.0647,0.39542
4.1983,0.38392
3.8454,0.40579
4.328,0.37919
4.2917,0.37904
5.1154,0.32081
4.906,0.33161
5.2105,0.31479
4.4156,0.37251
4.7338,0.3467
4.4018,0.37241
4.8108,0.33431
5.4881,0.28707
5.4475,0.30024
3.8967,0.41604
4.1808,0.39076
5.3117,0.30402
4.8065,0.33936
4.507,0.36812
4.866,0.33967
4.6493,0.36048
4.9444,0.33193
4.8236,0.33279
4.8941,0.32936
4.9753,0.32481
5.1192,0.32019
4.4805,0.36467
4.991,0.33232
4.3194,0.37533
4.5446,0.35528
4.0815,0.39945
5.1002,0.33127
5.0382,0.33016
4.9793,0.33136
5.4178,0.29266
4.8119,0.33927
5.5446,0.29143
5.1817,0.31263
5.0084,0.31693
5.6772,0.2878
5.5459,0.29218
5.0239,0.326
5.2275,0.30973
5.1692,0.31664
5.9171,0.26942
4.4967,0.36753
4.9794,0.33161
4.9207,0.32282
5.2882,0.30247
4.5821,0.36067
4.5721,0.36288
5.8563,0.2618
5.3492,0.30606
5.0177,0.33832
4.356,0.38949
5.3092,0.30962
5.2835,0.30362
5.2592,0.30211
5.1003,0.31906
4.9012,0.33001
5.0728,0.31465
4.453,0.36055
3.9961,0.39813
4.7173,0.33437
4.1311,0.37981
4.8913,0.33945
4.2216,0.3814
4.7,0.33851
5.4549,0.29057
4.7075,0.35072
4.1033,0.39362
4.8086,0.3365
4.4439,0.36946
5.1905,0.30804
5.1406,0.31655
5.2995,0.30523
4.8089,0.33714
5.9733,0.25764
5.3558,0.29929
5.0208,0.32784
5.0829,0.32182
5.8709,0.25885
5.7417,0.27551
4.7131,0.35423
4.7398,0.35034
5.0793,0.32114
7.1003,0.21035
4.9384,0.33867
5.45,0.29651
5.2062,0.30929
4.7364,0.33991
4.6409,0.36047
3.6461,0.40489
5.3005,0.30604
5.2158,0.31421
4.959,0.32031
5.403,0.29205
4.9185,0.33408
4.8468,0.33886
5.7683,0.2751
4.7848,0.33789
5.1249,0.32219
5.17,0.31936
4.3884,0.37282
3.7832,0.41929
6.503,0.21147
4.5511,0.36033
4.1055,0.39574
4.4729,0.36817
5.4262,0.29229
5.1959,0.3032
4.5059,0.36178
4.4432,0.37211
4.8077,0.32956
4.1203,0.39722
3.7048,0.43294
4.6097,0.34891
4.3258,0.37169
4.4304,0.3751
4.8779,0.33437
5.9047,0.25298
5.5382,0.2706
5.2572,0.3057
4.9579,0.33185
5.1339,0.32131
6.4646,0.21213
5.1552,0.30634
4.1878,0.37805
5.5898,0.28436
5.0517,0.30488
4.2615,0.3753
5.4848,0.28294
4.9257,0.32253
4.7992,0.33223
4.0855,0.38976
3.9954,0.39343
4.7092,0.34646
4.4938,0.37717
5.6233,0.27085
5.6384,0.26897
4.5845,0.35835
5.0208,0.335
4.6906,0.34346
5.6838,0.27154
5.0297,0.32359
4.5147,0.36947
4.8753,0.33983
5.2407,0.30291
5.4041,0.29413
5.0856,0.31507
5.4469,0.29094
5.26,0.31485
5.2747,0.3182
5.2391,0.32251
5.646,0.28865
5.9267,0.24022
6.1375,0.24568
5.2795,0.30315
5.6886,0.28288
5.7949,0.26669
6.0451,0.24237
5.5922,0.27669
5.6208,0.2789
5.2754,0.29681
5.103,0.31182
5.3012,0.2997
4.8042,0.33737
5.7613,0.26455
5.6272,0.27848
5.5383,0.28178
5.8767,0.26199
5.6182,0.2755
5.3554,0.29504
4.7164,0.34299
4.497,0.364
5.9847,0.24757
5.4332,0.29069
4.2032,0.39151
4.8804,0.33747
5.4923,0.27536
5.9255,0.26201
4.8897,0.32722
5.5186,0.29515
5.2288,0.31611
5.4867,0.2904
5.5125,0.28887
5.45,0.27965
5.9066,0.26145
5.9177,0.26684
5.4548,0.30276
5.3393,0.30409
5.1036,0.29666
4.8545,0.31708
4.605,0.34707
5.0204,0.32672
5.7765,0.26412
4.9069,0.32992
5.1206,0.31601
4.9935,0.31937
5.1723,0.31665
5.4075,0.28958
5.564,0.26894
4.9795,0.31885
5.102,0.31923
5.9374,0.25123
6.0122,0.23859
5.8448,0.25894
5.7241,0.26736
6.28,0.22401
5.6739,0.2709
5.7325,0.26133
5.3656,0.29788
5.2905,0.30121
5.0599,0.31497
6.0995,0.24449
5.5272,0.27662
5.3004,0.29629
4.9013,0.31679
5.2614,0.30091
3.9962,0.35928
5.8603,0.25898
3.3979,0.40795
5.7593,0.26063
6.1529,0.23908
5.1733,0.30227
4.1984,0.34148
5.0491,0.30468
5.0206,0.31349
5.5481,0.27691
6.178,0.22911
5.9943,0.24217
6.0094,0.25122
3.9296,0.35922
6.3915,0.21477
5.9632,0.24926
4.6074,0.34811
5.6127,0.27242
6.0633,0.23569
5.1782,0.29297
4.1495,0.37945
3.6411,0.4136
5.3722,0.27189
4.7995,0.31709
5.0357,0.32031
5.0109,0.31371
5.6754,0.26666
6.0357,0.24096
5.6994,0.26488
5.2081,0.2971
6.0084,0.23593
5.9785,0.25143
4.637,0.34999
5.2117,0.30264
5.611,0.26013
6.2887,0.21899
5.9649,0.24266
4.9399,0.3139
6.3658,0.22355
5.0774,0.30475
5.7768,0.24855
6.014,0.23973
5.6161,0.27078
4.5485,0.36882
5.7327,0.24971
5.1563,0.29701
4.5337,0.35529
3.9276,0.41155
4.8551,0.31895
5.5331,0.2669
4.144,0.3903
4.7915,0.33403
6.2875,0.2092
4.9284,0.30774
3.8768,0.41223
5.1794,0.27884
5.5996,0.24839
4.5326,0.34603
4.5056,0.35321
4.498,0.3496
5.8987,0.23668
5.3144,0.28337
4.8711,0.31757
4.5505,0.34412
4.8518,0.31585
4.5184,0.35235
4.5486,0.33303
5.9597,0.24003
4.0289,0.37859
5.6007,0.26474
5.1874,0.28197
5.3919,0.28183
5.0824,0.29803
5.7342,0.2461
5.4998,0.25978
4.7973,0.3129
5.5927,0.26285
5.3129,0.28472
5.5289,0.27572
4.9619,0.30375
5.0839,0.29059
5.2648,0.28646
4.4828,0.3387
6.0926,0.22553
4.5263,0.33444
4.7433,0.32079
5.0733,0.29705
5.3972,0.26564
5.3921,0.28185
5.2196,0.29487
5.5204,0.26635
4.5223,0.34114
5.6405,0.25149
5.418,0.27389
5.642,0.2554
5.851,0.23141
5.5515,0.25517
5.8174,0.2585
5.64,0.25671
5.3642,0.27593
5.7746,0.23754
5.4348,0.2703
5.5108,0.25994
5.6479,0.25542
5.3806,0.26189
6.1129,0.21962
5.9883,0.2335
6.1494,0.2282
5.9594,0.23781
5.7058,0.26054
6.0895,0.23054
5.8518,0.24417
6.0283,0.23341
6.1042,0.22441
5.7051,0.2653
5.4841,0.26832
3.9849,0.35839
3.7599,0.38676
5.9665,0.24056
5.3923,0.27687
5.5508,0.26619
3.77,0.38241
3.6533,0.39718
5.4768,0.27237
5.7266,0.25564
5.1265,0.30245
6.0862,0.23172
5.5746,0.27704
4.4814,0.34433
4.7537,0.33075
5.5426,0.27054
5.3977,0.28953
5.0705,0.30248
5.3088,0.29151
5.3221,0.29215
5.187,0.29921
5.8602,0.24819
5.7117,0.26227
4.6301,0.34474
5.9432,0.24849
5.132,0.29252
5.7558,0.24415
6.3065,0.2103
6.0254,0.23172
5.5257,0.25265
5.5868,0.26342
5.8393,0.25296
4.7356,0.31693
5.688,0.25513
5.5784,0.25763
4.8545,0.31378
4.8279,0.32353
5.7595,0.25104
5.6701,0.26748
5.9565,0.24206
5.8155,0.26099
6.0083,0.24604
5.4485,0.28322
5.6389,0.27724
5.6348,0.27608
5.6654,0.26682
5.6261,0.28025
4.8946,0.3174
6.214,0.22624
5.8444,0.23926
5.5001,0.27166
6.1414,0.23711
4.9687,0.30604
5.3469,0.27295
5.5647,0.26517
5.2894,0.27736
3.6223,0.38903
5.3218,0.27556
4.5469,0.32715
5.8977,0.24347
5.687,0.25915
5.7448,0.24024
5.9481,0.21628
7.3883,0.15563
5.786,0.25212
5.9376,0.24334
6.0317,0.23068
5.3212,0.28589
6.2326,0.21834
5.8626,0.23955
6.5271,0.19198
6.0305,0.23006
5.8961,0.23896
4.8779,0.29908
4.7507,0.31411
5.5913,0.25824
4.5892,0.33465
5.9163,0.23466
6.1952,0.20965
3.8026,0.41731
4.2489,0.3714
5.7848,0.25845
4.525,0.35604
4.3773,0.36895
5.7714,0.24243
5.2294,0.29089
4.7949,0.31525
4.5283,0.32803
6.4498,0.19106
4.0295,0.3912
5.2092,0.30018
6.421,0.21278
4.1241,0.36988
5.3312,0.28493
5.9964,0.23219
5.7402,0.25506
3.8677,0.39128
6.0823,0.225
6.3984,0.21126
5.952,0.23102
5.7604,0.2467
6.0315,0.22585
6.3093,0.1973
5.7598,0.24199
5.0895,0.29138
5.4136,0.27348
5.3916,0.27143
5.334,0.28593
5.7441,0.25037
6.0806,0.23052
5.9404,0.22789
5.9396,0.23653
6.1593,0.21779
5.5707,0.25881
5.1231,0.29378
5.9951,0.22745
5.7008,0.24975
6.117,0.22266
5.7311,0.25159
5.4503,0.27084
5.6611,0.25689
5.3789,0.27849
4.1879,0.35876
4.8583,0.30827
5.0518,0.29626
5.4593,0.27566
5.3725,0.28486
4.7839,0.33511
5.3652,0.28234
4.8176,0.31683
4.8274,0.32417
4.5318,0.3401
5.1635,0.28141
5.319,0.27371
5.0744,0.29424
5.6192,0.23323
6.2434,0.19724
3.6451,0.42973
6.3124,0.19891
4.2821,0.37749
5.3017,0.26188
5.4844,0.26045
2.9363,0.50805
4.2666,0.36715
5.3524,0.26655
2.9367,0.47541
3.2919,0.47164
5.6868,0.25373
5.0632,0.28829
5.2512,0.26907
5.3905,0.2605
4.5662,0.32905
4.1331,0.37244
5.6033,0.2471
4.0157,0.37952
3.5478,0.43213
5.4558,0.24884
5.5579,0.25524
5.8046,0.2315
5.5167,0.25278
3.7326,0.42785
5.3628,0.27111
3.7019,0.4256
4.2883,0.35208
5.801,0.23413
3.6262,0.44121
5.6758,0.24121
5.4899,0.26387
4.6565,0.3306
4.6567,0.31298
5.4404,0.2525
5.146,0.28118
4.9816,0.29017
5.3173,0.26395
5.5718,0.25332
5.1495,0.28558
4.7469,0.32094
5.598,0.24961
4.4238,0.35516
4.0628,0.39189
5.9823,0.21793
5.6998,0.24461
5.6183,0.24113
5.5325,0.25983
3.6965,0.41474
4.9943,0.27906
5.2206,0.2673
4.033,0.3875
5.042,0.27642
4.3941,0.34149
4.0418,0.38253
4.8483,0.30026
4.5156,0.33934
4.2831,0.34214
5.1272,0.28306
4.9024,0.30233
5.0682,0.29645
5.8397,0.23535
5.063,0.29182
5.1578,0.28708
5.4776,0.25423
4.8866,0.30072
4.8402,0.30082
4.6811,0.31662
4.7936,0.30202
5.0321,0.30807
4.0639,0.36936
4.9942,0.30051
4.4004,0.34342
4.7515,0.31593
4.8988,0.29909
3.9227,0.38712
4.4024,0.35038
4.3179,0.35326
3.9309,0.39946
5.1547,0.27745
5.9819,0.23028
4.2591,0.36536
4.8578,0.30153
5.8853,0.22291
3.794,0.40545
6.1839,0.20047
5.1794,0.29123
4.6091,0.34165
6.0454,0.21841
4.7342,0.3284
4.4641,0.34105
6.0264,0.2071
5.4125,0.26601
4.7666,0.30528
5.1854,0.27945
5.0936,0.28807
5.6952,0.24703
5.3953,0.26634
5.5792,0.25233
5.4834,0.25477
4.8358,0.31061
5.9731,0.22157
4.8734,0.30528
5.1206,0.28676
4.6626,0.32521
4.1346,0.35776
4.5492,0.33897
4.6933,0.32355
4.4678,0.34059
4.4911,0.33134
4.5128,0.34135
4.4028,0.34588
4.1835,0.35621
4.5078,0.34249
4.2859,0.34543
4.3551,0.34909
4.1303,0.35724
5.2455,0.278
4.8209,0.31251
4.1984,0.36188
4.6149,0.32964
5.369,0.28125
5.7027,0.2443
5.5348,0.26606
4.8129,0.32697
5.2389,0.27781
5.4767,0.27301
5.1413,0.2796
4.2749,0.36025
3.8018,0.38453
3.9961,0.36219
4.9687,0.29792
5.0804,0.2855
5.2979,0.26884
4.4135,0.3552
3.6559,0.43293
5.27,0.27122
4.6376,0.33491
4.1044,0.39608
4.0967,0.395
5.0135,0.30399
3.4248,0.43344
5.0279,0.28392
1.0568,0.73672
3.9647,0.38283
5.0226,0.28902
5.0841,0.28721
4.9361,0.29217
4.7015,0.30993
4.1346,0.36488
4.7862,0.30964
4.1881,0.36935
5.4771,0.25218
3.6138,0.43052
3.6806,0.42777
3.0948,0.42356
2.3534,0.5268
2.29,0.53255
2.2712,0.53464
2.0685,0.57626
2.5032,0.49277
2.6602,0.49049
1.7567,0.63751
3.2683,0.46149
4.8478,0.30126
3.4184,0.46489
5.2829,0.25324
5.2029,0.26706
4.519,0.32359
3.5692,0.42899
5.0225,0.28014
4.7852,0.317
4.4604,0.34207
5.7245,0.2392
5.7152,0.23282
4.3212,0.34566
5.6918,0.23841
1.9967,0.57661
2.3296,0.52893
4.0622,0.3866
2.0789,0.56899
4.3344,0.34545
4.5536,0.32096
4.7035,0.33188
4.3051,0.36007
3.7147,0.39567
4.4774,0.35944
3.8925,0.40707
4.926,0.30533
3.4843,0.41432
3.9432,0.37047
4.9601,0.29675
4.2255,0.35989
4.6791,0.31622
4.9377,0.28879
4.0331,0.39087
3.807,0.40479
4.8566,0.29086
4.2599,0.36484
3.9935,0.38633
4.5823,0.32182
5.2092,0.28052
4.1991,0.35887
5.6754,0.2446
4.6032,0.31828
4.645,0.31525
4.2131,0.36311
4.1944,0.36375
5.5214,0.24456
5.2442,0.27328
4.2879,0.33403
4.6172,0.31634
4.3395,0.33855
4.7241,0.30528
3.8414,0.38974
4.912,0.3069
4.8955,0.31294
3.6928,0.40882
4.2752,0.35964
4.5029,0.33219
4.7778,0.30999
5.079,0.28565
4.3933,0.34981
4.2046,0.35461
4.1486,0.36698
3.4982,0.43739
4.0409,0.37375
4.1948,0.37401
3.0303,0.4917
4.4304,0.34639
4.2998,0.3532
4.1539,0.36195
4.5378,0.33749
4.0683,0.37984
3.9822,0.38562
4.2199,0.37366
3.9132,0.39918
4.959,0.28938
4.4425,0.33677
3.9952,0.39271
4.1692,0.35219
4.5851,0.32767
4.302,0.34036
4.3805,0.34187
4.738,0.30956
4.1761,0.36937
4.8609,0.30212
5.0442,0.28845
4.4967,0.33935
3.3775,0.43933
4.2196,0.35265
3.3196,0.44612
2.7539,0.50282
4.1949,0.34831
3.3013,0.44438
4.4191,0.33102
3.693,0.40753
3.7182,0.39831
4.5805,0.32275
3.3762,0.4564
5.5559,0.24801
4.6627,0.31163
3.9636,0.38229
4.7727,0.29783
3.4831,0.41901
4.3931,0.33946
4.7089,0.30369
4.6066,0.32498
44.959,-0.4372
4.98,0.29783
4.6937,0.31576
4.2783,0.34973
49.501,-0.45209
5.5148,0.25786
5.2103,0.27463
4.7917,0.31716
5.2298,0.27751
4.9697,0.28622
5.0724,0.28705
4.3545,0.35211
4.8924,0.29599
5.0863,0.28504
3.8109,0.37627
5.1067,0.27575
5.0726,0.29867
3.9655,0.36135
4.3849,0.32849
4.3355,0.33366
4.4446,0.32749
4.432,0.34305
4.0922,0.36653
4.1597,0.35442
3.7632,0.38908
3.7373,0.39174
4.2063,0.35664
4.2391,0.35014
3.963,0.37532
4.9271,0.29049
4.182,0.35089
3.9683,0.37272
4.4994,0.3348
4.6555,0.32742
5.0301,0.29504
4.1547,0.36395
4.1498,0.37212
4.5051,0.32617
4.1004,0.37783
3.4299,0.45109
4.3301,0.33445
3.3934,0.43211
5.0499,0.28364
4.3745,0.34295
3.9674,0.39569
4.9501,0.2828
4.5366,0.3316
4.0348,0.39272
5.2439,0.26902
5.0683,0.28649
4.617,0.34167
4.2806,0.36155
5.3296,0.25889
3.2292,0.44507
3.9961,0.36184
4.902,0.28227
3.4692,0.41061
3.7791,0.39036
4.5681,0.30748
4.2599,0.344
3.5331,0.41821
5.004,0.28044
4.1843,0.35099
3.7143,0.3999
4.2327,0.34369
4.4735,0.33907
5.2452,0.27956
5.3696,0.26355
4.6857,0.31803
4.5997,0.32676
4.3415,0.33029
5.0413,0.28493
3.3432,0.42775
4.8948,0.29373
4.8679,0.29524
4.9592,0.2821
4.3396,0.34904
3.4625,0.41654
3.8402,0.37611
4.0958,0.35621
4.1274,0.35422
3.7621,0.39046
3.9683,0.36734
4.6606,0.31335
4.2742,0.3516
4.3296,0.34932
4.092,0.36861
4.7924,0.29543
4.8516,0.30393
3.555,0.39915
5.296,0.25454
4.438,0.32842
4.3793,0.32423
4.3094,0.33454
4.45,0.3228
4.3209,0.33213
4.6207,0.31217
4.6735,0.30181
4.1681,0.35781
4.0679,0.36338
4.0479,0.36945
4.9222,0.29202
4.4835,0.33226
4.8382,0.29384
4.46,0.33654
4.8142,0.30122
3.8378,0.40738
4.4789,0.33672
4.4434,0.33277
4.7107,0.31569
5.2884,0.27232
4.9449,0.29201
4.5358,0.32853
4.8839,0.29148
4.5227,0.32491
4.5699,0.31754
5.0303,0.27797
4.9697,0.28315
4.467,0.33873
4.2957,0.35071
3.4578,0.43151
4.2217,0.34928
3.776,0.39784
4.0781,0.37316
4.119,0.37203
4.2962,0.35307
4.4148,0.34084
3.8228,0.39089
3.9086,0.39307
3.9568,0.3899
4.3549,0.35187
4.1837,0.37031
3.9473,0.38658
4.6349,0.32174
4.2382,0.36282
4.8553,0.30554
4.8356,0.31549
4.1685,0.3625
3.9942,0.37834
4.3625,0.33416
4.268,0.35916
3.7516,0.39815
3.631,0.41603
4.1646,0.36508
3.7833,0.39128
4.1662,0.35543
3.7332,0.40122
3.833,0.38426
3.8981,0.38577
3.6689,0.38698
4.936,0.28971
4.5989,0.33049
4.7922,0.31193
4.7216,0.3119
4.254,0.36307
4.391,0.3429
4.3196,0.34825
4.5477,0.3262
4.461,0.33299
4.91,0.29498
5.3792,0.25847
5.0203,0.28283
1.9322,0.56893
2.2323,0.51725
2.2941,0.50812
1.9549,0.56656
2.3007,0.51002
2.1303,0.53477
2.3657,0.50298
1.8646,0.58553
2.0746,0.56999
4.404,0.3384
1.7358,0.61139
3.9437,0.36657
4.789,0.31631
4.6988,0.30738
4.8086,0.30518
45.462,-0.43368
4.6596,0.32472
4.8517,0.30412
4.5848,0.32948
5.2644,0.26539
4.2181,0.37559
4.4176,0.34776
4.5354,0.32795
4.2285,0.34696
4.3172,0.34221
4.3374,0.33846
3.9597,0.35292
4.0731,0.36419
4.2531,0.33777
4.0328,0.35543
4.5734,0.31028
4.4576,0.32799
4.3942,0.34729
4.4543,0.34094
4.1681,0.35844
4.969,0.27988
4.5283,0.32502
4.3037,0.34345
4.5099,0.33362
4.7459,0.32001
4.575,0.31829
4.9929,0.29327
4.425,0.34521
4.6376,0.32415
5.4047,0.25556
5.3095,0.27018
3.9692,0.38616
2.9763,0.44888
4.1028,0.36252
4.3894,0.33189
4.0804,0.36317
4.1847,0.35932
4.0713,0.36077
4.4199,0.33538
4.249,0.35259
4.0328,0.37319
4.2556,0.34707
2.3911,0.5068
2.5408,0.49206
4.4674,0.32975
4.6552,0.30744
4.9153,0.2947
5.0114,0.27994
4.6011,0.31974
4.5893,0.3245
4.4704,0.32888
4.992,0.28579
4.2368,0.35804
4.6006,0.32025
4.6823,0.31904
4.4928,0.33807
3.989,0.38625
4.1674,0.36075
4.22,0.35707
3.8732,0.38959
4.592,0.34026
4.0087,0.3827
4.0678,0.374
3.6372,0.41964
4.4885,0.32399
4.4926,0.33386
4.2607,0.35618
4.2633,0.35575
3.8976,0.37629
4.2291,0.3466
3.9236,0.36598
3.947,0.37259
3.5374,0.40675
4.0198,0.36182
4.2912,0.34766
4.1209,0.35172
4.17,0.35526
3.967,0.36167
3.5807,0.42258
2.7165,0.47231
4.7722,0.29931
4.6589,0.30767
4.7045,0.29994
4.7227,0.30362
4.8077,0.2954
4.2181,0.34188
4.7352,0.30636
4.7298,0.30022
4.3332,0.33678
4.4303,0.33727
4.0107,0.37559
2.4857,0.49732
4.6995,0.30042
4.5828,0.31727
4.4475,0.33304
3.9734,0.37594
3.7053,0.40079
4.0123,0.37316
3.9132,0.37648
3.938,0.3763
4.1101,0.36612
3.8183,0.40048
4.1375,0.35324
3.9653,0.36934
3.8129,0.38601
4.0007,0.36316
3.7462,0.40444
4.0714,0.36777
3.9497,0.37491
4.4702,0.32772
3.6723,0.41986
4.096,0.36781
4.261,0.3533
4.4023,0.34933
3.9202,0.39626
4.2675,0.35932
3.3189,0.42923
3.0888,0.4591
3.2219,0.42077
2.243,0.52411
2.2959,0.50814
4.5744,0.3261
2.3704,0.51019
2.3882,0.49592
4.3188,0.3446
4.4849,0.32794
4.3867,0.32902
4.5599,0.31862
3.1396,0.42925
4.2616,0.34388
4.3886,0.3339
3.8936,0.37628
3.1352,0.44049
4.1634,0.35265
3.1697,0.43583
3.4666,0.41007
3.4092,0.42288
3.6985,0.39007
3.2778,0.42503
4.1616,0.35859
4.0141,0.35795
3.9763,0.37353
3.8515,0.38862
3.8726,0.37754
4.092,0.3626
4.0436,0.3593
3.5974,0.40314
4.67,0.31677
4.6853,0.3011
4.0349,0.36482
3.9638,0.36626
3.6965,0.39529
4.4742,0.31848
4.3853,0.32856
4.0988,0.35497
4.3798,0.33101
6.3195,0.20303
5.0784,0.27901
4.676,0.30029
4.5515,0.31828
4.9008,0.28252
5.037,0.27491
4.2747,0.33889
4.4769,0.33511
2.6494,0.50876
3.5544,0.42493
2.952,0.46736
4.3202,0.34789
4.6465,0.3225
4.8145,0.29124
4.1434,0.3547
4.229,0.35266
3.2929,0.442
4.2751,0.33335
4.3078,0.33386
3.5215,0.42221
4.0463,0.35328
4.1505,0.34567
4.092,0.36032
3.8953,0.37736
3.4548,0.4169
3.4997,0.41569
3.5272,0.4199
3.4948,0.41573
3.977,0.37212
4.0181,0.36758
3.7313,0.39563
4.0067,0.37176
4.0332,0.36831
4.4217,0.33024
4.7797,0.30481
4.1517,0.35328
4.5754,0.3165
4.2101,0.35517
4.5209,0.32652
4.1464,0.36226
3.7303,0.40163
3.6881,0.40556
3.6418,0.42898
3.3678,0.43899
3.0508,0.44468
3.698,0.40483
2.6697,0.50138
2.9597,0.47447
2.6148,0.50501
2.9124,0.46301
2.6986,0.50444
3.0291,0.44615
1.8184,0.60115
3.3764,0.44419
3.2324,0.46092
3.4319,0.42584
3.8052,0.37051
3.9087,0.37179
3.8345,0.3801
4.5974,0.30817
3.2986,0.4348
3.8715,0.38542
4.0258,0.35246
3.7791,0.38698
3.1095,0.46026
4.22,0.35172
4.0984,0.35449
4.6118,0.30322
4.5458,0.31455
4.075,0.36273
4.6524,0.30453
3.9105,0.37578
3.5975,0.3997
3.6911,0.39241
1.7605,0.606
4.747,0.29542
3.731,0.39437
4.0251,0.36231
4.4566,0.3103
3.9542,0.37686
3.4124,0.41572
4.0683,0.34357
3.1939,0.44717
3.0086,0.46659
4.2687,0.32499
2.9822,0.46806
2.9771,0.47535
4.1177,0.34207
3.5459,0.40977
2.7201,0.5027
4.4495,0.32742
2.8478,0.50828
3.6434,0.3847
2.422,0.50643
2.1204,0.58271
4.189,0.34183
2.8668,0.49994
2.827,0.4801
3.3023,0.43072
2.6779,0.52685
3.3843,0.42712
4.0278,0.36548
3.3286,0.4462
3.5714,0.40792
3.6734,0.40206
3.5079,0.42659
4.1596,0.35046
3.7365,0.41851
3.7512,0.42222
3.7736,0.40988
4.6413,0.31675
4.0158,0.38051
4.2512,0.35637
3.7956,0.3894
4.0495,0.37715
4.2967,0.33575
3.6862,0.40454
3.5036,0.42042
3.5755,0.4077
3.5819,0.41952
3.9394,0.38732
3.8994,0.38959
4.2078,0.35867
3.6676,0.40585
4.3015,0.34182
3.5826,0.4111
4.0468,0.36335
3.2869,0.44332
3.0949,0.44869
3.0239,0.47025
3.2609,0.47345
3.3221,0.44961
3.7867,0.39217
4.0188,0.36379
3.9099,0.3851
4.0728,0.36751
4.0526,0.37561
4.1564,0.36764
4.1119,0.36505
3.7779,0.40231
3.6777,0.36061
4.0596,0.3596
2.3474,0.53237
4.2776,0.33461
4.4572,0.32427
3.9336,0.36813
3.9224,0.37436
3.5024,0.42839
3.5471,0.41225
4.6869,0.31011
3.5602,0.40663
4.061,0.36621
4.8482,0.28472
4.3745,0.33398
4.4348,0.33024
4.3571,0.333
4.1139,0.35628
4.2253,0.34682
4.3503,0.34084
4.1594,0.35783
4.0098,0.38848
3.9063,0.38253
4.3778,0.33798
3.9444,0.38199
3.9089,0.36375
4.6261,0.30428
3.8629,0.3713
3.396,0.4269
3.9579,0.3595
3.5094,0.4113
3.021,0.46653
3.9388,0.3664
3.3709,0.43262
3.4441,0.42588
5.07,0.27538
3.734,0.4036
3.2907,0.43334
3.7282,0.39484
3.3493,0.43595
3.3272,0.43826
3.2908,0.43026
3.5427,0.41458
3.3689,0.44197
3.3672,0.43874
3.5309,0.41823
3.6544,0.4053
3.103,0.45511
3.9966,0.37834
44.805,-0.4436
3.6061,0.41019
3.3029,0.44044
3.4596,0.42788
3.6826,0.39519
3.0769,0.47083
4.4034,0.34308
4.1558,0.36256
3.9461,0.38942
3.8011,0.39351
3.8417,0.40992
3.7132,0.40627
3.8305,0.37368
3.7731,0.37971
3.9159,0.36801
3.7092,0.40338
3.4983,0.4184
3.7513,0.3936
3.1583,0.44581
3.7215,0.39574
3.8089,0.38433
3.8005,0.37876
3.7784,0.38306
3.8109,0.37465
3.4044,0.423
3.813,0.3735
3.5925,0.41527
3.5983,0.3998
3.5307,0.41461
3.2112,0.43694
3.4164,0.41236
3.496,0.39495
3.8483,0.37867
4.6449,0.30486
3.9527,0.36701
3.3654,0.41856
2.9701,0.47272
3.7148,0.37667
3.9224,0.3722
3.8976,0.37777
3.3619,0.4126
3.2079,0.43095
2.4222,0.53873
2.8238,0.47374
3.2916,0.41686
2.8775,0.46762
3.3004,0.43467
4.0262,0.37313
4.0001,0.36634
3.4984,0.42801
4.0434,0.36349
3.6341,0.40825
3.7772,0.38609
3.7549,0.40128
3.2552,0.45152
4.0033,0.37148
2.6186,0.54646
2.9769,0.4846
3.1428,0.45321
2.772,0.50341
3.8288,0.38099
4.1896,0.34803
3.8183,0.38598
3.6939,0.3987
3.5825,0.41232
3.9175,0.38641
4.6933,0.31283
3.0389,0.47617
3.0988,0.47143
3.8648,0.38598
3.2566,0.44631
3.1492,0.46134
47.284,-0.44613
3.4065,0.42889
3.2765,0.43901
3.6275,0.39657
3.1421,0.46376
3.5019,0.41921
3.4162,0.42353
3.6612,0.41199
3.8984,0.38941
4.3991,0.33618
3.6898,0.41229
3.754,0.39894
2.6994,0.49196
3.7017,0.39852
3.6697,0.3907
3.5664,0.40692
3.1538,0.46518
3.4558,0.42953
3.5031,0.41367
3.6709,0.40834
3.7321,0.39975
3.3103,0.44631
3.9075,0.38118
1.7134,0.62423
3.8703,0.38469
3.4927,0.42395
3.4379,0.41744
4.2324,0.34581
3.8208,0.39453
3.7293,0.39973
4.2321,0.3465
3.9172,0.3867
4.1828,0.35099
4.1522,0.3526
4.324,0.34686
4.2601,0.34743
3.2528,0.4535
3.3159,0.43992
3.5931,0.42883
3.4581,0.43375
3.6843,0.4184
3.8142,0.39512
3.4829,0.4247
3.3093,0.44937
3.6326,0.4054
3.6361,0.41425
3.474,0.42402
3.5289,0.42221
4.6757,0.33522
4.0878,0.37665
3.864,0.38816
3.7383,0.40552
3.545,0.41834
3.2919,0.45845
3.1931,0.45803
3.4111,0.44212
3.2865,0.45293
3.4956,0.43013
3.148,0.47642
3.7314,0.40219
2.8862,0.46086
2.824,0.46486
2.4783,0.51383
2.9101,0.48852
3.7492,0.38045
2.4138,0.51484
2.2974,0.55171
3.2267,0.44241
3.5836,0.4134
3.4378,0.42982
3.2327,0.44944
3.489,0.42721
4.0914,0.3643
3.6141,0.40904
3.9429,0.38267
3.835,0.38521
3.6672,0.40308
3.879,0.38329
3.402,0.4334
3.6192,0.40989
3.9248,0.37144
3.1595,0.46245
3.6827,0.4159
3.6228,0.41909
2.9409,0.46715
3.016,0.46104
1.4601,0.6546
3.2246,0.44983
3.4557,0.42427
3.6451,0.41333
3.1713,0.47642
2.8697,0.48507
4.0511,0.36687
3.8551,0.38278
3.6906,0.40142
3.7116,0.40029
2.9902,0.46512
3.6664,0.41546
3.8804,0.38346
15.291,-0.15558
4.2876,0.34862
3.739,0.42548
3.6999,0.40673
5.1438,0.27794
4.6803,0.32301
3.676,0.4155
4.9703,0.29657
3.5184,0.4185
3.6189,0.41801
3.7137,0.40255
3.7453,0.40527
3.837,0.39493
3.6134,0.41959
3.5606,0.40819
3.7502,0.3878
3.6286,0.42293
3.7763,0.40093
3.6286,0.41297
3.463,0.44373
3.5946,0.42111
3.3333,0.43521
2.9295,0.46212
3.6975,0.38801
3.8699,0.38433
4.0521,0.36215
2.5631,0.51583
3.977,0.38226
2.9979,0.48709
3.4708,0.42211
3.3531,0.42169
2.9621,0.48478
3.7673,0.39307
4.3966,0.32518
3.7508,0.38571
3.1894,0.44932
3.435,0.42056
2.8377,0.48746
4.1224,0.35372
2.6392,0.52908
3.1236,0.47563
3.2206,0.45419
3.2767,0.45845
3.9155,0.38929
3.4325,0.43901
3.6409,0.40244
3.8348,0.3882
4.0047,0.37135
4.4509,0.33114
3.5807,0.42062
4.0836,0.3718
0.86458,0.78449
4.0267,0.37865
3.807,0.39284
4.0258,0.38742
3.5998,0.43482
3.5735,0.42345
3.592,0.40598
4.9641,0.28112
3.7945,0.38234
3.9174,0.38322
3.4827,0.41701
3.2854,0.44256
3.538,0.41422
3.959,0.37196
3.5133,0.42563
3.9857,0.37406
3.4762,0.42784
3.4455,0.43211
2.749,0.50237
4.291,0.3517
4.3903,0.34784
3.6399,0.42325
4.1392,0.37268
4.1887,0.37436
3.5639,0.43273
3.5616,0.42321
3.4071,0.44045
3.7918,0.40787
3.5001,0.42052
3.8374,0.40522
3.9767,0.3676
4.6771,0.3014
2.9472,0.48496
3.4017,0.42228
4.5254,0.31976
4.0198,0.35976
3.9783,0.3612
2.9405,0.45941
3.7623,0.39567
4.3098,0.34533
3.5605,0.41852
3.2168,0.46071
2.5038,0.53601
3.5702,0.43395
3.4247,0.45054
3.5762,0.42572
3.811,0.39669
3.3157,0.44702
3.7562,0.41418
3.4819,0.43235
3.7305,0.41354
4.0032,0.38142
3.4191,0.44701
3.5176,0.43291
3.2187,0.44242
3.4354,0.4219
3.7437,0.40065
3.8622,0.38788
3.8996,0.38772
3.7582,0.40133
3.678,0.40136
3.7855,0.39646
3.7788,0.39316
4.1353,0.3534
3.5064,0.41705
3.5615,0.43681
2.5352,0.529
4.1614,0.3623
3.8815,0.39248
3.5462,0.42977
3.4591,0.43465
3.5452,0.42285
3.805,0.3927
3.615,0.42603
3.6081,0.42264
3.7636,0.40368
3.5779,0.42119
3.8114,0.39699
3.1104,0.46822
3.7005,0.41752
3.6467,0.4117
4.0666,0.37152
4.0133,0.37706
3.5917,0.41772
3.9259,0.38451
4.6386,0.32407
4.1764,0.36699
3.0548,0.47653
4.6009,0.32123
3.2714,0.45129
2.9548,0.47511
3.5684,0.41877
3.071,0.47454
3.4509,0.4288
3.196,0.45854
3.1955,0.46609
3.2307,0.44869
3.29,0.44854
3.2084,0.45598
4.1017,0.35735
3.787,0.39043
3.5211,0.41784
3.763,0.40266
3.5061,0.43255
3.0062,0.48901
3.645,0.41317
1.5277,0.67273
3.5242,0.42642
3.7882,0.3901
3.6206,0.4214
3.057,0.46768
3.6463,0.41918
3.4338,0.43146
3.1206,0.46541
3.1868,0.45142
2.9155,0.48662
3.1937,0.45268
3.2205,0.44685
2.8787,0.49452
3.3319,0.44331
3.0773,0.47353
3.1561,0.46418
3.3105,0.44467
3.2136,0.45467
3.9674,0.37882
3.5745,0.4213
4.0049,0.36246
4.3269,0.32929
4.3284,0.33889
4.381,0.33892
3.3382,0.44175
4.5716,0.32328
4.1217,0.35775
3.3324,0.44467
3.3633,0.44445
3.6644,0.4106
3.6657,0.41298
3.8796,0.39063
1.6806,0.63996
3.1492,0.4549
3.223,0.44436
3.1817,0.45513
3.1575,0.46302
3.2055,0.45677
3.1238,0.47896
3.8833,0.39086
3.6759,0.40664
3.2987,0.44901
3.2872,0.44424
3.4776,0.43434
3.2393,0.45455
3.127,0.47944
3.0271,0.4768
4.043,0.3749
3.4858,0.43821
3.6307,0.41711
3.4451,0.44684
3.2621,0.45462
2.9248,0.49595
3.465,0.44724
3.2777,0.45061
3.3883,0.44174
3.0753,0.45365
1.3118,0.67621
3.9942,0.37972
3.2093,0.44517
3.146,0.46509
3.6606,0.41254
3.7532,0.39529
3.6838,0.41147
4.0078,0.379
3.6442,0.41339
4.1132,0.37387
3.7966,0.40253
3.7846,0.39274
3.8731,0.37951
4.2159,0.35085
3.744,0.40776
3.7021,0.40334
3.5059,0.42665
3.9147,0.38879
3.5548,0.42136
4.3398,0.34526
3.3894,0.4341
4.0842,0.37177
3.7201,0.41286
3.3626,0.42817
3.2902,0.43801
4.0317,0.37431
3.6207,0.4117
3.7747,0.40633
3.3695,0.45392
3.3378,0.45191
3.8816,0.39324
3.6846,0.41282
3.235,0.46535
3.4343,0.44443
1.8315,0.61043
3.3784,0.44689
1.6391,0.6441
3.3515,0.4409
1.6545,0.64355
2.0562,0.56799
1.7557,0.62736
1.8302,0.60543
1.8967,0.60389
1.741,0.6303
1.5772,0.66773
1.7053,0.642
1.7859,0.62942
3.5227,0.4301
4.5153,0.32308
4.7346,0.30957
2.4254,0.50513
1.8698,0.60134
3.0207,0.47278
2.9961,0.48907
3.0203,0.47846
2.9453,0.48656
4.2926,0.34261
3.3369,0.44516
3.105,0.46703
3.7272,0.41298
4.5006,0.34508
4.1504,0.37378
3.7645,0.39989
4.0918,0.37671
3.6351,0.41166
4.0184,0.37595
3.4843,0.43364
3.5633,0.42962
3.2237,0.4738
3.4334,0.44296
3.2061,0.4683
3.5946,0.41096
3.3839,0.43719
4.0869,0.36652
3.7981,0.3974
3.8553,0.38092
3.8677,0.38582
4.651,0.31919
3.9646,0.39219
4.6477,0.31604
5.3012,0.26403
4.5253,0.33409
4.8745,0.29781
3.5282,0.40892
4.1779,0.34979
2.8928,0.50108
3.7616,0.38916
3.8859,0.38162
3.3623,0.44612
4.6502,0.3051
3.2932,0.43507
4.2031,0.35027
3.3958,0.4451
3.8098,0.40295
3.5738,0.40952
3.8068,0.39597
3.458,0.43487
4.031,0.36815
2.0186,0.56861
3.7467,0.40001
3.559,0.42248
3.5433,0.41381
3.4999,0.42276
3.83,0.38967
3.9291,0.37928
3.5962,0.40805
3.4921,0.42388
3.6171,0.41126
3.565,0.40874
3.481,0.43467
3.5245,0.42857
3.2636,0.46484
3.3369,0.45225
3.694,0.40874
3.6068,0.41382
2.5964,0.51185
3.602,0.41948
3.6819,0.40672
4.013,0.37706
3.4215,0.42207
4.0084,0.37765
3.8299,0.3989
3.7062,0.40686
3.5091,0.42108
3.4765,0.43676
3.5348,0.4317
3.3793,0.43506
3.9323,0.37918
3.5975,0.41286
3.7647,0.39556
3.9051,0.39886
3.6445,0.39965
3.4224,0.42967
3.5635,0.41342
4.1959,0.35599
3.9365,0.37083
3.8947,0.38802
3.5373,0.41399
3.2711,0.44564
3.8511,0.38668
3.4289,0.43883
3.5206,0.43607
3.0843,0.46646
3.5573,0.41702
3.7838,0.40372
3.1636,0.46631
3.1696,0.46886
3.5639,0.43864
3.6518,0.41516
3.5721,0.41819
3.3377,0.45088
3.9061,0.3811
4.1951,0.36078
3.5351,0.42674
3.9889,0.38165
3.9847,0.36947
3.334,0.41952
3.4127,0.43857
3.9245,0.37456
3.2879,0.44032
3.6968,0.40578
3.7172,0.4048
3.5039,0.41662
3.5528,0.41791
2.9523,0.48969
3.6184,0.4098
3.4668,0.4367
3.5453,0.41356
3.8637,0.38063
3.4312,0.44439
3.3372,0.44007
3.2254,0.45181
3.5652,0.40992
4.2077,0.35298
3.6902,0.40183
3.711,0.4137
3.098,0.47224
3.9808,0.36864
3.0739,0.48715
2.6639,0.52404
3.0207,0.47999
3.4704,0.4359
2.8771,0.4922
3.7075,0.40872
3.2156,0.46827
2.8367,0.50225
3.3006,0.45335
3.5073,0.42782
3.2472,0.46275
3.3936,0.44104
3.3791,0.44273
3.4022,0.43476
1.8244,0.60108
1.8681,0.59165
1.7796,0.61003
1.808,0.60553
3.446,0.42266
1.7621,0.61751
1.8197,0.61368
1.673,0.63111
1.7238,0.62603
1.5779,0.64599
1.9321,0.5795
3.3482,0.43652
3.339,0.44049
3.4,0.43009
3.4345,0.44075
3.5912,0.42096
3.9035,0.38871
3.2465,0.4568
3.5598,0.42169
3.4389,0.43694
3.6292,0.41793
3.1848,0.46108
3.4005,0.4601
3.9779,0.36389
3.88,0.37736
3.4127,0.42245
4.0825,0.35779
3.5408,0.41111
1.9589,0.57369
3.3945,0.42792
3.2516,0.45002
3.2218,0.45095
3.3306,0.43862
1.9466,0.57925
3.4503,0.42253
3.4961,0.41586
3.3655,0.42962
3.6225,0.40725
3.5081,0.41729
4.0337,0.36724
3.3339,0.44792
2.8653,0.49737
3.3864,0.44289
3.8458,0.3877
4.0185,0.37073
3.6882,0.40079
3.8491,0.38587
2.8709,0.49091
3.6598,0.39795
4.1915,0.35778
3.0333,0.48179
3.1474,0.46883
3.3497,0.43736
3.6348,0.41908
3.6915,0.40243
3.4818,0.42337
3.245,0.44654
3.5618,0.4194
3.4022,0.44743
3.2488,0.44401
3.3075,0.43826
3.5552,0.40969
3.667,0.4045
4.2312,0.34608
3.4166,0.42715
4.3847,0.33437
3.805,0.39369
3.4973,0.41934
4.3114,0.34467
3.3103,0.44539
3.8805,0.3806
3.5346,0.41956
3.5524,0.42014
3.638,0.41889
3.6454,0.40545
3.7056,0.4027
3.6384,0.41431
3.9037,0.38569
3.5579,0.42249
3.412,0.43768
3.5843,0.4221
3.4469,0.42912
3.6733,0.4095
3.4689,0.4111
3.3787,0.42783
3.8207,0.38372
3.5816,0.40926
3.1487,0.47594
3.2669,0.45326
3.5489,0.43919
3.8432,0.38358
3.9311,0.37328
3.7198,0.40514
3.5915,0.42678
3.7655,0.40256
3.534,0.41686
3.2999,0.45192
3.3982,0.43372
3.3107,0.45171
3.8121,0.39536
3.5118,0.42727
3.4964,0.42597
3.6579,0.41374
3.5194,0.42039
3.5233,0.41969
3.2928,0.44576
3.6671,0.40997
4.2196,0.34236
4.4017,0.32988
4.4582,0.32376
4.3075,0.34396
3.55,0.42246
3.6817,0.39994
3.3112,0.44576
3.5767,0.40856
3.9265,0.38309
3.6037,0.41763
4.1878,0.36165
3.645,0.40823
3.2492,0.45607
3.5255,0.42447
3.352,0.44207
3.2016,0.45299
3.18,0.44877
3.5283,0.41751
3.3066,0.44583
3.4109,0.42214
3.4767,0.41621
3.7165,0.38943
3.6034,0.40373
3.6105,0.40065
4.3762,0.33986
3.8399,0.40843
3.4745,0.43379
3.6511,0.41825
3.5852,0.4203
3.3814,0.44769
3.8262,0.39863
3.5891,0.42318
3.4049,0.43139
3.7993,0.38847
3.5921,0.40916
3.7921,0.3915
3.6568,0.4107
3.5921,0.41509
3.4607,0.42913
3.9155,0.37741
3.2125,0.45118
3.2046,0.45691
3.3665,0.4436
3.6128,0.42104
3.5256,0.43219
3.2674,0.45114
3.1862,0.46511
3.4232,0.44508
3.4729,0.41782
3.801,0.39081
3.6557,0.40576
3.7542,0.39246
3.5496,0.40748
3.9676,0.37096
3.8743,0.38729
4.9713,0.28267
4.0707,0.35931
4.0724,0.37235
3.5471,0.42236
4.2162,0.36152
3.6529,0.40096
3.2873,0.45384
3.2085,0.46361
3.4104,0.43688
3.4902,0.41982
3.421,0.43621
3.2785,0.45116
3.4392,0.43766
3.3832,0.43495
3.2834,0.44745
2.596,0.50679
3.4185,0.43808
3.6354,0.40317
3.2591,0.44574
3.3898,0.44435
3.2928,0.44451
3.4914,0.41878
3.5224,0.42659
3.3705,0.43844
3.7912,0.38457
3.5062,0.42095
3.8701,0.37159
3.6515,0.40612
3.5682,0.4179
3.7016,0.40359
4.7671,0.32276
3.2614,0.44353
3.7841,0.39188
3.5843,0.41662
2.0574,0.56112
4.0886,0.36341
2.3772,0.50254
2.0949,0.55513
3.9012,0.38595
3.8195,0.3922
1.829,0.6044
3.8996,0.37858
3.7497,0.3921
3.708,0.39172
3.5382,0.40873
3.4578,0.42149
3.5204,0.41889
3.61,0.40683
3.5625,0.41289
3.3873,0.43561
3.925,0.38331
3.9565,0.38032
3.642,0.41215
4.5654,0.30732
4.6843,0.29992
