19.844,0.58987
18.709,0.60966
20.18,0.57636
16.96,0.65086
17.471,0.63698
19.007,0.6031
18.35,0.61936
19.023,0.60264
17.719,0.63292
17.329,0.64122
17.259,0.64482
16.897,0.65131
16.713,0.65582
16.581,0.65846
16.512,0.65936
16.564,0.65794
16.433,0.66083
16.478,0.6594
17.631,0.63495
16.801,0.6466
17.005,0.64315
17.715,0.63133
17.224,0.63393
17.658,0.62187
18.668,0.60462
17.656,0.62705
17.611,0.6273
17.655,0.6244
17.545,0.62744
17.694,0.62361
17.431,0.63145
17.688,0.62357
17.228,0.63671
17.07,0.63988
16.932,0.63793
16.49,0.64903
19.272,0.59162
18.734,0.58871
20.243,0.56296
19.023,0.59542
17.221,0.63141
16.989,0.63902
19.137,0.59066
19.639,0.58043
19.923,0.5743
19.223,0.59169
19.388,0.58725
18.055,0.60726
17.455,0.62702
17.072,0.62899
18.129,0.60557
16.765,0.63293
17.496,0.61957
16.793,0.63406
17.588,0.61724
18.607,0.59865
17.286,0.62347
17.075,0.62764
17.934,0.60428
17.347,0.6186
17.687,0.61796
18.153,0.60164
17.272,0.61876
16.734,0.63335
17.375,0.61564
16.218,0.63313
17.173,0.61786
16.968,0.62259
17.826,0.60316
17.46,0.6118
17.016,0.62341
17.068,0.61726
17.088,0.61757
17.342,0.61132
16.792,0.61269
17.873,0.58307
17.09,0.61634
17.629,0.60006
16.761,0.61417
18.633,0.56718
15.986,0.62547
16.616,0.61622
16.731,0.60241
17.111,0.60611
15.774,0.64016
15.685,0.64058
15.506,0.64471
15.519,0.64037
16.109,0.6302
16.086,0.62498
16.164,0.61972
15.241,0.64689
15.448,0.63844
16.119,0.62316
15.42,0.63479
16.154,0.6196
15.428,0.63295
15.55,0.63161
15.57,0.63035
15.859,0.62008
15.006,0.63716
15.306,0.63292
15.679,0.621
15.063,0.63311
14.778,0.64213
14.618,0.63703
15.455,0.62398
14.113,0.64737
14.864,0.63849
13.817,0.65426
14.391,0.63751
15.788,0.61048
15.068,0.62605
15.217,0.6165
14.38,0.64062
15.463,0.6158
15.776,0.59632
14.214,0.64179
14.448,0.62973
14.885,0.6195
14.095,0.64428
13.882,0.64519
14.055,0.63464
13.269,0.65392
13.849,0.64369
13.85,0.64874
13.735,0.64406
13.394,0.65207
13.39,0.65353
13.396,0.65329
13.158,0.65779
13.237,0.65601
13.794,0.64068
13.857,0.63675
13.483,0.64468
13.749,0.64147
13.986,0.6316
12.678,0.66528
13.493,0.63847
13.107,0.64706
13.446,0.636
12.964,0.65599
13.045,0.65213
13.62,0.63309
12.19,0.6703
12.563,0.66215
12.502,0.66436
13.022,0.64839
12.479,0.66192
12.65,0.65692
13.065,0.6438
11.764,0.67685
12.989,0.64377
12.187,0.66447
12.442,0.65971
13.043,0.64175
13.492,0.62668
13.338,0.63185
12.912,0.64264
13.266,0.63055
13.06,0.63747
12.704,0.64552
12.722,0.65062
12.893,0.63909
13.546,0.62302
12.756,0.64358
12.48,0.64904
13.121,0.63173
13.409,0.62894
12.262,0.65712
12.938,0.63154
12.941,0.63166
12.246,0.65077
12.174,0.6546
12.574,0.64366
12.652,0.64221
12.66,0.64537
12.102,0.65462
12.903,0.63076
12.421,0.63772
12.555,0.64119
12.583,0.63803
12.546,0.63653
12.32,0.6464
12.579,0.64676
13.218,0.62327
13.344,0.61549
12.225,0.64605
12.326,0.64049
12.348,0.63965
12.549,0.63228
12.044,0.65612
12.915,0.62501
12.076,0.64192
11.535,0.66005
11.427,0.66163
11.934,0.64253
12.104,0.64288
12.911,0.62417
12.404,0.63394
11.755,0.64261
11.929,0.64614
11.378,0.65437
11.975,0.63744
12.561,0.62813
11.63,0.65017
12.023,0.63899
11.885,0.64327
11.864,0.64303
12.05,0.63434
12.32,0.62559
12.44,0.63629
12.444,0.63212
11.876,0.64104
11.837,0.64413
12.954,0.61329
11.876,0.64127
12.151,0.6329
12.056,0.64207
12.454,0.62893
11.746,0.64435
11.059,0.67078
11.385,0.65157
11.865,0.63939
12.139,0.63519
11.593,0.6509
12.193,0.63392
11.886,0.64024
10.7,0.67144
11.485,0.64994
11.074,0.65447
11.551,0.6554
11.162,0.66402
11.201,0.66186
10.823,0.67136
10.863,0.67278
10.785,0.67443
10.79,0.67544
11.182,0.66431
11.219,0.66331
11.31,0.66609
10.718,0.68183
10.303,0.68935
10.691,0.67951
10.736,0.67944
10.878,0.67775
10.665,0.67961
10.634,0.68131
10.628,0.68026
10.713,0.67867
10.918,0.67
10.625,0.68065
11.091,0.66845
11.036,0.67045
11.014,0.66671
11.05,0.66422
11.17,0.65969
10.79,0.66692
11.262,0.66235
10.883,0.6679
11.165,0.66507
10.975,0.66767
10.518,0.68288
10.95,0.67053
10.614,0.67902
10.449,0.68368
10.873,0.67133
10.558,0.68171
10.811,0.67332
10.619,0.67964
10.917,0.67113
10.606,0.67881
10.612,0.6794
10.444,0.6818
10.911,0.67127
10.439,0.68309
10.761,0.67484
10.641,0.67889
10.989,0.66819
11.101,0.66488
10.992,0.66839
10.873,0.67023
10.569,0.67833
10.572,0.67794
10.619,0.67566
10.661,0.67693
10.603,0.67708
10.815,0.67247
10.516,0.67799
10.577,0.67579
10.474,0.6779
10.892,0.66712
10.926,0.6682
10.938,0.66534
10.999,0.66631
11.155,0.66151
11.104,0.66396
11.187,0.66083
11.026,0.66462
10.835,0.66811
10.979,0.66793
10.734,0.67375
10.383,0.68067
10.709,0.67337
10.184,0.68783
10.374,0.68467
10.308,0.68127
10.577,0.67511
10.572,0.67686
10.011,0.68981
10.766,0.66956
10.285,0.68545
10.902,0.66742
11.254,0.65306
11.072,0.66514
11.011,0.66753
10.831,0.67152
10.753,0.67218
10.537,0.67609
10.748,0.67111
10.719,0.67202
10.832,0.66842
10.851,0.66756
10.55,0.67567
10.515,0.67297
10.448,0.67805
10.827,0.6684
10.347,0.68001
10.413,0.67588
10.607,0.67114
10.568,0.67302
10.948,0.66199
11.37,0.65197
10.221,0.68155
10.567,0.67088
10.589,0.67203
10.303,0.68476
10.292,0.68368
10.693,0.67199
10.723,0.67169
10.361,0.67939
10.736,0.67318
10.465,0.67903
10.533,0.67732
10.945,0.66574
10.421,0.67887
10.651,0.67285
10.27,0.68246
10.561,0.67509
10.481,0.67581
10.533,0.67421
10.504,0.67469
10.661,0.66964
10.33,0.68108
10.477,0.67946
10.55,0.67477
10.35,0.68176
10.357,0.6822
10.473,0.67781
10.424,0.6798
10.441,0.67825
10.175,0.68373
10.524,0.67473
10.591,0.67305
10.85,0.66315
11.059,0.66052
10.96,0.66271
10.361,0.67474
11.053,0.65664
10.667,0.67022
10.434,0.67505
10.368,0.67897
10.866,0.66676
10.603,0.67068
10.739,0.66894
10.308,0.68045
10.29,0.68007
10.43,0.6792
10.422,0.68001
10.882,0.66687
10.333,0.68131
10.728,0.66871
10.46,0.67402
10.641,0.66911
10.404,0.67365
11.092,0.65901
10.195,0.68145
10.938,0.66425
10.994,0.65826
10.338,0.67843
11.019,0.66106
10.379,0.67697
10.301,0.67812
10.116,0.68485
10.126,0.68233
10.326,0.68139
10.993,0.66044
11.283,0.65184
11.339,0.65461
11.307,0.65038
10.737,0.6665
11.026,0.65646
10.895,0.66022
11.013,0.6626
11.132,0.65973
10.48,0.67518
11.071,0.66042
10.365,0.67787
11.426,0.65192
10.797,0.66816
11.416,0.65207
11.239,0.65548
10.902,0.66531
11.138,0.65776
11.25,0.65452
11.033,0.65948
11.14,0.65761
11.318,0.65384
11.27,0.65665
10.489,0.67569
10.396,0.67369
10.522,0.67203
10.315,0.67858
10.308,0.67932
10.775,0.66811
10.322,0.67527
10.353,0.67495
10.525,0.67405
9.7902,0.68969
10.434,0.67167
10.242,0.68096
10.319,0.67627
10.304,0.67608
10.229,0.67768
10.412,0.67082
10.387,0.6769
10.31,0.68015
10.293,0.67438
10.597,0.6693
10.263,0.67579
10.504,0.67262
10.099,0.68195
11.044,0.6597
10.631,0.66747
10.549,0.67016
10.52,0.67097
10.647,0.66659
10.532,0.67185
10.557,0.67141
10.857,0.66347
10.38,0.67635
10.903,0.66096
10.394,0.67511
11.01,0.6578
10.824,0.66419
10.621,0.66531
9.6099,0.69303
10.01,0.68249
10.177,0.68263
9.9704,0.68278
9.6751,0.69297
9.5884,0.69505
9.5751,0.69396
10.13,0.67988
10.092,0.682
10.083,0.68217
10.481,0.67493
10.058,0.68589
10.622,0.67226
10.451,0.67472
11.076,0.66048
10.767,0.66688
11.454,0.64936
10.757,0.66741
10.645,0.67017
11.066,0.65869
10.644,0.66794
11.275,0.65388
10.719,0.66789
10.61,0.66916
10.702,0.66648
10.763,0.666
10.569,0.67175
10.464,0.67422
10.384,0.67889
10.759,0.66598
4.0665,0.91511
10.317,0.67885
10.63,0.67177
10.279,0.67731
10.075,0.68233
10.192,0.67995
10.191,0.68084
10.565,0.6716
10.738,0.66614
10.465,0.67342
10.612,0.66853
10.709,0.66642
10.444,0.67191
10.376,0.67447
10.547,0.66717
10.511,0.66976
10.565,0.6666
10.692,0.66462
10.233,0.67377
10.073,0.68343
10.127,0.67807
10.322,0.67633
9.8434,0.684
10.266,0.67485
10.244,0.67493
9.9073,0.68288
10.671,0.66749
10.317,0.67225
10.613,0.66542
10.955,0.65562
10.788,0.66265
10.35,0.67455
10.924,0.65752
10.564,0.66974
10.859,0.6611
10.862,0.65871
10.551,0.66869
10.466,0.66635
10.733,0.66329
10.493,0.66833
10.725,0.66475
10.921,0.65905
10.52,0.66872
10.425,0.67378
11.013,0.65944
10.234,0.68098
10.805,0.66452
10.968,0.65762
11.117,0.65651
10.611,0.66995
10.685,0.66719
10.253,0.67721
11.047,0.65912
10.882,0.66114
10.756,0.66596
10.73,0.6669
10.347,0.67616
10.273,0.67558
10.176,0.6812
9.6345,0.68935
10.23,0.6785
9.9449,0.68182
9.9845,0.67923
10.314,0.67424
9.8127,0.68818
10.335,0.67601
10.588,0.66853
10.524,0.67226
10.542,0.66787
10.432,0.67151
10.843,0.66237
10.525,0.67085
10.693,0.66537
10.535,0.67013
10.438,0.67371
10.107,0.68125
10.299,0.6781
10.201,0.68149
10.687,0.66769
10.658,0.66968
10.784,0.66336
10.755,0.66674
10.436,0.67064
10.076,0.68443
10.86,0.66255
10.385,0.6738
10.549,0.67038
10.307,0.67698
10.462,0.67342
10.419,0.66858
10.049,0.68308
10.122,0.68087
10.081,0.68267
10.13,0.67789
10.074,0.67786
10.226,0.67621
10.266,0.67736
10.292,0.67623
10.445,0.67136
10.22,0.6792
10.095,0.67724
10.25,0.67473
10.644,0.66958
10.95,0.66059
10.388,0.67295
10.38,0.67325
10.124,0.67698
10.205,0.67713
10.156,0.67943
10.013,0.68586
10.051,0.68075
10.225,0.67818
10.395,0.67187
9.9565,0.68512
10.086,0.68225
10.826,0.66314
10.291,0.67515
9.9534,0.6852
10.208,0.67756
10.027,0.68248
9.9642,0.68233
9.9575,0.68439
10.042,0.68137
10.009,0.68128
9.9233,0.68362
10.416,0.66954
10.063,0.68188
10.327,0.6709
10.338,0.67266
10.03,0.68048
10.545,0.6665
10.896,0.65661
10.631,0.66882
10.142,0.67879
10.167,0.67851
10.398,0.67192
10.345,0.67395
10.561,0.6662
10.484,0.66944
10.148,0.67765
10.546,0.66812
10.218,0.67558
9.8761,0.68638
10.187,0.67484
10.834,0.6622
10.573,0.66762
10.276,0.67506
10.172,0.67767
10.066,0.67988
10.254,0.67598
10.554,0.66645
10.445,0.66995
10.426,0.66974
10.427,0.66946
10.495,0.66762
10.641,0.665
10.174,0.67698
10.26,0.67279
10.332,0.67484
10.552,0.6683
10.373,0.67159
10.595,0.6663
10.624,0.6638
10.407,0.67309
10.278,0.67742
11.019,0.6563
10.625,0.66745
10.8,0.66223
10.383,0.67262
10.703,0.66611
10.402,0.67242
10.545,0.67111
10.687,0.66581
10.633,0.66652
10.851,0.65685
10.956,0.65763
10.539,0.66407
10.428,0.67006
10.908,0.6581
10.127,0.67956
10.639,0.66677
10.356,0.67372
10.051,0.68052
10.634,0.66208
10.705,0.66206
10.282,0.67431
10.429,0.66544
10.26,0.67603
10.057,0.67773
10.288,0.67469
9.8364,0.68528
10.028,0.67502
10.249,0.67369
10.112,0.67664
10.343,0.66878
10.005,0.68127
9.9432,0.68157
9.8716,0.68544
10.406,0.67237
10.786,0.66426
10.425,0.67035
10.471,0.67052
10.668,0.66688
10.742,0.66346
10.541,0.67232
10.515,0.67212
10.203,0.67863
10.454,0.67306
10.273,0.67569
10.383,0.67455
10.33,0.67222
10.303,0.67531
9.9848,0.68502
10.202,0.67646
10.613,0.66814
9.9961,0.68195
10.194,0.67919
10.264,0.67199
10.374,0.67367
10.557,0.66863
10.355,0.67413
10.381,0.67268
10.222,0.67785
10.283,0.67724
10.726,0.66664
10.152,0.67858
10.212,0.67869
10.381,0.67151
10.555,0.66535
9.8115,0.68598
10.435,0.67106
10.745,0.66133
10.269,0.67217
10.534,0.66679
10.681,0.66713
10.333,0.67586
10.251,0.678
9.9283,0.68396
10.401,0.67002
10.469,0.66908
10.242,0.67562
10.287,0.67569
10.025,0.68277
10.314,0.67362
10.298,0.67644
10.211,0.67885
10.176,0.67698
10.288,0.67614
10.181,0.67858
10.479,0.66763
10.587,0.66695
10.525,0.66652
10.298,0.67058
10.427,0.67016
10.646,0.66308
10.426,0.67079
10.476,0.66812
9.7932,0.68678
11.115,0.65516
11.028,0.6551
10.45,0.67164
10.458,0.66919
10.889,0.66103
10.358,0.67513
10.852,0.66012
10.565,0.67001
10.803,0.66135
10.378,0.67573
10.75,0.66308
10.4,0.67376
10.666,0.66495
10.662,0.66606
10.384,0.67257
10.623,0.66632
10.797,0.66171
10.635,0.66493
10.618,0.66429
10.696,0.66375
10.491,0.66404
10.652,0.66602
10.695,0.66269
10.515,0.6707
10.044,0.68152
10.128,0.6791
10.522,0.66843
10.159,0.67589
10.325,0.67595
10.178,0.67748
10.258,0.6726
10.317,0.6752
10.315,0.67449
10.021,0.68272
9.9697,0.68392
10.683,0.66441
9.786,0.68544
10.217,0.67839
9.8433,0.68571
10.255,0.67274
10.402,0.67265
10.25,0.67506
9.9694,0.68232
10.685,0.66323
10.411,0.67232
9.9696,0.6835
10.775,0.66385
9.9627,0.68282
10.214,0.67889
10.898,0.66018
10.8,0.66467
10.348,0.67472
10.69,0.66624
10.034,0.68478
10.368,0.67379
10.673,0.66734
10.545,0.67007
9.9456,0.68427
9.8286,0.68725
9.5545,0.69539
9.661,0.68979
10.238,0.67692
10.153,0.67998
9.7519,0.69022
10.468,0.67063
10.329,0.67389
10.019,0.6836
10.249,0.67683
10.17,0.67955
10.354,0.67467
10.661,0.66525
10.526,0.66936
10.603,0.66502
10.394,0.67197
10.503,0.66744
9.8528,0.68235
10.146,0.67566
9.6994,0.68441
9.8104,0.68449
10.126,0.67893
9.8492,0.68149
9.9212,0.68154
10.253,0.67373
9.9891,0.67959
10.026,0.67959
10.24,0.67572
10.3,0.67534
10.53,0.6699
10.706,0.66459
10.465,0.67152
10.308,0.67683
10.313,0.67427
10.245,0.67674
10.342,0.67491
10.406,0.67451
10.593,0.66891
9.8704,0.68416
10.557,0.66968
9.9473,0.68032
10.081,0.67887
10.1,0.67904
10.586,0.6669
10.468,0.67074
10.398,0.67193
10.102,0.68146
10.197,0.67748
10.094,0.68121
10.496,0.6677
10.467,0.66875
9.5842,0.6921
10.305,0.67274
9.6538,0.68739
10.325,0.67071
10.197,0.67416
10.336,0.67203
10.399,0.66996
10.264,0.67487
9.7366,0.68878
10.458,0.6704
9.6267,0.69255
9.811,0.68503
10.066,0.68226
10.179,0.67474
9.8246,0.68359
10.219,0.6748
9.8348,0.68513
9.7563,0.68489
10.137,0.67871
10.396,0.67095
9.8586,0.68274
9.8052,0.68535
9.7082,0.68727
10.868,0.66387
11.494,0.64862
10.397,0.67202
10.237,0.67604
10.579,0.66753
10.26,0.67485
10.879,0.66135
10.581,0.66675
10.889,0.66065
10.341,0.67369
10.283,0.6739
10.954,0.65753
10.316,0.6686
10.029,0.6764
10.131,0.67725
10.296,0.67593
10.046,0.67692
10.069,0.67783
10.415,0.66973
10.303,0.67218
10.002,0.6816
10.001,0.67776
10.265,0.67438
10.115,0.6781
10.455,0.6714
10.124,0.68055
10.155,0.67838
10.149,0.67868
10.257,0.67723
10.107,0.68093
9.6277,0.69379
10.302,0.67627
10.09,0.68065
9.6081,0.69361
10.335,0.67485
9.663,0.69314
10.233,0.67535
10.389,0.67348
10.664,0.66638
10.703,0.66453
10.516,0.67035
10.196,0.6736
10.615,0.66658
9.929,0.68318
10.489,0.67057
10.435,0.67247
10.375,0.67105
10.302,0.67496
10.618,0.66681
10.511,0.66823
10.234,0.67483
10.446,0.67118
10.605,0.66768
10.29,0.66944
9.979,0.67932
10.537,0.66651
9.4052,0.69638
10.594,0.66295
9.3948,0.69721
10.035,0.67851
10.704,0.66517
10.565,0.66839
10.426,0.66934
10.234,0.67656
10.645,0.66529
10.507,0.66878
10.47,0.66993
10.399,0.67409
10.442,0.67287
10.378,0.6731
10.496,0.66905
10.357,0.67271
10.008,0.67979
10.065,0.67889
10.061,0.68036
10.796,0.663
9.9721,0.68267
10.488,0.66762
10.791,0.66414
10.061,0.68257
10.4,0.67286
10.117,0.67782
10.219,0.67705
10.517,0.66677
10.721,0.66338
10.061,0.67502
10.213,0.67599
10.291,0.67447
10.207,0.67503
10.192,0.67402
9.9804,0.68136
10.214,0.67418
10.24,0.67432
10.061,0.67356
10.299,0.67332
10.213,0.67284
10.244,0.67481
10.198,0.67872
9.7709,0.68907
10.154,0.67531
10.526,0.66589
10.015,0.6804
9.8906,0.68342
10.22,0.67391
10.259,0.67486
10.554,0.66506
10.225,0.67247
10.437,0.66875
11.405,0.64577
10.406,0.6722
10.855,0.66225
10.336,0.6737
10.865,0.66091
10.05,0.68061
9.8154,0.68583
10.51,0.66811
10.403,0.671
10.942,0.65745
10.952,0.65809
10.592,0.66849
10.203,0.67524
9.9351,0.68329
10.236,0.67578
10.676,0.66324
10.235,0.67258
10.221,0.67473
10.346,0.67264
10.296,0.67291
10.556,0.66588
10.404,0.66919
10.328,0.67349
10.892,0.65867
10.144,0.67941
9.9797,0.68534
10.322,0.67581
10.249,0.67714
10.104,0.67841
10.492,0.67146
9.8129,0.68832
10.484,0.67111
10.454,0.67188
10.244,0.67806
10.212,0.67738
10.402,0.67424
10.6,0.66431
10.246,0.67438
10.624,0.66471
10.361,0.67158
10.195,0.67714
10.539,0.66806
10.323,0.67328
10.687,0.66426
10.484,0.67015
10.31,0.67573
10.086,0.68166
10.398,0.67424
10.512,0.67118
9.8313,0.68573
10.465,0.67379
10.212,0.67876
10.432,0.67189
10.492,0.67183
10.482,0.67111
10.196,0.6761
9.8586,0.68515
10.375,0.67483
10.422,0.67092
10.415,0.67075
10.488,0.66856
10.225,0.67021
10.03,0.6786
10.149,0.67883
10.551,0.66533
9.7264,0.68847
10.392,0.67136
10.655,0.66556
10.397,0.6697
10.36,0.6722
10.508,0.66888
10.345,0.67313
9.9149,0.68399
10.556,0.66473
9.2174,0.70433
10.363,0.67252
10.404,0.6686
9.043,0.70353
10.319,0.6716
9.1285,0.70267
10.294,0.67231
10.288,0.6735
10.472,0.66766
10.262,0.67438
9.7782,0.68982
9.9042,0.68574
10.362,0.67213
9.8152,0.68744
9.6941,0.68943
10.107,0.67892
10.285,0.67433
10.013,0.68324
10.116,0.68044
10.422,0.6704
10.103,0.68003
9.7877,0.68735
10.273,0.67394
10.654,0.66463
10.271,0.67428
10.31,0.67309
10.191,0.67537
10.271,0.67267
9.9394,0.68238
10.084,0.67749
10.138,0.67616
10.255,0.67332
10.154,0.67595
10.162,0.67688
10.101,0.68023
10.525,0.66686
9.8352,0.68885
10.25,0.67772
9.9437,0.68345
10.406,0.67162
10.303,0.67211
10.532,0.667
10.433,0.66995
10.413,0.66997
10.42,0.67057
10.428,0.67095
9.9566,0.68117
10.089,0.67684
10.381,0.67168
10.25,0.67489
10.43,0.67019
10.451,0.66908
10.116,0.67815
10.289,0.67295
10.203,0.67545
10.444,0.66871
10.417,0.6703
10.631,0.66545
10.578,0.66736
9.8908,0.68574
10.413,0.67292
10.768,0.66203
10.854,0.66008
10.564,0.66753
10.74,0.66416
9.8543,0.68453
10.547,0.66687
10.04,0.68055
9.913,0.68485
10.064,0.67914
10.648,0.66712
10.625,0.66804
10.462,0.67206
9.794,0.68777
10.222,0.67421
10.181,0.67854
10.158,0.67847
9.6362,0.69071
10.555,0.66675
9.8444,0.68596
9.5441,0.69498
10.866,0.6598
9.9268,0.68194
9.7267,0.68844
9.9489,0.68213
9.8342,0.6871
9.6926,0.69075
9.8347,0.68824
9.8355,0.68653
10.588,0.66432
10.391,0.67124
9.9624,0.68331
9.8408,0.6834
9.8052,0.6837
9.8234,0.6851
9.9463,0.68587
10.218,0.67833
9.7379,0.68945
9.8227,0.68732
9.7787,0.68763
9.7585,0.68711
10.038,0.67929
10.112,0.68113
9.9273,0.68395
9.6399,0.68906
10.152,0.67531
10.373,0.67499
10.716,0.66416
10.396,0.67331
10.718,0.66474
10.38,0.67398
10.323,0.6743
10.755,0.66307
10.35,0.67538
10.825,0.65975
10.713,0.66415
10.117,0.67856
10.979,0.65665
10.279,0.67374
10.488,0.66867
9.9406,0.68487
9.7493,0.68994
9.8715,0.68649
9.7411,0.69237
10.255,0.67708
10.574,0.66703
9.7458,0.68972
10.396,0.67288
10.322,0.67453
10.059,0.68009
10.151,0.67746
8.9499,0.71197
10.214,0.67594
10.092,0.68101
10.192,0.67581
10.307,0.67484
10.519,0.66812
9.1627,0.70305
9.2794,0.70104
10.565,0.66562
11.099,0.65467
10.918,0.65973
10.496,0.66676
10.487,0.6706
10.576,0.66579
10.661,0.66386
9.4756,0.69785
9.4902,0.69574
10.202,0.67301
10.535,0.66637
10.738,0.66202
9.4724,0.6941
10.417,0.6694
10.961,0.65617
10.633,0.66577
10.39,0.67239
10.556,0.66742
10.647,0.66654
10.663,0.66687
10.387,0.66865
10.698,0.66457
10.761,0.66259
10.096,0.6756
10.862,0.65987
9.9235,0.68155
9.8888,0.68538
10.162,0.67855
10.332,0.67308
10.37,0.6741
10.53,0.66754
10.369,0.67227
10.321,0.67117
9.8129,0.68779
10.298,0.6726
9.7347,0.68924
10.367,0.67219
10.354,0.67129
10.382,0.66863
10.1,0.67728
10.39,0.67115
10.23,0.67291
10.349,0.67022
10.193,0.67408
10.011,0.67728
10.363,0.67117
10.069,0.67607
10.296,0.66895
9.9956,0.67599
10.055,0.67295
10.091,0.67511
9.0384,0.7001
8.8575,0.70888
9.0766,0.70459
9.0324,0.70399
9.2386,0.69883
10.454,0.66532
9.1259,0.70172
10.385,0.66838
9.0169,0.70562
10.618,0.66225
9.2282,0.69661
9.0114,0.70091
10.108,0.67217
10.248,0.67066
9.9205,0.67749
10.595,0.66066
10.399,0.66355
10.224,0.67086
10.085,0.66968
10.192,0.6689
10.234,0.66836
10.131,0.67256
10.161,0.67083
10.051,0.66959
10.211,0.67063
10.091,0.67066
8.9817,0.69972
10.426,0.66231
10.341,0.66368
9.9108,0.6745
10.46,0.66016
10.262,0.6632
10.393,0.66076
10.042,0.66751
10.293,0.66071
10.365,0.66089
10.111,0.66757
9.9717,0.66976
10.107,0.66555
10.318,0.66139
10.245,0.66169
9.9007,0.67029
10.233,0.66044
10.139,0.66207
10.072,0.66421
9.7294,0.67103
10.111,0.66259
10.151,0.66225
9.666,0.67486
9.7441,0.67253
9.4181,0.68116
9.868,0.66935
9.6327,0.67393
9.723,0.67165
9.6735,0.67177
9.3109,0.68242
9.2533,0.68206
9.6248,0.67122
9.4164,0.67609
9.6583,0.66786
9.2734,0.6808
9.5508,0.67154
9.547,0.67234
9.5593,0.67202
9.5686,0.67003
9.3647,0.67448
9.4818,0.67067
9.5027,0.67049
9.4927,0.66905
9.5918,0.66496
9.4688,0.66698
9.0676,0.67807
9.0586,0.67918
8.9774,0.67895
9.0706,0.67603
8.5193,0.69185
8.5429,0.69053
9.2392,0.669
9.1147,0.67276
8.5738,0.68724
8.9862,0.6749
9.3816,0.66339
9.0983,0.6712
9.1735,0.669
9.1046,0.66927
9.2434,0.66502
8.9842,0.67149
9.0645,0.66847
8.886,0.67329
8.8472,0.67358
8.7422,0.67669
8.8395,0.67216
8.8357,0.67222
8.6293,0.67686
8.6121,0.67634
8.5478,0.67775
8.7419,0.67338
8.5624,0.67758
8.6097,0.67558
8.4031,0.67959
8.5399,0.67437
8.2271,0.68269
8.1739,0.68392
8.3077,0.67947
8.6324,0.66875
8.5174,0.67255
8.229,0.68201
8.458,0.67212
8.4939,0.66519
8.1026,0.67627
8.1514,0.67486
8.0866,0.67728
8.0944,0.67492
8.6873,0.66132
8.5173,0.66727
7.9082,0.67807
7.9236,0.67663
8.2584,0.6661
8.1032,0.66998
7.943,0.67447
7.7752,0.67865
7.5693,0.68747
7.7862,0.67755
7.8824,0.67426
7.1278,0.69622
7.1487,0.69489
6.9739,0.70103
7.1001,0.69492
7.3846,0.68758
7.4147,0.68431
7.0594,0.69471
7.236,0.68856
7.0079,0.69474
7.0691,0.69224
7.3395,0.68258
7.7419,0.67068
6.8983,0.6952
7.942,0.66284
7.0776,0.68835
7.3053,0.68028
7.1996,0.68198
7.0632,0.68717
7.1957,0.68222
7.1386,0.68487
6.8466,0.69418
6.9601,0.68998
6.7784,0.69512
6.8898,0.69097
6.8453,0.69215
6.87,0.69039
6.9378,0.68813
6.9231,0.68803
6.8995,0.68803
6.913,0.68739
7.0411,0.6832
6.9161,0.68669
7.0791,0.68086
6.6277,0.69558
7.0874,0.67918
6.4228,0.70123
6.6015,0.69506
6.7602,0.68843
6.6856,0.69104
6.6079,0.69245
7.0191,0.67794
6.9201,0.68072
6.7675,0.68494
6.7883,0.68373
6.7092,0.68663
6.6987,0.68664
6.3952,0.69611
6.2352,0.70131
6.3427,0.69856
6.7397,0.68378
6.5959,0.6888
6.3016,0.69814
6.5398,0.68876
6.4228,0.69348
6.7078,0.68146
6.2311,0.69761
6.2923,0.69589
6.1394,0.70161
6.5817,0.6861
6.7471,0.6777
6.5213,0.68423
6.393,0.68868
6.8061,0.67346
6.3078,0.68955
6.736,0.67462
6.1927,0.69282
6.3662,0.6862
6.3182,0.68719
5.5135,0.71691
6.1213,0.69338
6.4596,0.68138
6.1476,0.69128
6.2091,0.68819
6.3847,0.68215
6.3553,0.68264
6.3389,0.68348
6.205,0.68756
5.7772,0.70413
5.9883,0.69419
6.2118,0.6857
5.9889,0.69235
5.8583,0.69817
6.2343,0.68361
5.9856,0.69158
5.7301,0.69965
6.3359,0.67751
5.8598,0.69304
6.3312,0.67711
6.5237,0.66956
6.4148,0.67255
5.9995,0.68752
6.2703,0.67687
6.1328,0.6834
6.0463,0.68515
6.1605,0.68176
6.2656,0.67674
6.2351,0.6768
6.3322,0.67285
6.1817,0.67637
6.1744,0.67632
6.1447,0.67626
6.2774,0.67012
6.286,0.66977
6.3043,0.66854
5.9267,0.68126
6.0223,0.67913
6.1771,0.67294
5.9401,0.68196
5.8302,0.68582
6.0488,0.67742
5.7864,0.68712
5.9459,0.68097
5.8202,0.68496
5.9531,0.67939
5.9888,0.67632
6.112,0.67186
5.9502,0.67597
6.1437,0.66864
5.902,0.67732
5.8896,0.67633
6.1314,0.66744
6.0116,0.67213
6.0692,0.66791
6.2705,0.65992
6.269,0.66026
6.2623,0.65857
6.0699,0.66371
6.2342,0.65534
5.6157,0.67736
5.8968,0.66575
6.0315,0.65925
5.9824,0.66078
6.0001,0.65932
6.0926,0.65461
5.9516,0.65977
5.9349,0.65952
6.0461,0.65561
5.9215,0.65898
5.8976,0.66074
5.9975,0.658
6.0327,0.65639
5.7782,0.66578
5.8932,0.65987
5.8496,0.66041
5.9469,0.65786
5.9721,0.65617
5.8755,0.65849
5.729,0.66359
5.8057,0.6605
5.9069,0.65642
5.9195,0.65518
5.9152,0.65468
5.4995,0.66988
5.637,0.66542
5.6148,0.66416
5.5805,0.66649
5.6156,0.6637
5.8013,0.65667
5.73,0.65821
5.6253,0.661
5.6656,0.65997
5.8344,0.65297
5.9068,0.65035
5.4861,0.66579
5.726,0.65668
5.6879,0.65868
5.745,0.65545
5.7404,0.65511
5.8541,0.65165
5.6275,0.65857
5.5856,0.65966
5.5052,0.66032
5.5605,0.65878
5.6093,0.65699
5.8917,0.64622
5.7644,0.6506
5.7543,0.65106
5.6505,0.6537
5.6448,0.6533
5.7368,0.65024
5.639,0.6523
5.6445,0.65193
5.5579,0.65614
5.5794,0.65505
5.5976,0.65224
5.8068,0.64488
5.6185,0.65101
5.576,0.65299
5.7768,0.64424
5.715,0.6468
5.6379,0.6495
5.643,0.64879
5.7013,0.6464
5.556,0.65057
5.7321,0.64349
5.5416,0.65014
5.4926,0.65222
5.5655,0.64885
5.5307,0.64983
5.5143,0.6502
5.7067,0.642
5.488,0.65025
5.5396,0.64829
5.5736,0.64629
5.5157,0.64852
5.5312,0.64663
5.6581,0.64237
5.4969,0.64829
5.6122,0.64392
5.6161,0.64294
5.4378,0.64919
5.574,0.64369
5.3293,0.65482
5.3927,0.65039
5.3105,0.65383
5.5085,0.64484
5.3156,0.65237
5.3215,0.6522
5.2712,0.65356
5.1444,0.6592
5.2929,0.65259
5.232,0.65418
5.34,0.64964
5.3225,0.65034
4.9148,0.66725
5.5186,0.64166
5.518,0.64075
5.016,0.66113
5.0913,0.65775
5.3494,0.64722
5.4851,0.64131
4.9573,0.66359
5.0472,0.65888
4.9896,0.66095
4.9629,0.66194
5.1038,0.65502
5.2466,0.64971
5.0332,0.65766
5.4324,0.64151
5.0006,0.65929
5.1303,0.65339
5.1485,0.65227
5.1246,0.65374
5.2569,0.64874
5.1885,0.65227
5.1547,0.65236
5.1845,0.65039
5.2651,0.64796
5.1221,0.6544
5.1705,0.65107
4.9833,0.65994
5.1785,0.65048
5.1257,0.65265
5.226,0.64875
5.0651,0.65472
4.9962,0.65837
4.9828,0.65878
5.104,0.65333
5.0828,0.6537
5.0492,0.6553
5.1467,0.65166
5.0147,0.65664
4.978,0.65855
5.0579,0.65458
5.3,0.64416
5.323,0.64321
5.3979,0.64065
5.3605,0.64169
5.3455,0.64235
5.2788,0.64546
5.3426,0.64284
5.2629,0.64609
4.9923,0.65796
5.0785,0.65378
5.0371,0.65562
5.0555,0.65446
5.1484,0.64957
5.1727,0.64938
5.0546,0.65496
5.0995,0.65221
5.125,0.64825
5.1119,0.6512
5.0027,0.65632
4.9834,0.65739
5.1963,0.64772
5.2424,0.64513
5.27,0.64456
5.235,0.64544
5.2793,0.6434
5.2159,0.64676
5.2173,0.64673
5.2213,0.64671
5.1925,0.64747
5.2213,0.64531
5.2239,0.64657
5.1301,0.65083
4.8483,0.66387
4.8555,0.66118
4.7928,0.66447
4.7174,0.66813
4.9813,0.65716
4.6195,0.67276
5.0098,0.65546
4.9686,0.65759
4.6858,0.66907
5.0589,0.65321
5.0528,0.65354
5.1031,0.65061
4.9,0.65977
4.8975,0.65955
5.1791,0.64791
4.7212,0.66746
5.1301,0.65049
4.7125,0.6689
4.8189,0.6639
4.8576,0.66234
5.2459,0.6454
4.98,0.65577
4.8558,0.6618
4.9669,0.6569
4.8649,0.66009
5.0005,0.65531
5.0477,0.65177
4.9445,0.65664
5.1338,0.6472
4.9763,0.65433
5.1148,0.64844
4.767,0.66608
4.9721,0.65721
4.9443,0.65812
4.8664,0.66035
4.8846,0.66044
4.9493,0.65778
5.0048,0.65461
4.9254,0.65786
4.7583,0.6642
5.1164,0.64896
4.8661,0.65951
4.8126,0.66076
5.0867,0.65031
5.114,0.64866
4.7608,0.6636
4.9496,0.656
4.7911,0.66331
4.7998,0.66279
4.9051,0.65736
4.9707,0.65466
4.9079,0.65748
4.8602,0.65929
4.8,0.66271
4.8548,0.65983
4.9787,0.65448
4.9021,0.65909
4.9357,0.65625
4.9257,0.65718
5.0493,0.65122
4.7276,0.66605
4.8288,0.66193
4.7886,0.66322
4.7941,0.6626
4.7651,0.66487
4.8713,0.65963
4.8168,0.6624
4.8821,0.65868
4.9086,0.65692
4.8555,0.66013
4.797,0.66218
4.8609,0.65937
4.918,0.65613
4.997,0.65269
4.8436,0.65997
4.9341,0.65574
4.9414,0.6557
4.7151,0.66622
4.8254,0.66127
4.7318,0.66536
4.8647,0.65921
4.8021,0.66136
4.7069,0.66684
4.7154,0.66622
4.8504,0.65873
4.8292,0.65991
4.6427,0.66858
4.9488,0.65484
4.9876,0.65343
4.9259,0.6557
4.9158,0.65553
4.9867,0.65234
4.8798,0.65696
5.0403,0.65025
4.8266,0.65953
5.0852,0.64849
4.8955,0.6564
5.0937,0.64868
4.9243,0.65436
4.8471,0.65945
4.9551,0.65181
4.9622,0.65286
4.8714,0.65773
4.8638,0.65712
4.851,0.65773
4.8449,0.65786
4.8979,0.65143
4.8298,0.65852
4.9722,0.65323
4.6925,0.66475
4.8807,0.6522
4.9334,0.65239
4.7926,0.66087
4.8288,0.6601
4.9385,0.65459
4.9354,0.65522
4.9962,0.65257
4.952,0.6546
4.7515,0.66392
4.9531,0.65417
4.9028,0.65728
4.9942,0.64996
4.961,0.65346
4.902,0.65501
4.7806,0.6613
4.9185,0.65487
4.9342,0.65373
4.9381,0.65345
4.825,0.65883
4.9273,0.65391
4.9641,0.65168
4.9019,0.65529
4.6106,0.66965
4.9452,0.65423
4.957,0.65333
4.8891,0.65665
4.8781,0.65735
4.9063,0.65581
4.9142,0.65522
4.8809,0.65713
4.8719,0.65742
4.9017,0.65562
4.8582,0.65777
4.8948,0.65564
4.752,0.6625
4.812,0.65606
4.7976,0.6576
4.747,0.66067
4.7717,0.66162
4.8134,0.6592
4.7656,0.6621
4.7874,0.65676
4.7896,0.65737
4.8026,0.65993
4.7717,0.66106
4.9894,0.65168
4.2943,0.6863
4.4897,0.67696
5.078,0.64735
4.6075,0.66747
4.9318,0.65344
5.0209,0.6484
4.9676,0.65171
4.8786,0.65542
4.7157,0.66149
4.6628,0.665
4.8855,0.65492
4.9088,0.65441
4.8099,0.65573
4.8739,0.65437
4.6432,0.66532
4.7865,0.65864
4.7245,0.66196
4.8057,0.65902
5.128,0.64447
4.6653,0.66546
4.5523,0.67088
4.7628,0.66151
4.7559,0.66031
4.4698,0.67422
5.1594,0.64015
4.8619,0.65451
5.1552,0.64201
4.9372,0.65146
4.9204,0.65406
5.0117,0.6499
5.0362,0.64765
4.858,0.65763
5.0613,0.64197
4.8324,0.6577
4.8852,0.65487
4.6088,0.66534
5.1517,0.64228
4.7267,0.66064
5.2346,0.63784
4.8219,0.65554
4.8114,0.65479
5.0317,0.64816
4.8028,0.65826
4.8263,0.6566
4.8746,0.65543
4.7689,0.66017
5.0162,0.6495
4.9009,0.65439
4.8328,0.65758
4.8468,0.65681
4.8352,0.65764
4.8375,0.65755
4.6941,0.663
4.662,0.66508
4.7457,0.66152
4.6539,0.66597
4.6532,0.66627
4.6286,0.66702
4.698,0.66165
4.7267,0.6612
4.8705,0.65149
4.4714,0.67419
4.3554,0.68157
4.6225,0.66682
4.8263,0.65715
4.5029,0.67098
4.7936,0.65843
4.8269,0.65731
4.4075,0.6788
4.3863,0.67956
4.6148,0.66963
4.7166,0.66303
4.8435,0.65546
4.8952,0.65204
4.9452,0.65061
4.7791,0.65781
5.0932,0.64415
5.0042,0.64808
4.9654,0.64903
5.0404,0.6457
5.0311,0.64601
4.7171,0.65724
5.0487,0.64555
4.6324,0.66506
4.9454,0.65216
4.879,0.65419
5.0165,0.64865
4.8855,0.65453
4.7393,0.6617
5.0129,0.64827
4.8093,0.65711
4.8087,0.65743
4.882,0.65391
4.8392,0.65554
4.915,0.65198
4.9022,0.65264
5,0.64909
4.9456,0.65136
4.9278,0.65215
4.5558,0.6686
4.697,0.66192
4.9166,0.65294
4.9472,0.65129
4.6376,0.66411
4.6125,0.66408
4.8644,0.65501
4.6002,0.66456
4.5977,0.66708
4.8309,0.65609
5.0191,0.64792
5.1943,0.63988
4.7984,0.65782
4.7935,0.65845
4.6445,0.66455
4.8116,0.65778
4.7803,0.65844
4.8332,0.65563
4.9098,0.65282
4.8206,0.65403
4.7919,0.65745
4.9847,0.64491
5.0579,0.64543
4.7049,0.65942
4.6029,0.66485
5.0837,0.6448
4.8528,0.65558
5.017,0.64875
4.9545,0.65136
4.7928,0.659
4.7885,0.65859
4.6777,0.66487
4.8097,0.65752
4.6037,0.66518
4.6471,0.66204
4.4302,0.67304
5.0597,0.64408
4.5548,0.66677
4.7134,0.66035
4.7255,0.66017
4.7205,0.66065
4.7034,0.66185
4.7696,0.65858
4.7248,0.66073
4.7721,0.65881
5.0245,0.63978
4.6927,0.66274
4.648,0.66517
4.6149,0.66595
4.8421,0.65594
4.7207,0.65977
4.6592,0.66313
4.8558,0.65302
4.8761,0.65379
4.8066,0.65692
4.7703,0.65918
4.7008,0.66238
4.8248,0.65498
4.8622,0.65255
4.7649,0.65845
4.861,0.65422
4.7564,0.65833
4.8917,0.65224
4.8689,0.65347
4.7642,0.65826
4.7685,0.65822
4.7975,0.65735
5.1143,0.64277
5.1806,0.64061
4.9781,0.64776
5.151,0.64061
4.8121,0.65687
4.7335,0.65912
5.0387,0.64746
4.9255,0.64981
4.8712,0.65359
4.9268,0.64897
4.8144,0.65601
4.8492,0.65507
4.7446,0.65942
4.7953,0.65657
4.8843,0.65281
4.8834,0.65291
5.0769,0.64314
4.7027,0.66167
4.8508,0.65408
4.9421,0.64972
4.9257,0.65115
4.782,0.65703
4.8794,0.65263
4.8861,0.65233
4.8717,0.65284
4.971,0.64794
4.7572,0.65813
4.833,0.65379
4.7482,0.65876
4.8697,0.65331
5.0401,0.64462
5.1543,0.64013
4.9741,0.64766
4.9074,0.64983
4.7961,0.65669
4.5932,0.667
4.7219,0.65861
4.9562,0.64902
5.0306,0.64506
4.7313,0.65964
5.0837,0.64157
4.8613,0.65209
4.9373,0.64955
4.8675,0.65378
4.6249,0.66542
4.8579,0.65342
4.754,0.65681
4.8141,0.65563
4.8914,0.65198
4.9401,0.64955
4.8624,0.65299
4.9778,0.64715
4.9966,0.64708
5.0134,0.64384
4.8616,0.65061
4.7987,0.65582
4.872,0.65231
4.8521,0.65344
4.9913,0.64657
4.6402,0.66172
4.4869,0.6702
4.962,0.64981
4.9216,0.65009
5.0464,0.64364
4.9891,0.64615
4.8432,0.65426
5.0012,0.64622
5.0015,0.64599
5.0175,0.64496
4.7046,0.65807
5.0134,0.64538
5.0803,0.64169
5.021,0.64351
4.924,0.65037
5.1575,0.63599
5.0966,0.64099
5.0289,0.64415
4.9067,0.64891
5.0376,0.64475
4.8585,0.65064
4.9479,0.64792
4.8341,0.65339
4.7888,0.6552
4.8149,0.65454
4.8202,0.65408
4.8884,0.65124
4.9227,0.64952
4.846,0.65319
4.7325,0.65886
4.7333,0.65882
5.0131,0.64649
4.8373,0.65337
5.0083,0.64719
4.713,0.65984
5.0003,0.64712
4.8789,0.64825
5.0147,0.6463
5.0039,0.64683
4.8587,0.65113
4.8015,0.65494
4.7055,0.65404
4.8839,0.64964
4.7686,0.65682
4.9606,0.64782
4.8011,0.65085
4.6588,0.65947
4.8521,0.65302
4.8586,0.6526
4.8883,0.65176
4.7486,0.65739
4.7451,0.65715
4.8676,0.65201
4.7926,0.65552
4.8005,0.65514
4.6774,0.6608
4.7846,0.6513
4.7701,0.65396
4.7403,0.65793
4.7444,0.65756
4.7559,0.65708
4.7754,0.65638
4.7297,0.65787
4.7348,0.65828
4.5841,0.66445
4.6715,0.6608
4.5801,0.66445
4.6845,0.65578
4.5325,0.66676
4.5564,0.66568
4.4669,0.67143
4.4443,0.67291
4.6527,0.66237
4.6774,0.66084
4.6893,0.66015
4.9109,0.65032
4.8973,0.65104
4.8838,0.65125
4.8537,0.65258
4.8671,0.6518
4.8811,0.6509
4.8517,0.65231
4.8807,0.65091
4.8602,0.65244
4.8512,0.65302
4.7047,0.65918
4.8602,0.65251
4.6819,0.6608
4.675,0.66147
4.9342,0.64996
4.8677,0.6525
4.833,0.65383
4.8995,0.6507
4.76,0.65715
4.7294,0.65851
4.8509,0.65214
4.9013,0.65002
4.9186,0.64938
4.8549,0.65278
4.9553,0.64689
4.9614,0.64663
4.997,0.64475
4.9089,0.64865
4.8676,0.6508
4.3967,0.67277
4.9443,0.64743
4.7683,0.65577
4.8569,0.65143
4.9476,0.64692
5.0477,0.64272
5.0102,0.64511
4.5473,0.66706
4.5915,0.66436
4.598,0.66398
4.6583,0.66185
4.6811,0.66034
4.7429,0.65763
4.6363,0.66273
4.6981,0.65872
4.3993,0.67362
4.6472,0.66246
4.319,0.67732
4.5174,0.668
4.8105,0.65368
4.9605,0.64712
4.8094,0.65465
4.8639,0.65174
4.8,0.65532
4.6871,0.65996
4.8555,0.65245
4.7669,0.65402
4.7286,0.65792
4.8244,0.6514
4.8529,0.6509
4.7615,0.65388
4.9702,0.64611
4.7693,0.65435
5.0489,0.64326
4.7661,0.65592
4.5616,0.66547
4.9372,0.64756
4.5671,0.66172
5.0708,0.64231
5.0764,0.64156
4.8359,0.65084
4.9954,0.6454
4.7282,0.65667
4.7545,0.65746
4.7755,0.65616
4.745,0.65786
4.7898,0.65495
4.7235,0.65771
4.83,0.64967
4.6461,0.66103
4.891,0.64917
4.8645,0.64627
4.8781,0.64867
4.8287,0.65324
4.7229,0.65793
4.9887,0.64464
4.9257,0.64909
4.9795,0.6454
4.8387,0.65292
4.9089,0.6498
4.9744,0.64677
4.9629,0.64712
4.8726,0.65113
4.7904,0.65467
4.6988,0.65497
4.9484,0.64535
4.6425,0.66109
4.7999,0.65031
4.7038,0.65258
4.8209,0.65075
4.8547,0.64945
4.7685,0.6541
4.8884,0.64884
4.8783,0.6488
4.761,0.65528
4.7536,0.65311
4.7296,0.65693
4.7883,0.65357
4.7846,0.65313
4.6906,0.65877
4.8035,0.65219
4.6726,0.66051
4.7684,0.65663
4.656,0.66086
4.6619,0.66104
4.8146,0.65378
4.7301,0.65718
4.5841,0.66335
4.5434,0.66689
4.6771,0.66017
4.5774,0.66431
4.7782,0.65345
4.7762,0.65364
4.5765,0.66381
4.8318,0.65289
4.744,0.65728
4.8083,0.65446
4.7991,0.65479
4.7729,0.65372
4.8499,0.64933
4.87,0.64829
4.7937,0.6552
4.8471,0.65205
4.7414,0.65667
4.6886,0.65965
4.8764,0.65101
4.79,0.65374
4.8486,0.64958
4.6759,0.65597
4.7776,0.65207
4.7968,0.65247
4.8866,0.64891
4.6796,0.65693
4.7348,0.65446
4.8436,0.65074
4.6172,0.66243
4.5718,0.66521
4.7716,0.65549
4.6428,0.66233
4.7101,0.65845
4.8148,0.65366
4.7489,0.65617
4.7107,0.65755
4.7783,0.65456
4.7587,0.65562
4.8332,0.65179
4.7753,0.65389
4.6467,0.65893
4.6521,0.65955
4.6883,0.65735
4.6366,0.65815
4.6889,0.65895
4.5379,0.66566
4.6974,0.65893
4.6344,0.66185
4.7624,0.65523
4.8587,0.6506
4.6987,0.65857
4.7884,0.65402
5.0251,0.64308
4.4531,0.66799
4.5314,0.66545
4.5829,0.66067
4.9752,0.64366
4.4824,0.66731
5.027,0.64149
5.0662,0.63928
4.918,0.64665
4.7089,0.65662
4.7993,0.65321
4.6221,0.66234
4.6599,0.66119
5.0483,0.64233
4.5944,0.66343
4.8606,0.65174
4.5172,0.66615
4.7879,0.6527
4.5735,0.66413
4.763,0.65508
4.8653,0.65077
4.8141,0.65245
4.7914,0.65324
4.666,0.65946
4.5247,0.66415
4.4302,0.66707
4.7406,0.65411
4.7315,0.6555
4.61,0.65958
4.7808,0.65254
4.7877,0.65383
4.8415,0.65153
4.696,0.65443
4.7846,0.65155
4.9533,0.64574
4.8287,0.65087
4.7166,0.6562
4.7924,0.64946
4.6374,0.6603
4.723,0.65597
4.6478,0.65878
4.6559,0.659
4.7048,0.65707
4.6771,0.65728
4.6146,0.66098
4.6439,0.65992
4.6685,0.65916
4.7193,0.65643
4.9281,0.64604
4.8659,0.64954
4.9344,0.64661
5.0763,0.63956
4.9683,0.64505
4.7771,0.65309
4.7823,0.65341
5.0528,0.64127
4.9576,0.64477
5.0788,0.63868
4.8232,0.65121
4.8542,0.64921
4.7597,0.65315
4.8225,0.65039
4.6776,0.65786
4.7335,0.65492
4.6252,0.66072
4.6819,0.65838
4.6398,0.66024
4.6391,0.65986
4.6729,0.65862
4.6099,0.66175
4.8594,0.64869
4.6489,0.6592
5.0702,0.63931
4.9095,0.64736
4.9891,0.64283
4.9934,0.64267
4.8365,0.65079
5.1477,0.63757
5.0277,0.64313
4.4572,0.6679
4.9132,0.64654
4.7651,0.65379
4.7721,0.65323
4.7715,0.65356
4.6661,0.65723
4.5786,0.66233
4.7523,0.65192
4.7975,0.6514
4.6151,0.66053
4.6132,0.661
4.6011,0.66168
4.7376,0.65513
4.6882,0.65653
4.8202,0.6479
4.6946,0.65674
4.9252,0.64347
4.7011,0.65667
4.7002,0.65683
4.8297,0.65103
4.9764,0.64368
4.7257,0.65637
4.7065,0.65664
4.7457,0.65464
4.7076,0.65676
4.5848,0.66313
4.6931,0.65734
4.7602,0.65421
4.9907,0.64303
4.7299,0.65384
4.7199,0.65434
4.9628,0.64455
4.5638,0.66203
4.7661,0.65406
4.8747,0.64812
4.8877,0.64827
4.7413,0.65434
4.8451,0.64849
4.6237,0.65988
4.649,0.65844
4.7941,0.65225
4.7999,0.65009
4.7358,0.65531
4.8362,0.64823
4.8737,0.64513
4.8366,0.64556
4.8828,0.64792
4.909,0.64359
4.8524,0.64934
4.7893,0.6514
4.6304,0.65972
4.635,0.65965
4.6621,0.65795
4.4262,0.66818
4.5801,0.66116
4.5903,0.66075
4.7344,0.65197
4.5869,0.65894
4.5956,0.65842
4.5927,0.66031
4.7136,0.6549
4.8436,0.64892
4.8671,0.64596
4.8907,0.64716
4.8306,0.64951
4.8147,0.64923
4.7971,0.65043
4.9139,0.64547
4.8739,0.6462
4.8599,0.64684
4.8462,0.6476
4.8839,0.64599
4.82,0.64865
4.6702,0.65655
4.8448,0.64789
4.5307,0.66304
4.8462,0.64708
4.5829,0.65977
4.8399,0.64876
4.7112,0.64943
4.9454,0.642
4.6021,0.65925
4.4933,0.66476
4.6556,0.65676
4.6627,0.65623
4.6073,0.65882
4.6667,0.65603
4.5886,0.65963
4.5983,0.65891
4.4553,0.66416
4.7559,0.64984
4.6678,0.65373
4.6893,0.65169
4.7536,0.64738
4.5956,0.65474
4.6617,0.65416
4.7047,0.65139
4.5424,0.6602
4.786,0.64724
4.5306,0.66094
4.8585,0.64394
4.8199,0.64729
4.771,0.6482
4.4503,0.66407
4.8184,0.64705
4.6926,0.65253
4.6886,0.65265
4.7962,0.64763
4.928,0.64065
4.9777,0.63683
4.9501,0.63988
4.8309,0.64501
4.9273,0.63882
4.5163,0.65934
4.9257,0.63931
4.6103,0.6534
4.7079,0.64674
4.8098,0.64482
4.7954,0.64402
5.0447,0.63133
4.9973,0.63527
5.0094,0.63425
4.9114,0.6369
4.9341,0.63554
4.8945,0.63942
4.7556,0.64357
4.7422,0.64574
4.7816,0.64327
4.8351,0.64174
4.8968,0.63842
4.7448,0.64301
4.8519,0.6416
4.7164,0.6459
4.7313,0.64646
4.7788,0.64322
4.7758,0.64235
4.618,0.65
4.6759,0.64613
5.0072,0.6329
5.0013,0.63277
4.877,0.63521
4.862,0.63661
4.9882,0.62631
5.0593,0.62825
4.737,0.64372
4.8884,0.63644
4.9989,0.63012
4.7379,0.64402
4.8455,0.63861
5.1268,0.62494
4.7936,0.63446
4.8664,0.62914
4.8673,0.63592
4.7314,0.64057
4.6679,0.64496
4.615,0.64752
4.7266,0.64133
4.863,0.6322
4.7047,0.6394
5.0741,0.62616
4.7751,0.63774
4.9307,0.6322
4.7653,0.63905
4.7588,0.63941
4.8256,0.63647
4.8075,0.63723
4.7309,0.64023
4.8573,0.63355
4.3245,0.65755
4.9068,0.63182
4.7653,0.63678
4.9178,0.63012
4.9202,0.62697
4.9174,0.62677
4.7498,0.63519
4.8606,0.6312
4.6384,0.64171
4.6693,0.63967
4.72,0.63749
4.7062,0.63811
4.729,0.63666
4.8455,0.6315
4.865,0.63014
4.814,0.63177
4.6566,0.63708
4.5793,0.64151
4.5041,0.64561
4.5636,0.64262
4.8112,0.63141
4.4309,0.64859
4.8237,0.62995
4.4247,0.64745
4.977,0.62386
4.6417,0.63765
4.7376,0.63357
4.6454,0.63678
4.9805,0.62174
4.8563,0.62745
4.5414,0.64225
4.5313,0.64163
4.6149,0.63683
4.5026,0.64253
4.6217,0.63575
4.4437,0.64213
4.1089,0.65625
3.641,0.66843
3.4134,0.67093
3.6068,0.65309
3.5673,0.65111
3.1286,0.65842
3.7652,0.61338
3.6888,0.59709
3.5307,0.59003
3.6919,0.56575
3.8656,0.55644
3.5892,0.58197
3.331,0.61473
3.4062,0.61381
3.3031,0.62378
3.2752,0.62825
3.237,0.63656
3.3165,0.63691
3.1869,0.64841
3.2584,0.64362
3.2541,0.63788
3.2361,0.64173
3.4509,0.61411
3.2707,0.63466
3.2091,0.63777
3.0681,0.64395
3.1872,0.63531
3.2011,0.63399
3.1807,0.63586
3.2214,0.61748
3.3038,0.62877
3.2094,0.63568
3.2556,0.63333
3.2876,0.63328
3.2984,0.63396
3.2128,0.63931
3.1982,0.63999
3.1712,0.64041
3.2025,0.6369
3.2117,0.63556
3.3076,0.62777
3.0818,0.64198
3.0929,0.64134
3.1435,0.63604
3.1316,0.63845
3.0426,0.64539
3.0137,0.64948
3.0103,0.65027
3.1085,0.64407
3.0875,0.64573
3.0284,0.64891
3.1067,0.64423
3.1228,0.64236
3.0327,0.64875
3.0208,0.65024
3.1193,0.63286
3.1959,0.62244
3.1442,0.63793
3.1159,0.64037
3.1989,0.63479
3.0063,0.64776
3.0539,0.64792
2.8667,0.66231
3.0707,0.64906
3.073,0.64957
2.8561,0.6559
2.7598,0.66295
3.1706,0.63593
3.1379,0.63844
3.0807,0.64218
3.2507,0.63066
3.1688,0.6351
3.1381,0.63669
3.1505,0.63565
3.1566,0.63361
3.0854,0.64015
3.0832,0.63956
2.1114,0.71742
2.8863,0.65219
2.6796,0.66734
3.1446,0.63584
3.0718,0.64186
3.1805,0.63465
3.1304,0.63766
3.1059,0.63942
3.1065,0.64009
3.1367,0.63666
2.792,0.65959
3.1591,0.63577
3.3164,0.62561
3.1987,0.63243
3.152,0.63605
3.2816,0.62581
3.2202,0.63048
3.2196,0.62928
3.2411,0.62705
3.3137,0.62313
3.1974,0.62924
3.228,0.62878
3.2135,0.6305
3.1847,0.63275
3.2888,0.62082
2.9569,0.64786
2.7836,0.66095
3.0726,0.64169
3.0962,0.63797
3.0379,0.64269
2.9976,0.64201
3.0501,0.64016
2.7341,0.66071
3.1589,0.62876
2.9519,0.64403
3.1089,0.63632
2.8163,0.65342
3.0851,0.63319
2.9834,0.64258
2.9748,0.64388
3.0678,0.63561
2.9731,0.64136
3.013,0.63957
3.0159,0.64034
2.9681,0.64069
2.9716,0.6413
2.9775,0.6397
2.9453,0.64326
2.9355,0.63958
3.077,0.63352
2.9766,0.64042
3.0726,0.63421
2.9546,0.64178
2.9963,0.6376
2.8418,0.64867
2.9627,0.64182
3.0116,0.63799
2.8493,0.64558
2.8629,0.6469
3.1582,0.62487
2.7888,0.64879
2.9914,0.63804
2.9789,0.64012
3.1169,0.6257
3.0015,0.63595
2.9553,0.63834
2.9297,0.64143
2.9762,0.6374
3.187,0.62171
2.8811,0.63775
2.9244,0.6405
3.1131,0.62626
2.9247,0.64014
2.8629,0.64554
2.9497,0.63731
2.8942,0.64313
2.9808,0.63528
2.9705,0.6366
3.0009,0.63447
2.9842,0.63524
3.0186,0.63211
2.9881,0.6346
2.9668,0.63581
2.9512,0.63738
2.9262,0.64096
2.971,0.63571
2.9608,0.63725
2.8231,0.64821
2.825,0.64876
2.8604,0.64723
2.9002,0.64268
2.9778,0.63782
2.8543,0.64532
2.9986,0.63433
2.8127,0.65094
2.8004,0.65049
3.0315,0.6292
2.9233,0.63944
2.8618,0.64428
2.8483,0.64415
2.8604,0.64305
2.9247,0.63759
2.8966,0.6386
2.9568,0.63388
2.9436,0.63537
2.9501,0.63549
2.8471,0.64284
2.9182,0.63572
2.9166,0.63721
2.8393,0.64416
2.911,0.63715
2.7955,0.64607
2.831,0.63952
2.8503,0.64253
2.7957,0.64662
2.8232,0.64339
2.7574,0.65006
2.8248,0.64082
2.8375,0.64321
2.8895,0.63833
2.9779,0.63131
2.9361,0.63438
2.9779,0.63082
2.8986,0.63694
2.9319,0.63354
2.9126,0.63358
3.1518,0.61677
2.9514,0.62995
2.9776,0.62666
2.9093,0.63206
3.1186,0.61885
3.0426,0.62551
3.079,0.62221
3.0238,0.62517
2.9645,0.62992
2.9667,0.62989
3.0431,0.62444
3.0456,0.62314
3.0395,0.62376
2.9717,0.62736
3.1145,0.61797
3.0284,0.62283
3.0622,0.62115
2.9685,0.6299
2.7709,0.64631
2.965,0.63017
2.8334,0.63946
2.8954,0.63331
2.7559,0.63986
2.7363,0.64555
2.8779,0.6345
2.8667,0.63512
2.9491,0.62709
2.9267,0.62938
2.928,0.62937
2.9167,0.63002
3.0418,0.61987
2.9634,0.62768
3.0342,0.62212
3.024,0.62414
2.9999,0.62495
2.9822,0.62614
2.9322,0.63114
2.9592,0.63005
2.9795,0.62842
2.9283,0.62964
2.9603,0.62836
3.0386,0.6227
2.9549,0.63085
2.9197,0.63062
3.0863,0.61984
2.9199,0.63112
3.0474,0.62383
2.8698,0.63371
3.1554,0.61455
2.9888,0.62883
2.838,0.63764
3.1996,0.61103
3.0282,0.62411
3.0636,0.61963
3.1821,0.60801
3.1023,0.61431
3.1074,0.61329
3.1785,0.60936
3.1832,0.60843
3.1421,0.61108
3.098,0.61523
3.0201,0.61888
3.2058,0.60545
3.1628,0.60923
2.7922,0.63536
2.9635,0.6243
2.6995,0.64627
2.8815,0.62967
2.8675,0.62913
2.9113,0.62692
2.8384,0.63149
2.8346,0.63229
2.9797,0.62142
2.7758,0.63868
2.8254,0.63349
2.902,0.62705
2.7452,0.64295
2.8827,0.62999
2.8897,0.63074
2.8822,0.63154
2.9284,0.62751
2.939,0.62614
3.3259,0.59911
2.8347,0.63471
2.8862,0.62924
2.9602,0.62254
2.8465,0.63307
2.8654,0.62858
3.2197,0.60578
3.0713,0.61626
2.6869,0.63906
3.0531,0.61935
3.0736,0.61909
3.1264,0.61358
2.9711,0.62683
3.0457,0.62015
3.0996,0.61512
3.1382,0.61144
2.9995,0.62334
2.9921,0.62359
3.2244,0.60473
3.0906,0.6158
2.7128,0.6418
2.8573,0.6312
3.0388,0.62018
3.2152,0.60689
3.1357,0.61396
2.8093,0.63569
2.9492,0.62667
3.1687,0.61221
3.2737,0.59964
2.9984,0.62251
3.1331,0.61332
3.231,0.60583
2.9655,0.62521
2.8801,0.63256
2.9431,0.62608
2.8424,0.63093
2.9549,0.6229
2.9943,0.6218
3.1335,0.61302
3.1263,0.61356
2.9575,0.62736
2.9459,0.62946
2.9801,0.62568
2.9401,0.62653
2.6069,0.65107
2.6704,0.64398
2.6806,0.64449
2.7878,0.63264
2.6367,0.64401
2.6232,0.6453
2.8075,0.62215
2.5652,0.65192
2.6408,0.64464
2.5904,0.65058
2.6962,0.64202
2.7834,0.63466
2.5529,0.65036
2.653,0.64653
2.596,0.64984
2.5476,0.65435
2.9309,0.62418
2.6755,0.64164
2.7206,0.63763
2.6044,0.64809
2.6387,0.64591
2.5815,0.65124
2.6077,0.64933
2.9487,0.62464
2.9457,0.62194
2.7229,0.63868
2.6205,0.64428
2.8985,0.62579
2.6651,0.64423
3.0546,0.61345
2.9346,0.62329
2.9652,0.61962
2.7408,0.63504
2.7708,0.63261
2.7338,0.63619
2.7144,0.63674
2.7956,0.62921
2.8437,0.62536
2.8428,0.62775
2.7392,0.63577
2.7004,0.63938
2.8031,0.6304
2.6568,0.64357
2.7584,0.63417
2.6583,0.64363
2.6729,0.6422
2.6941,0.63944
2.6772,0.64194
2.9076,0.61979
2.881,0.62342
2.8702,0.62438
2.8828,0.62331
2.8202,0.62863
2.8999,0.62156
2.9548,0.61648
2.9079,0.62204
2.9404,0.61886
2.9394,0.61862
2.8826,0.62414
2.9788,0.61516
2.5905,0.64339
2.8322,0.62853
2.7341,0.63747
2.9145,0.62398
2.8846,0.62766
2.8634,0.62965
2.7576,0.63796
2.7798,0.63659
2.8456,0.63113
2.7894,0.63573
2.8342,0.63155
2.8882,0.62886
2.625,0.64501
2.7219,0.63856
2.6651,0.64233
2.5061,0.65717
2.546,0.65549
2.9723,0.62184
2.7346,0.63752
2.912,0.62612
2.6685,0.6423
3.0246,0.61933
3.0651,0.61291
2.7906,0.62958
2.7566,0.63592
2.7596,0.63536
2.807,0.63181
2.6393,0.64351
3.0761,0.61192
3.1551,0.60581
2.7475,0.63431
3.1541,0.60587
2.7378,0.63526
2.6228,0.64677
2.7445,0.63514
2.8678,0.62712
2.8814,0.62763
2.8023,0.63202
2.6927,0.63893
2.9095,0.62405
2.9653,0.62051
2.873,0.62654
3.0852,0.611
2.8901,0.62405
2.9833,0.61913
2.8693,0.6251
2.7702,0.63529
3.0245,0.61568
2.7849,0.63429
2.7532,0.63679
2.6955,0.64149
2.7437,0.63715
2.5962,0.64544
2.6677,0.64454
2.6837,0.64334
2.9136,0.62548
2.6751,0.64272
2.7086,0.64033
2.7002,0.64072
2.6421,0.64549
2.5463,0.64846
2.5176,0.65246
2.9534,0.6222
3.0743,0.61183
3.0609,0.61229
3.005,0.61679
2.9592,0.62089
3.1068,0.60938
2.9493,0.62211
3.0349,0.61633
2.9558,0.62242
3.0626,0.61392
2.8985,0.6287
2.9588,0.6239
2.8934,0.62946
2.9879,0.61924
2.8965,0.62715
2.8411,0.63239
2.8483,0.63198
2.8795,0.62957
2.9393,0.62411
2.869,0.63052
2.8241,0.63515
2.904,0.62758
2.5876,0.64763
2.4342,0.66236
2.6439,0.64397
2.4646,0.66199
2.7454,0.63737
2.6133,0.64708
2.7827,0.63373
2.5986,0.64718
2.5769,0.64957
2.5552,0.65188
2.8674,0.62772
2.5731,0.65031
2.8074,0.63056
2.7889,0.63303
2.8397,0.62848
2.7396,0.63791
2.8469,0.62745
2.7788,0.6345
3.0154,0.6142
2.7986,0.63156
2.7812,0.63293
2.8523,0.62739
2.8107,0.63018
2.7989,0.63213
2.598,0.65046
2.6249,0.64858
2.7167,0.63461
3.0215,0.61796
2.6087,0.6493
2.8818,0.62163
2.6813,0.64093
2.9033,0.61789
2.7449,0.63465
3.0451,0.61057
2.7634,0.63348
2.5766,0.64544
3.0405,0.61018
2.7621,0.6333
2.8896,0.62245
2.8376,0.62755
3.0677,0.61369
2.754,0.63544
2.6989,0.64015
2.7122,0.63879
2.6748,0.64059
2.7247,0.6355
2.6486,0.64297
2.6848,0.64027
2.6167,0.64459
2.7131,0.63798
2.7541,0.6361
2.8824,0.62697
2.7486,0.63406
3.0121,0.61759
2.6008,0.64946
2.651,0.64396
2.7679,0.63274
2.6028,0.64789
2.6292,0.64496
2.7028,0.63994
2.7296,0.63678
2.7683,0.63198
2.7649,0.63222
2.9184,0.62111
2.8185,0.63044
2.7763,0.63127
2.6521,0.64176
2.7065,0.63837
2.6667,0.64211
2.9539,0.61977
2.8082,0.631
2.8478,0.6278
2.6539,0.64497
2.7257,0.63888
2.7521,0.63685
2.8115,0.63158
2.8094,0.63076
2.7022,0.64026
2.7437,0.63641
2.736,0.63756
2.8331,0.62796
2.8511,0.62668
2.9465,0.61956
2.8605,0.6262
3.0252,0.61408
2.9344,0.6212
2.9089,0.6234
2.5509,0.6549
2.6111,0.64713
2.6507,0.64312
2.5559,0.65311
2.4164,0.6686
2.8755,0.62772
2.9945,0.61851
2.6789,0.63817
2.6111,0.64812
2.6061,0.6517
2.7538,0.63484
2.7579,0.63472
2.7423,0.63621
2.6642,0.64508
2.7877,0.63391
2.6841,0.6416
2.8009,0.63334
2.764,0.63709
2.7885,0.63433
2.8481,0.62797
2.772,0.6352
2.6677,0.63797
2.6607,0.64132
2.6312,0.64422
2.6782,0.64049
2.9743,0.61574
3.037,0.61427
2.9139,0.61908
2.9798,0.61313
2.7445,0.63398
2.7423,0.63366
2.6849,0.63943
2.6979,0.63772
2.8086,0.63025
2.9489,0.61928
2.8403,0.62835
2.8087,0.6322
2.8019,0.63254
2.8238,0.63091
2.7343,0.63801
2.8294,0.63113
2.8678,0.62682
2.8185,0.63197
2.812,0.63166
2.7858,0.63479
2.5384,0.65001
2.8544,0.62819
2.5407,0.65386
2.5866,0.65001
2.67,0.64324
2.6014,0.64801
2.7147,0.63938
2.7245,0.63543
2.7268,0.63551
2.7717,0.63414
2.8664,0.62518
2.7609,0.63473
2.6681,0.63966
2.8023,0.63173
2.6801,0.64027
2.8616,0.62587
2.8306,0.62943
2.7498,0.63769
2.8704,0.62473
2.9285,0.62469
2.6757,0.64228
2.6486,0.6438
2.7703,0.63432
2.9073,0.62648
2.8678,0.62846
2.7867,0.63318
2.7953,0.63269
2.8318,0.62875
2.8214,0.62981
2.8102,0.63233
2.6434,0.64775
2.7839,0.63519
2.7772,0.63503
2.7994,0.63441
2.7569,0.63799
2.8542,0.62817
2.7216,0.63702
2.6714,0.64074
2.7021,0.6407
2.9137,0.62419
2.8756,0.62473
2.9347,0.62116
2.9661,0.61717
2.9584,0.61861
2.9361,0.62071
3.0449,0.61376
2.9524,0.62009
2.9632,0.62101
2.7119,0.63795
2.7797,0.63102
2.8072,0.62855
2.6974,0.63957
2.8139,0.62843
2.7262,0.6359
2.6748,0.63877
2.6023,0.64503
2.8243,0.63161
2.717,0.63597
2.6672,0.64082
2.6086,0.64605
2.7697,0.63373
2.8278,0.62952
2.8759,0.62425
2.8078,0.62985
2.7724,0.63357
2.7745,0.63401
2.6921,0.64169
2.7131,0.63966
2.6929,0.64156
2.8533,0.62981
2.5922,0.64735
2.7089,0.63893
2.6308,0.64683
2.756,0.63463
2.7847,0.63089
2.8067,0.62928
2.7272,0.63706
2.7381,0.63676
2.7312,0.63716
2.7196,0.63786
2.7422,0.63843
2.7586,0.63368
2.7155,0.63897
2.9156,0.62636
2.7917,0.63525
2.8475,0.62958
2.8941,0.62516
2.9362,0.62075
2.871,0.62639
2.7489,0.63027
2.6349,0.64072
2.8968,0.6251
2.6214,0.64491
2.8024,0.63044
2.9087,0.62278
2.7585,0.6374
2.6483,0.62519
2.5841,0.64993
2.5903,0.64839
2.577,0.6485
2.7004,0.63964
2.6539,0.64514
2.6897,0.64202
2.6608,0.64031
2.7175,0.6379
2.6417,0.64253
2.7683,0.63277
2.8078,0.62902
2.9025,0.6214
2.7337,0.63623
2.6621,0.64314
2.9606,0.61926
2.8957,0.62093
2.7013,0.63717
2.7794,0.63062
2.9361,0.62136
2.9969,0.6174
2.794,0.63711
2.8972,0.62685
2.9148,0.62094
2.7156,0.63957
2.8148,0.63077
2.8823,0.62416
2.7868,0.63145
2.9114,0.62314
2.8495,0.6262
2.9279,0.62039
2.7062,0.63828
2.9122,0.62007
2.8807,0.62517
2.9038,0.62346
2.7443,0.63865
2.8617,0.62788
2.9019,0.62065
2.9556,0.62129
2.8076,0.63063
2.9061,0.62574
2.675,0.64119
2.6437,0.64374
2.5435,0.65392
2.8805,0.62727
2.5659,0.65019
2.644,0.64227
2.5837,0.64965
2.5009,0.65306
2.6842,0.64074
2.6933,0.64053
2.7637,0.63608
2.5374,0.65648
2.6108,0.64923
2.6807,0.64322
2.6214,0.64814
2.6737,0.64247
2.6246,0.64657
2.941,0.6166
2.7392,0.63602
2.5734,0.64942
2.5313,0.65388
2.4309,0.65955
2.6298,0.64349
2.6292,0.64372
2.5702,0.65054
2.6061,0.64664
2.5652,0.65111
2.879,0.62821
2.5802,0.64893
2.6179,0.64479
2.9323,0.62197
2.7208,0.63739
2.6273,0.64324
2.5779,0.64702
2.7419,0.63187
2.5275,0.65319
2.6403,0.64131
2.5083,0.65461
2.5222,0.65348
2.5483,0.65125
2.7486,0.63616
2.5468,0.65131
2.4474,0.66181
2.8155,0.62856
2.7972,0.63097
2.6439,0.64078
2.7297,0.63476
2.6839,0.6371
2.5372,0.6481
2.6259,0.64267
2.6026,0.64495
2.7994,0.63114
2.6691,0.63962
2.7525,0.63679
2.7234,0.63903
2.8001,0.62844
2.6119,0.64609
2.6217,0.64586
2.6073,0.64658
2.6153,0.64578
2.6668,0.63994
2.6536,0.64321
2.6968,0.63984
2.7176,0.6358
2.7961,0.62805
2.6525,0.64588
2.6977,0.63777
2.8676,0.62642
2.7707,0.63565
2.9798,0.61666
2.7835,0.63308
2.9003,0.62179
2.8464,0.62679
2.8267,0.62944
2.8726,0.62655
2.9472,0.61826
2.8334,0.62752
2.8675,0.62595
2.9176,0.62209
2.724,0.63602
2.6023,0.64839
2.7196,0.63481
2.7306,0.63408
2.6903,0.63832
2.9059,0.62575
2.696,0.63721
2.8981,0.62391
2.6748,0.6396
2.9413,0.62027
2.6335,0.64293
3.0031,0.61653
2.8772,0.62642
2.8562,0.62919
2.8931,0.62428
2.9627,0.61949
2.9712,0.6192
2.9224,0.62432
2.8777,0.62676
2.913,0.62304
3.0139,0.61594
2.7994,0.63258
2.7388,0.63333
2.8753,0.6249
2.6366,0.64116
2.6249,0.6427
2.6796,0.63811
2.5429,0.65105
2.584,0.64603
2.772,0.62981
2.614,0.64512
2.6083,0.64573
2.6605,0.64124
2.6033,0.64781
2.6388,0.64308
2.9484,0.62048
2.9306,0.62235
2.8646,0.62498
2.7332,0.63435
2.8897,0.62311
2.664,0.64128
2.7955,0.63295
2.8255,0.62908
2.7948,0.63142
2.8958,0.62399
2.8937,0.62486
2.6936,0.6374
2.8625,0.62837
2.8018,0.62812
2.5823,0.64746
2.6955,0.64339
2.7272,0.64023
2.6056,0.64505
3.1332,0.60786
3.0733,0.61416
2.8816,0.62639
3.2469,0.59954
2.9019,0.62351
2.9368,0.6208
2.8868,0.62642
2.7477,0.63707
2.834,0.62843
2.8149,0.63049
2.883,0.6242
2.7328,0.63596
2.7713,0.63433
3.0669,0.61281
2.5435,0.65124
2.558,0.64989
2.6436,0.64216
2.5106,0.65613
2.635,0.64472
2.5826,0.64825
2.5165,0.65523
2.8904,0.62457
2.5357,0.6521
2.5733,0.64784
2.6629,0.64213
2.891,0.62416
2.9319,0.61998
2.5267,0.65307
2.8831,0.6258
2.8948,0.62491
2.5518,0.65146
2.5525,0.65361
2.5814,0.64458
2.6446,0.64213
2.583,0.64894
2.7067,0.63973
2.508,0.6564
2.5954,0.64653
2.5807,0.64733
2.6043,0.64448
2.6545,0.6387
2.6917,0.63519
2.6533,0.63915
2.6176,0.6426
2.8943,0.624
2.5987,0.64508
2.7602,0.6293
2.879,0.62511
2.6166,0.64433
2.8451,0.63074
2.9155,0.62442
2.5808,0.64818
2.5088,0.65638
2.5685,0.64879
2.5142,0.65528
2.7155,0.63201
2.5993,0.64335
2.4824,0.6518
2.7661,0.63646
2.679,0.63748
2.9179,0.62174
2.6048,0.64586
2.5708,0.64422
2.9043,0.62413
2.846,0.62816
2.8243,0.62954
2.7684,0.63516
2.7166,0.63718
2.8001,0.63375
2.7027,0.63814
2.6361,0.64409
2.5135,0.6533
2.9278,0.62201
2.9983,0.61819
2.599,0.64732
2.8536,0.62879
3.0048,0.61719
2.6342,0.64316
2.8583,0.62759
2.8344,0.63017
2.6529,0.64249
2.9182,0.62323
2.6691,0.64008
2.7878,0.63241
2.9048,0.62389
2.5118,0.65416
2.699,0.63846
2.7739,0.62931
2.7595,0.63272
2.6218,0.64478
2.8845,0.61936
2.8898,0.62231
3.0164,0.61104
2.8392,0.62632
2.9889,0.61238
2.8674,0.62376
2.9208,0.62144
2.7783,0.63196
2.7954,0.62909
2.7972,0.63121
2.8233,0.62765
2.7665,0.63248
2.6942,0.63916
2.5726,0.64868
2.7785,0.63088
2.5693,0.64886
2.6889,0.63868
2.5225,0.65301
2.5223,0.65352
2.6374,0.64575
2.6542,0.64373
2.6479,0.64357
2.6681,0.64181
2.6125,0.64835
2.5766,0.65067
2.8538,0.62298
2.794,0.63336
2.7996,0.63486
2.7057,0.6419
2.9421,0.61695
2.7402,0.6347
2.7587,0.63705
2.5886,0.65049
2.7676,0.63807
2.7195,0.63658
2.8438,0.62973
2.5754,0.64839
2.4676,0.65723
2.6008,0.64408
2.66,0.63915
2.584,0.64656
2.961,0.61943
3.0938,0.60723
2.991,0.61594
2.558,0.648
2.6381,0.64203
2.6833,0.6364
2.6224,0.64102
2.6306,0.64159
2.7117,0.63528
2.8052,0.62783
2.7156,0.63574
2.9061,0.62376
2.6435,0.64269
2.5595,0.64765
2.6338,0.64171
2.7884,0.62925
2.6022,0.64321
2.7045,0.63567
2.6708,0.64123
2.5103,0.65444
2.7346,0.63635
2.8204,0.62708
2.74,0.63602
2.8279,0.62714
2.8398,0.62803
2.8478,0.62545
2.7963,0.6288
2.797,0.6292
2.9794,0.61551
3.0031,0.61444
3.1259,0.60617
2.9153,0.62243
2.6981,0.63701
2.6932,0.63681
2.7115,0.6371
2.6302,0.64374
2.7192,0.63682
2.6935,0.63638
2.6822,0.63656
2.6854,0.63656
3.0346,0.61254
2.831,0.62431
2.9107,0.62208
2.7189,0.63365
2.7888,0.62729
2.7035,0.63589
2.6273,0.64397
2.6728,0.63953
2.601,0.64614
2.6345,0.64333
2.6483,0.64168
2.6592,0.64019
2.7715,0.63149
2.6389,0.64326
2.5828,0.64735
2.6878,0.63745
2.5007,0.65412
2.7175,0.63771
2.4328,0.66441
2.8468,0.62505
2.6683,0.64156
2.5588,0.64773
2.6456,0.64244
2.5967,0.64753
2.5639,0.64828
2.5371,0.65226
2.5388,0.65081
2.6351,0.6426
2.6588,0.63985
2.717,0.6342
2.569,0.64513
2.7561,0.63177
2.7388,0.63418
2.6755,0.6396
2.7533,0.63268
2.7321,0.63248
2.7152,0.63631
2.7492,0.63372
2.7461,0.6352
2.9592,0.62137
2.7406,0.63283
2.5006,0.65739
2.4846,0.66101
2.6766,0.64118
2.6838,0.63979
2.7809,0.63073
2.6477,0.64308
2.773,0.63032
2.5152,0.65393
2.8238,0.62553
2.4034,0.66529
2.4606,0.65935
2.7199,0.63101
2.8546,0.62928
2.482,0.65899
2.785,0.63596
2.5712,0.65126
2.7647,0.63382
2.7849,0.63738
2.7305,0.638
2.7023,0.64084
2.7217,0.63922
2.6134,0.64785
2.6411,0.64653
2.8437,0.62976
2.7765,0.63268
2.7466,0.63557
2.8851,0.62551
2.5569,0.6476
2.8268,0.62954
2.8086,0.63207
2.891,0.62619
2.7643,0.63663
2.7767,0.63643
2.7159,0.6363
2.9237,0.62303
2.5963,0.64703
2.7528,0.63737
2.7035,0.64155
2.7344,0.63809
2.7896,0.63248
2.76,0.63495
2.74,0.63921
2.652,0.64469
2.6914,0.64165
2.7117,0.63923
2.9342,0.62345
2.9023,0.62663
2.6532,0.64378
2.6523,0.64409
2.9218,0.62528
2.6147,0.64642
2.5298,0.65537
2.9813,0.62007
2.589,0.65031
3.0116,0.62086
2.64,0.64819
2.6195,0.649
2.5892,0.65264
2.9011,0.62915
2.557,0.6568
2.5828,0.65503
2.6991,0.64322
2.644,0.64958
2.6347,0.64952
2.6176,0.65002
2.5632,0.65435
2.5209,0.65909
2.8741,0.63046
2.5862,0.65223
2.5675,0.65439
2.6408,0.64731
2.6732,0.64468
2.74,0.6436
2.7031,0.64353
2.599,0.65303
2.6181,0.65078
2.5813,0.65367
2.6801,0.64566
2.9082,0.63061
2.9861,0.62377
2.8663,0.63375
2.9178,0.62954
2.6825,0.64741
2.5416,0.66079
2.569,0.65415
2.7268,0.64341
2.6963,0.64127
2.7288,0.63844
2.5866,0.65321
2.7857,0.63912
2.6451,0.64859
2.5277,0.66159
2.6437,0.64752
2.6891,0.64412
2.6776,0.64621
2.4126,0.66836
2.8326,0.63404
2.8688,0.63138
2.7568,0.64203
2.8915,0.62999
2.9319,0.6275
2.8248,0.63579
2.9078,0.62784
2.7767,0.64064
2.7277,0.64227
2.8375,0.63543
3.0805,0.61454
2.7673,0.642
2.6114,0.65688
2.7127,0.64811
2.6583,0.65026
2.7032,0.64948
2.6374,0.65584
2.6633,0.65119
2.7389,0.64333
2.8915,0.63359
2.7445,0.64353
2.6835,0.65002
2.7085,0.64897
2.8509,0.63652
2.7081,0.65015
2.7159,0.64951
2.7222,0.64845
2.9488,0.63045
2.7993,0.64355
2.9686,0.62745
2.8201,0.63193
2.7538,0.64201
2.7838,0.6399
2.8685,0.63236
2.9334,0.63081
2.8328,0.63694
2.6231,0.65625
2.7035,0.64922
2.8365,0.63982
2.7859,0.64342
2.6406,0.656
2.5351,0.66123
2.7446,0.6476
2.6185,0.65452
2.5294,0.66068
2.564,0.65959
2.9025,0.6317
2.6598,0.65024
2.5725,0.65931
2.628,0.65434
2.7007,0.64675
2.652,0.65236
2.8784,0.63742
2.6757,0.64928
2.6064,0.65692
2.5752,0.66169
2.6692,0.65085
2.6572,0.65209
2.645,0.65331
2.9804,0.62535
2.5407,0.66548
2.6679,0.65129
2.6161,0.65719
2.5414,0.66274
2.5706,0.6604
2.4871,0.67078
2.5147,0.66791
2.5222,0.66614
2.8725,0.63994
2.6281,0.6569
2.8691,0.64092
2.7867,0.64511
2.5484,0.66097
2.8074,0.64088
2.4556,0.66759
2.4873,0.66858
2.537,0.66584
2.5675,0.66322
2.5144,0.66252
2.8601,0.63966
2.8922,0.63764
2.9383,0.63398
2.8767,0.63967
2.8331,0.64202
2.7785,0.64724
2.8232,0.64402
2.7587,0.64911
2.7077,0.65181
2.9549,0.63484
2.8855,0.63931
2.8782,0.64215
2.953,0.62546
2.9712,0.62284
2.9966,0.62662
2.8851,0.63966
2.7213,0.65216
2.6566,0.65891
2.6822,0.65528
2.4695,0.67537
2.5898,0.66422
2.651,0.65784
2.5881,0.66374
2.7691,0.65354
2.5849,0.66524
2.6131,0.66102
2.6445,0.65841
2.6632,0.65991
2.5355,0.67073
2.5632,0.66724
2.545,0.66875
2.506,0.67288
2.5552,0.66801
2.6201,0.6618
2.6753,0.65579
2.5563,0.66812
2.99,0.63446
2.5907,0.66088
2.9608,0.63838
2.5416,0.66682
2.9827,0.61651
2.7905,0.64487
3.2969,0.59661
2.5694,0.66841
3.0576,0.61591
2.8659,0.63136
2.5867,0.66703
2.5695,0.66834
2.5487,0.6716
2.6714,0.66156
2.4994,0.67711
2.5676,0.6692
2.8277,0.64732
2.6207,0.66055
2.7534,0.65334
2.7121,0.65766
2.7333,0.6469
2.7702,0.65049
2.6253,0.66682
2.6943,0.66031
2.575,0.67017
2.7518,0.65587
2.6762,0.66219
2.8722,0.63506
2.5809,0.67005
2.2817,0.69614
3.0135,0.62814
2.5774,0.66736
2.9481,0.64124
2.4245,0.67765
2.9253,0.6427
2.694,0.65535
2.5888,0.66631
2.8434,0.64951
2.5283,0.67263
2.8838,0.64646
2.5467,0.67443
2.5973,0.66721
2.5667,0.67037
2.8947,0.64481
2.8469,0.64948
2.497,0.67835
2.567,0.66934
3.1089,0.60888
3.2293,0.60346
2.7411,0.65195
3.0065,0.62312
2.7208,0.6519
3.1851,0.6097
3.0281,0.61613
2.7616,0.64817
2.8787,0.6356
2.8517,0.63975
3.2496,0.59495
2.9201,0.62534
2.9949,0.61646
2.5831,0.6726
2.6524,0.66195
3.1322,0.62502
2.5768,0.67299
3.673,0.56525
3.9785,0.5451
3.2954,0.59896
3.0413,0.61773
3.1758,0.6085
2.8642,0.64454
3.0376,0.63413
2.9233,0.64518
3.244,0.61092
3.4674,0.58063
3.2356,0.61367
3.1503,0.61847
2.7944,0.64528
2.8749,0.64113
2.8752,0.64226
3.4863,0.57786
3.2837,0.5987
3.2389,0.61076
3.333,0.59678
2.7163,0.65677
3.4891,0.58184
3.4114,0.59294
3.8456,0.5546
3.2735,0.59924
2.5945,0.67179
2.5797,0.67691
2.5266,0.68229
2.8703,0.64279
2.7402,0.6538
2.9024,0.65039
2.9032,0.64999
3.1237,0.62474
2.8614,0.65568
2.5893,0.67435
3.5792,0.58208
3.5981,0.58304
3.5862,0.58113
2.7265,0.66292
2.8399,0.65371
3.0032,0.63016
3.6054,0.57761
3.229,0.61329
2.9412,0.64409
2.8292,0.64952
2.7248,0.66503
3.0337,0.63793
2.6999,0.66692
2.5402,0.6783
3.3877,0.59998
2.9731,0.63643
3.1692,0.61906
3.2417,0.60677
2.8853,0.6507
3.299,0.60789
2.7882,0.65184
3.0049,0.63393
3.051,0.62579
3.2836,0.61782
2.7282,0.65922
3.5937,0.58006
2.6491,0.6686
3.1989,0.61952
2.8335,0.65306
2.5728,0.67897
2.5512,0.67944
2.8227,0.65443
2.7938,0.65531
2.5466,0.67905
2.9002,0.649
2.7042,0.6615
2.6117,0.67541
2.6701,0.66575
3.9918,0.54546
2.9477,0.63245
3.4656,0.5953
2.6288,0.6714
2.3878,0.69413
2.6176,0.66716
2.5818,0.67703
2.9617,0.64805
3.318,0.60561
2.8119,0.65878
2.644,0.66758
3.316,0.61233
3.4625,0.58581
3.1352,0.62139
2.9081,0.6503
3.2347,0.60893
2.9172,0.65191
2.9602,0.64598
3.0705,0.62476
3.4516,0.58818
3.3551,0.60297
3.2047,0.61808
3.1817,0.62418
3.1449,0.62404
3.2426,0.61242
2.8934,0.64458
3.6426,0.57845
3.3637,0.60391
3.4392,0.59936
2.9659,0.64232
3.233,0.61115
3.5703,0.58366
3.2513,0.61307
2.9924,0.6355
3.707,0.58203
3.5895,0.58627
3.3615,0.59777
2.6938,0.66199
2.5777,0.68301
2.8536,0.64365
2.6814,0.66966
3.5337,0.58521
3.3961,0.58919
2.911,0.64832
2.6649,0.65858
2.7991,0.64986
3.3703,0.59517
3.1646,0.62107
3.6843,0.58103
2.8865,0.65107
2.7308,0.66613
2.8084,0.66207
3.0326,0.63584
3.0661,0.6367
2.8245,0.65564
2.7331,0.66863
2.8865,0.65285
3.488,0.60099
3.1455,0.62608
3.2903,0.61987
2.8899,0.65361
3.0767,0.63089
3.2564,0.60706
3.1061,0.62714
3.3117,0.60698
3.2113,0.62067
3.3999,0.59613
3.3232,0.60555
3.1138,0.62648
3.1874,0.61168
3.1819,0.62723
2.4898,0.68591
3.5865,0.58174
3.2571,0.60611
2.9275,0.64538
3.0133,0.63185
3.2288,0.6248
2.993,0.63808
2.9912,0.64117
2.669,0.67688
2.5133,0.69321
3.327,0.61321
2.7621,0.66111
2.852,0.65431
2.8856,0.65191
3.3134,0.61048
3.1648,0.63029
3.3767,0.6047
2.9597,0.64914
3.7371,0.57483
3.6165,0.58974
2.7441,0.67659
2.976,0.64733
3.5407,0.59689
3.5241,0.6018
3.3125,0.61764
2.7248,0.66868
2.5863,0.68275
2.9593,0.64992
2.9179,0.65465
2.7473,0.67278
2.7208,0.67608
3.088,0.64429
2.7731,0.67134
2.9296,0.65758
2.9294,0.65511
2.8899,0.6614
2.7157,0.67489
2.8159,0.6599
2.8561,0.65575
2.7699,0.66418
3.7608,0.58019
3.4005,0.62583
2.7406,0.66865
3.143,0.63006
2.9729,0.64194
3.2376,0.63042
2.7723,0.67037
2.556,0.68787
2.6654,0.68212
2.8313,0.65629
2.7359,0.67398
3.0509,0.639
3.2598,0.62402
4.2626,0.53906
3.3941,0.6096
4.2733,0.54339
3.4191,0.60799
3.2714,0.62327
3.3987,0.60614
2.7563,0.66931
2.6875,0.67334
3.0957,0.62791
2.9921,0.63977
2.7887,0.66012
3.4118,0.61478
3.5027,0.60387
2.8302,0.66673
2.9339,0.65547
2.9803,0.64872
2.8998,0.65818
3.0468,0.64531
3.2034,0.63356
2.9587,0.65224
2.9382,0.64504
3.1185,0.63295
2.9056,0.65135
3.3594,0.61237
2.9565,0.65313
3.1898,0.63146
3.37,0.60495
3.2277,0.6221
3.2097,0.62659
3.1939,0.626
3.1502,0.63355
3.3922,0.60991
3.1284,0.62588
3.6293,0.59132
2.9454,0.6497
2.6019,0.68037
3.6368,0.58571
2.977,0.65137
2.8767,0.65985
2.5907,0.68939
3.0905,0.63126
2.7161,0.67577
3.0109,0.64225
3.3334,0.61156
3.5049,0.60339
3.4041,0.59931
3.1446,0.64186
3.2555,0.62089
3.1779,0.63873
2.8934,0.66321
3.7956,0.58293
3.6467,0.5938
3.5803,0.59847
3.8872,0.57722
3.4873,0.606
3.0838,0.64873
3.3292,0.60654
2.7379,0.66773
2.822,0.66569
2.7914,0.67219
3.1008,0.63613
2.921,0.65923
2.9041,0.65386
2.7565,0.67317
3.3646,0.61678
3.0318,0.64665
3.1697,0.6277
2.9658,0.65285
3.2498,0.62361
3.0617,0.6422
3.1976,0.62523
2.9753,0.65222
2.8781,0.66379
3.0025,0.65087
3.0112,0.65073
3.3008,0.61152
3.2145,0.62077
3.4918,0.59837
2.9669,0.65692
3.019,0.64646
3.4128,0.62133
3.2283,0.63176
3.3684,0.62079
3.091,0.6451
2.7282,0.67239
3.4792,0.60811
3.3957,0.60865
3.7675,0.58201
3.7653,0.59616
2.6401,0.68591
3.0512,0.65211
2.6669,0.68314
2.8824,0.65845
2.6102,0.68742
2.9764,0.65878
2.9558,0.65689
2.8676,0.66646
3.3922,0.62137
3.3589,0.62113
3.1739,0.63969
3.6374,0.60254
2.911,0.66419
2.5688,0.69301
3.6832,0.59296
3.9408,0.56672
3.8592,0.58243
3.8461,0.57787
3.8194,0.58132
3.6956,0.6001
2.6978,0.68114
2.6502,0.67684
3.4918,0.60806
3.9994,0.572
3.0945,0.64831
3.5557,0.60685
2.6361,0.68468
3.6608,0.59017
3.5977,0.60078
2.9657,0.66036
3.4028,0.62457
3.371,0.6158
3.4298,0.6101
3.5469,0.61213
3.4394,0.6147
3.6645,0.59953
3.2839,0.62732
3.4776,0.61349
3.7093,0.58729
4.1409,0.56137
3.2538,0.63974
2.8939,0.65746
2.697,0.67532
3.0578,0.64632
3.4409,0.61693
3.3046,0.63241
3.4534,0.61141
3.5529,0.60114
3.5131,0.60413
3.5011,0.61017
3.5871,0.60185
3.9651,0.56634
3.8822,0.57469
3.7128,0.58935
3.9532,0.56646
3.8524,0.58126
3.8487,0.58322
3.6948,0.6007
3.8276,0.58578
3.6696,0.59949
3.5916,0.60804
3.5743,0.60601
3.4348,0.62057
3.5315,0.61333
3.5555,0.61131
3.52,0.60985
3.6609,0.59139
3.4157,0.61747
3.3038,0.6302
3.8221,0.58153
3.4803,0.611
3.5057,0.60938
3.4342,0.62296
3.419,0.62485
2.8656,0.66827
3.2596,0.64076
3.6535,0.6067
3.4459,0.62021
3.5742,0.60812
3.6946,0.59169
3.6268,0.60696
3.662,0.59284
3.7588,0.59463
3.7204,0.59378
3.6592,0.60046
3.7605,0.59078
3.752,0.59172
3.3763,0.62492
3.4218,0.62253
3.7802,0.58785
3.6713,0.59384
3.6805,0.59576
3.4794,0.61314
3.5212,0.61408
3.6377,0.6007
3.6303,0.59973
3.6281,0.60158
3.6288,0.59906
3.5872,0.60808
3.4899,0.60244
3.8483,0.57927
4.3062,0.54772
3.4636,0.62027
4.4277,0.53964
3.6536,0.59274
3.5477,0.61261
3.9816,0.56919
3.5938,0.60924
3.8696,0.5788
3.9271,0.57275
3.809,0.58512
3.8293,0.58804
3.6584,0.6027
3.872,0.58682
2.8093,0.67366
2.603,0.69131
3.6822,0.59696
3.7838,0.58616
3.5966,0.61132
3.6951,0.59794
3.5312,0.61345
3.6859,0.59982
3.6194,0.60733
3.7473,0.5933
3.8137,0.59167
3.9052,0.58504
3.7096,0.60059
3.5944,0.60755
3.625,0.60836
3.6879,0.59961
3.8374,0.58707
3.6308,0.60624
3.6953,0.59821
3.3509,0.63022
3.5422,0.61189
2.6311,0.68752
3.4943,0.61224
3.6405,0.59395
3.3922,0.62218
3.3313,0.6255
3.4111,0.61798
3.5314,0.61192
3.387,0.62396
3.6986,0.59713
3.5581,0.61417
3.2983,0.63581
3.1962,0.64446
3.4546,0.60957
3.6678,0.58579
4.0682,0.56934
4.4067,0.54263
3.9952,0.57403
3.65,0.59046
3.5607,0.60212
3.6308,0.59974
4.441,0.53859
3.3678,0.62739
3.3147,0.61504
3.5887,0.60017
3.8507,0.58881
3.5928,0.60313
3.5876,0.60313
3.4909,0.61448
3.6454,0.59968
3.5563,0.60789
2.727,0.68527
3.1116,0.65217
3.0742,0.65573
3.5988,0.60286
3.6223,0.6048
3.8311,0.58554
3.5654,0.60681
3.8436,0.58652
3.7942,0.58915
3.5313,0.60925
3.6167,0.60661
3.2219,0.63386
3.6778,0.5946
3.3422,0.62138
4.003,0.5664
3.7422,0.58864
3.6436,0.59861
3.4684,0.61789
3.7277,0.59505
3.7298,0.59083
3.6351,0.60264
3.5701,0.60525
3.6267,0.601
3.6957,0.59193
3.6582,0.59851
3.4924,0.61355
3.5884,0.60963
3.4782,0.61675
3.6117,0.60344
3.6685,0.60274
3.3495,0.62765
3.2933,0.63264
3.1941,0.6428
3.2368,0.63561
