8.3745,0.75046
8.0952,0.75366
8.5709,0.73697
8.2692,0.74378
10.012,0.68799
8.811,0.72256
9.283,0.71941
9.2844,0.70929
10.301,0.68263
10.273,0.68689
10.545,0.67639
10.572,0.67641
10.853,0.66373
10.855,0.66393
10.056,0.69199
10.002,0.69357
11.118,0.65686
11.102,0.65741
11.09,0.65691
11.341,0.64982
11.777,0.64039
11.723,0.64234
11.724,0.64227
11.718,0.64162
10.251,0.6823
9.979,0.69551
10.765,0.66538
10.31,0.68354
10.721,0.66778
10.849,0.66612
10.373,0.67853
10.232,0.68523
10.177,0.69096
10.378,0.68416
9.5552,0.71097
7.819,0.76262
8.1061,0.76151
10.361,0.69329
9.8694,0.70268
9.4212,0.7182
8.1858,0.74671
7.6944,0.77079
7.5849,0.77485
8.4689,0.74165
7.804,0.76484
8.8018,0.72452
8.365,0.74683
7.7438,0.76951
8.1524,0.75832
8.2658,0.75324
8.0602,0.76099
7.6996,0.77423
8.0543,0.75707
8.1737,0.75122
9.0601,0.72383
8.7636,0.73483
8.4566,0.74887
9.7452,0.70031
9.0552,0.72357
9.2548,0.71407
9.7436,0.69312
9.6003,0.69804
9.7116,0.69071
10.366,0.6747
10.065,0.68323
10.126,0.68148
9.6021,0.69284
9.0533,0.71526
10.163,0.68093
8.7975,0.72072
10.05,0.68616
8.3419,0.73859
9.9053,0.68597
10.297,0.67291
9.1753,0.7084
7.8712,0.74715
9.9443,0.68394
9.1012,0.70711
7.7056,0.7542
8.9082,0.7112
9.0694,0.70603
8.013,0.74013
7.7036,0.75129
7.6407,0.75479
11.148,0.65208
11.347,0.64484
7.4776,0.76034
11.06,0.65474
8.5034,0.72434
10.582,0.66131
9.508,0.69116
8.8388,0.71465
10.17,0.67434
8.7725,0.71464
8.7894,0.70783
8.7792,0.7102
7.2914,0.76218
9.1039,0.7048
8.982,0.7096
8.5736,0.72201
8.7665,0.71648
7.4301,0.75762
8.6122,0.72109
8.6774,0.71692
8.669,0.7171
8.1988,0.73144
8.3147,0.72673
6.7405,0.78171
7.9646,0.73515
8.046,0.73228
7.8871,0.73847
7.7338,0.74387
7.875,0.73661
7.7668,0.74202
7.4212,0.75201
7.4338,0.75345
7.6988,0.73937
7.5821,0.74328
8.0791,0.72808
7.5399,0.74412
7.4807,0.74636
7.7504,0.73625
7.5166,0.74505
7.7748,0.73885
8.4016,0.71535
7.8589,0.73561
8.251,0.72007
8.2661,0.72066
8.1597,0.71779
7.6568,0.74291
8.0815,0.72728
8.1879,0.72289
6.7139,0.77454
6.1393,0.79721
6.4514,0.78332
5.7681,0.81099
7.4599,0.7445
7.8908,0.72828
7.3847,0.74354
7.2879,0.74892
7.112,0.7544
6.2803,0.78437
6.9766,0.757
6.8477,0.76172
6.0277,0.7954
6.0143,0.79284
6.1106,0.78644
6.0099,0.78909
5.9042,0.79329
5.9786,0.7885
5.2541,0.82161
5.9927,0.78809
5.8166,0.79301
5.1202,0.82333
6.0006,0.78254
6.0341,0.78228
4.9475,0.83015
6.1242,0.77582
5.5683,0.79923
5.2591,0.81125
5.4475,0.80435
5.2519,0.81245
5.2809,0.81028
5.1649,0.8157
5.1416,0.81626
4.7314,0.835
4.6593,0.8384
4.7525,0.83265
4.5251,0.84221
5.9073,0.7767
6.3732,0.75832
5.9124,0.77916
4.7274,0.82948
5.9437,0.7756
5.8763,0.77728
5.9421,0.77471
5.8415,0.77644
4.817,0.82106
5.7911,0.77817
4.0754,0.85972
5.252,0.7986
4.3282,0.8442
5.2483,0.80014
5.1226,0.80527
5.1127,0.80338
5.0999,0.80331
5.1969,0.79833
4.6056,0.82458
4.5796,0.82592
4.4472,0.83276
4.4231,0.83422
4.5603,0.82584
4.5076,0.83332
4.6383,0.82202
5.5347,0.78155
4.5944,0.82425
4.7194,0.81838
4.4564,0.82997
4.5555,0.8251
4.5708,0.82325
4.6323,0.82183
5.3306,0.78749
4.5859,0.8228
5.3929,0.78475
4.8873,0.80885
5.3814,0.78522
5.3657,0.78661
4.3504,0.83636
5.3654,0.78675
5.3129,0.78883
5.2976,0.78893
5.3449,0.78846
5.1196,0.79613
3.9826,0.85539
3.9319,0.85639
5.2901,0.78779
4.0273,0.84959
4.044,0.84949
4.0898,0.84642
3.9374,0.85434
4.8919,0.80493
5.3976,0.7813
5.3679,0.78141
5.4016,0.78145
3.935,0.8532
4.0802,0.84375
4.0726,0.84462
5.2088,0.78784
4.4034,0.82585
5.0422,0.79484
5.1301,0.79074
4.5324,0.81856
4.8933,0.80114
4.8075,0.80387
5.0442,0.79346
4.9943,0.79556
4.8231,0.80247
4.8935,0.79876
5.0203,0.79395
5.0544,0.79189
4.2767,0.82753
4.3508,0.8246
4.1651,0.83565
4.5879,0.811
4.6246,0.81007
4.8199,0.80195
4.6589,0.8089
4.0997,0.83816
3.8696,0.85067
3.8496,0.85134
3.9282,0.84668
4.1317,0.83497
3.775,0.85419
4.4871,0.8137
4.5489,0.81311
4.3414,0.82318
4.5058,0.81481
3.8752,0.84731
3.8656,0.84969
3.8261,0.85136
3.8466,0.84912
3.7693,0.85359
3.8354,0.84908
4.4556,0.81468
3.7988,0.8494
4.3861,0.81625
4.3738,0.81737
4.4228,0.8143
4.2796,0.82298
4.3363,0.81992
4.3073,0.82157
3.7382,0.85424
3.8013,0.84841
4.3998,0.81738
4.2273,0.82402
4.1894,0.8267
4.2203,0.82259
4.3231,0.81816
3.9476,0.83717
4.0345,0.83248
3.9067,0.83901
3.9491,0.83693
3.9412,0.83608
4.0993,0.82788
3.802,0.84481
4.0408,0.83156
4.3086,0.81734
4.0335,0.83185
3.8303,0.84349
4.7085,0.79726
4.7152,0.79641
4.6602,0.79941
4.5727,0.80286
3.8133,0.84377
3.6751,0.85177
3.7062,0.85021
3.6913,0.85016
3.7455,0.8477
4.4366,0.8095
3.7316,0.84743
4.243,0.81867
3.8379,0.84089
4.3557,0.81202
4.1375,0.82364
4.2312,0.81807
4.2429,0.81791
4.1347,0.82274
4.1582,0.82113
4.2211,0.81956
4.58,0.80029
4.6633,0.79546
3.9674,0.8304
3.583,0.85457
3.4653,0.86135
4.3444,0.81182
3.9214,0.83379
3.8018,0.84056
3.9921,0.82969
3.7579,0.84154
3.8586,0.83746
3.7443,0.84381
3.75,0.84325
3.7563,0.84381
3.8182,0.83936
3.908,0.83261
3.8041,0.83917
4.1273,0.82197
3.7627,0.84282
3.6575,0.8492
3.6448,0.84991
3.6366,0.85017
3.677,0.84769
3.5534,0.85505
3.6454,0.8485
3.7493,0.84077
4.0568,0.8255
4.3426,0.80908
3.494,0.85785
3.611,0.84935
3.5807,0.85079
3.5428,0.85316
3.4174,0.86133
3.4756,0.85819
3.5106,0.85524
3.5168,0.85549
3.504,0.85643
3.5108,0.8546
3.5701,0.85148
3.6849,0.84309
3.5248,0.85434
3.54,0.8536
3.5892,0.85107
3.5421,0.85394
3.6047,0.84975
3.5613,0.85155
4.0436,0.82336
3.4733,0.85682
3.597,0.84775
3.59,0.84864
3.8954,0.83064
3.6492,0.84458
3.68,0.84234
3.7378,0.83873
3.6728,0.84304
3.8007,0.83494
3.9132,0.82954
3.6687,0.84323
3.9993,0.82428
3.9039,0.82766
3.9792,0.82359
3.9345,0.82587
3.79,0.83575
3.9318,0.8278
3.4211,0.85823
3.3949,0.85981
3.395,0.86009
3.3766,0.86119
3.3698,0.8622
3.4658,0.85492
3.3416,0.86401
3.5971,0.84557
3.372,0.86196
3.4518,0.85545
3.3629,0.86268
3.7871,0.83534
4.0389,0.81961
4.2878,0.80737
3.8052,0.83431
3.9944,0.82314
3.4017,0.8595
3.7425,0.83861
3.4206,0.85773
4.2344,0.8103
4.2348,0.80945
4.3371,0.80366
4.2773,0.80686
4.3644,0.80251
4.4289,0.79891
4.2205,0.80957
4.416,0.80001
3.2935,0.86583
3.3468,0.86196
3.3603,0.86089
3.7676,0.83513
3.4304,0.85553
3.7771,0.83409
3.8699,0.82778
3.6988,0.83824
3.2509,0.86661
3.3561,0.8583
3.3763,0.85568
3.8595,0.82627
3.8886,0.82347
3.8869,0.82335
3.831,0.82671
3.4058,0.85138
3.3971,0.85125
3.3397,0.85626
3.3496,0.85562
3.3293,0.85692
3.4744,0.84759
3.4399,0.84998
3.5754,0.84213
3.5933,0.84093
3.4015,0.85276
3.4424,0.8495
3.4658,0.84815
3.4149,0.85245
3.3552,0.85582
3.5147,0.8446
3.5238,0.84416
3.4074,0.85267
3.4999,0.84662
3.3332,0.85732
3.3382,0.85564
3.3076,0.85794
3.3492,0.85448
3.3128,0.85804
3.3246,0.85668
3.8654,0.82292
3.7804,0.82801
3.3454,0.85584
3.3509,0.85515
3.3652,0.85443
3.6676,0.83442
4.2944,0.8008
3.528,0.84407
3.5721,0.84087
3.4594,0.84883
4.0869,0.81195
4.6023,0.78468
3.7143,0.83326
3.5404,0.84282
3.4937,0.84662
3.6467,0.83579
3.7546,0.82895
3.1412,0.87023
3.3726,0.85325
3.2397,0.86285
3.3132,0.85763
3.5272,0.84217
3.2606,0.86026
3.3538,0.85424
3.2333,0.8625
3.2362,0.86287
3.2012,0.86555
3.2043,0.86456
3.9553,0.81781
3.48,0.84461
3.4867,0.84488
3.499,0.84394
3.2861,0.85792
3.9843,0.81564
3.5459,0.84096
3.5102,0.84309
3.4149,0.84966
3.5118,0.8436
3.5104,0.84291
3.6067,0.83708
3.6405,0.83445
3.5979,0.8377
4.2824,0.7986
4.1325,0.80611
4.0462,0.8117
3.4716,0.84577
3.9624,0.81619
4.0571,0.8103
4.0453,0.81121
4.1474,0.80599
3.7775,0.82653
4.1442,0.80543
4.0295,0.81211
3.5597,0.83943
3.5616,0.83958
3.6078,0.83666
3.6442,0.83403
3.4941,0.84372
3.6761,0.83278
3.5491,0.8404
3.4769,0.84487
3.8242,0.82392
3.4421,0.84706
3.5152,0.84214
3.5516,0.83974
4.0616,0.81049
3.4136,0.8481
4.2255,0.80204
4.1441,0.80564
4.2653,0.7998
4.2697,0.79876
3.3334,0.85393
4.2798,0.79844
3.3743,0.85065
3.2111,0.86271
3.1783,0.86342
3.4268,0.84656
3.3733,0.84998
3.3445,0.85251
3.2982,0.8552
3.3546,0.85162
3.3293,0.85303
4.2641,0.7989
3.6261,0.83444
3.3353,0.85226
3.8008,0.8236
3.7795,0.82384
3.8574,0.81986
3.7994,0.82332
3.3798,0.84708
3.186,0.8609
3.3133,0.85096
3.3576,0.84863
3.3991,0.84623
3.1465,0.86443
3.3791,0.84827
3.4403,0.84457
3.6186,0.83345
3.5385,0.8386
3.5517,0.83755
3.2844,0.85445
4.0214,0.81073
4.0297,0.81004
3.3779,0.84919
3.3445,0.85118
4.2941,0.79629
4.2709,0.7978
4.1931,0.80147
4.1603,0.80355
3.391,0.84814
4.1575,0.80346
4.1304,0.80514
3.4753,0.8421
3.5431,0.83742
3.4151,0.84696
3.5011,0.84147
3.4167,0.84625
3.4689,0.84258
3.4269,0.84563
3.3864,0.84872
3.3445,0.85178
3.4188,0.84659
3.4217,0.84627
3.8394,0.82057
4.28,0.79716
3.3672,0.84897
3.4235,0.84551
3.4074,0.84616
3.7514,0.82579
3.7191,0.82744
3.6643,0.83112
3.7482,0.82603
4.1,0.80652
3.7601,0.82514
3.7435,0.82612
3.7778,0.8238
3.3609,0.85012
3.2984,0.8531
3.3925,0.84605
3.3749,0.84744
3.4963,0.83998
3.1989,0.85948
3.438,0.8436
3.372,0.84796
3.3302,0.84969
3.4368,0.84321
3.4,0.84495
3.3834,0.84647
3.4364,0.84338
3.4962,0.83742
3.6289,0.83078
3.376,0.84672
3.845,0.81939
3.3443,0.84929
3.3475,0.8488
3.5432,0.83675
3.5147,0.83838
3.5176,0.83839
3.5435,0.8364
3.5154,0.83874
3.5369,0.8367
3.9818,0.81118
3.4982,0.84023
3.5742,0.83502
3.9301,0.81404
3.5531,0.83556
3.3568,0.84953
3.3437,0.84918
3.2686,0.85518
3.8467,0.81958
3.2649,0.8554
3.311,0.85159
4.0687,0.80705
3.3666,0.84862
3.5381,0.83723
3.5423,0.8372
3.5279,0.83786
3.5247,0.83843
4.2175,0.79817
4.1499,0.80222
4.1745,0.80097
4.1084,0.80421
4.0801,0.80519
4.0884,0.80572
3.8379,0.81969
4.179,0.80062
3.6091,0.83276
3.595,0.83388
3.2782,0.85397
3.4742,0.84232
4.0318,0.80812
3.4917,0.83892
3.5424,0.83619
3.9646,0.81116
3.6194,0.83068
3.522,0.83678
3.7798,0.82181
3.6978,0.82573
3.6034,0.83162
3.6679,0.82672
3.6003,0.83086
3.5048,0.83741
3.5264,0.83559
3.4462,0.84191
3.5841,0.8324
3.4818,0.83915
3.5049,0.83769
3.6036,0.83279
3.447,0.84106
4.0755,0.8053
3.7515,0.82415
3.2526,0.85378
4.1542,0.80095
3.8517,0.81699
4.1251,0.80332
3.3416,0.84863
3.4448,0.84211
3.8393,0.81911
3.8809,0.81684
4.1431,0.80243
3.7596,0.82296
3.5786,0.83288
3.2551,0.85325
3.3967,0.84425
4.0389,0.80609
3.2097,0.8565
3.3869,0.8446
3.4151,0.84299
3.3136,0.84971
3.3181,0.84969
3.9664,0.8114
4.0937,0.80353
3.2871,0.8517
4.0243,0.8077
3.4524,0.84019
3.7089,0.8259
4.0145,0.80853
3.9362,0.81285
4.2983,0.79399
4.1165,0.80294
3.9514,0.81174
3.9961,0.80931
4.0123,0.80865
3.7028,0.82623
3.9459,0.8121
3.5981,0.83235
4.0434,0.80705
4.0267,0.8074
4.025,0.80649
4.0834,0.80453
4.0646,0.80532
4.0848,0.80443
4.0079,0.80856
3.9218,0.81383
3.3562,0.84651
3.8331,0.81778
3.7653,0.82188
3.2696,0.85287
4.0888,0.80411
4.0019,0.80828
3.9532,0.81061
3.9561,0.81086
3.992,0.80866
3.9254,0.81247
3.9227,0.81245
3.9824,0.80957
3.9456,0.81167
3.9925,0.80873
4.0558,0.80421
3.5333,0.83469
3.4314,0.84215
3.4732,0.83915
3.672,0.8262
3.665,0.82739
3.7034,0.82509
3.6547,0.82791
4.0426,0.80664
3.541,0.83576
4.0488,0.80626
3.5593,0.8333
3.6442,0.82881
3.6301,0.82975
3.7781,0.82048
3.6313,0.82942
3.5071,0.83589
3.8617,0.81571
3.8768,0.81502
3.3708,0.84398
3.6919,0.82552
3.6679,0.82689
3.4426,0.84074
3.6933,0.82514
3.6524,0.8283
3.4812,0.8387
3.828,0.81792
3.9227,0.81275
4.0823,0.80189
4.1033,0.80206
4.0916,0.80257
3.4355,0.83976
3.4579,0.83884
3.2358,0.85417
3.3921,0.84285
3.3461,0.84608
3.4283,0.8407
3.6663,0.82611
3.9397,0.81106
4.1113,0.80144
3.9962,0.80747
4.1785,0.79847
3.5458,0.83398
4.2157,0.79728
4.0359,0.80563
3.3033,0.84997
4.4543,0.78462
3.8528,0.81597
3.8484,0.8158
3.5947,0.83039
3.7736,0.82095
3.87,0.81481
4.1111,0.80197
3.894,0.81346
3.3827,0.8429
4.1019,0.80307
3.9432,0.81052
3.9015,0.81329
3.8336,0.81692
3.8863,0.81425
3.9217,0.81284
3.4461,0.84052
4.1041,0.80186
3.1758,0.85775
3.8925,0.81416
3.907,0.81352
3.4487,0.83964
3.3084,0.84962
3.4614,0.8393
3.4061,0.84295
3.3638,0.84582
3.4393,0.8404
3.3923,0.84356
4.0809,0.80296
3.8354,0.81676
3.9523,0.81026
4.021,0.80612
3.8214,0.81742
4.1259,0.8006
3.8996,0.81297
3.9151,0.81252
3.9087,0.81256
4.0014,0.80756
3.8222,0.8179
3.8373,0.81681
3.7807,0.8185
3.3877,0.8438
3.94,0.8111
3.967,0.80888
3.6818,0.82568
3.983,0.80841
3.9461,0.80997
3.8786,0.81425
3.754,0.82081
3.7723,0.82088
3.9431,0.81067
4.0576,0.80416
3.2874,0.84956
3.7891,0.81917
3.3744,0.8429
3.8953,0.81279
3.912,0.8117
3.2341,0.8532
3.2746,0.85076
3.6731,0.82557
3.7989,0.81815
3.1942,0.85644
3.819,0.81718
3.8349,0.81611
3.5112,0.83449
3.4325,0.84004
3.4572,0.83818
3.4914,0.8369
3.6059,0.83001
3.4285,0.84085
3.3963,0.84221
3.5444,0.8327
3.4466,0.83949
3.4305,0.84041
3.4423,0.83962
3.4598,0.83827
3.5862,0.82967
3.2386,0.85244
3.4936,0.83655
3.3492,0.84459
3.3543,0.84572
3.1349,0.86
3.9962,0.80725
3.4559,0.83882
3.4227,0.84112
3.2588,0.851
3.2073,0.85478
3.4115,0.84039
4.0021,0.80673
3.9272,0.81115
4.1591,0.7989
3.9401,0.81022
3.8755,0.81446
3.8795,0.81365
3.9172,0.81164
3.2506,0.85222
3.2599,0.85173
2.7844,0.88591
3.2556,0.85189
3.2742,0.8507
3.2628,0.85069
3.4074,0.84044
4.0974,0.80054
3.4672,0.83605
4.1241,0.79886
4.0344,0.8046
3.184,0.85642
4.0637,0.80348
3.9487,0.80859
3.9769,0.80729
3.905,0.81142
4.001,0.8058
3.4727,0.83766
3.4905,0.83648
4.1472,0.79908
4.0297,0.80529
4.1155,0.80001
4.0347,0.80479
3.0977,0.86244
3.2337,0.85344
4.1088,0.80064
4.0531,0.80366
4.0667,0.80341
4.0566,0.80339
3.4884,0.83675
3.8376,0.81579
3.2204,0.85378
3.304,0.84868
3.2598,0.85168
3.9691,0.80816
3.9008,0.8122
3.3228,0.84753
3.363,0.84464
3.1548,0.85876
3.1709,0.85763
3.3686,0.84406
4.0421,0.80383
3.5379,0.83282
3.7499,0.81988
3.8786,0.81288
3.4501,0.83897
3.8387,0.81556
3.8407,0.81519
3.9731,0.80872
3.9763,0.80802
3.8163,0.81643
3.4297,0.83942
3.8582,0.81395
3.1632,0.85751
3.1294,0.86041
3.7568,0.8204
3.8956,0.81224
3.7691,0.81973
3.8398,0.81551
3.8711,0.81371
3.832,0.81565
3.8267,0.81627
3.8406,0.8157
4.02,0.80506
3.8516,0.81437
3.7303,0.82082
3.4203,0.83911
3.416,0.83998
3.7901,0.81756
3.3796,0.84235
3.3822,0.84194
3.9334,0.80893
3.4329,0.83877
3.848,0.81407
3.3063,0.84749
3.6948,0.82272
3.3269,0.8448
3.474,0.83551
3.7641,0.8201
3.6688,0.82391
3.5937,0.82899
3.6669,0.82405
3.6047,0.8279
3.6326,0.82665
3.6733,0.82365
3.2925,0.84711
3.3489,0.8432
3.2983,0.84676
3.222,0.85282
3.516,0.83298
3.5574,0.83024
3.5363,0.83142
3.509,0.83434
3.4639,0.83756
3.5523,0.83164
3.4457,0.83905
3.4474,0.83909
3.4473,0.83864
3.6945,0.82313
3.3286,0.8456
3.6742,0.82426
3.4504,0.83862
3.6247,0.82708
4.0729,0.80114
3.6779,0.82288
3.9595,0.80796
3.7034,0.82215
4.0693,0.80168
3.9709,0.80718
3.4131,0.8399
3.3986,0.84134
4.0506,0.80396
4.062,0.80214
3.1456,0.85758
3.8807,0.81199
3.8724,0.81214
4.2366,0.79301
3.9197,0.80924
3.854,0.81288
3.8374,0.81463
3.8378,0.81409
3.3409,0.84282
3.9177,0.80935
3.9957,0.8041
3.7648,0.81801
3.853,0.81403
3.8311,0.81462
3.9752,0.80768
3.8649,0.81367
3.9245,0.80976
3.7331,0.82045
3.7541,0.81898
3.8363,0.81434
3.7139,0.8214
3.7454,0.8197
3.7669,0.81808
3.7126,0.82188
3.5899,0.82875
3.5678,0.83038
3.7112,0.82112
3.3773,0.84177
3.401,0.84051
3.4078,0.84034
3.5263,0.83216
3.9718,0.80692
4.0076,0.80536
3.8979,0.81156
4.0031,0.80593
3.721,0.82167
3.4055,0.84067
3.6752,0.82459
3.2417,0.8514
4.039,0.80295
4.0465,0.80304
3.8177,0.81576
4.1069,0.8001
4.1393,0.7984
4.1606,0.79724
4.1585,0.79746
4.0651,0.80195
4.0444,0.80272
3.3593,0.84212
3.562,0.83099
3.5964,0.82817
3.5563,0.8309
3.5671,0.83104
3.3045,0.84723
3.3954,0.84146
3.5693,0.83107
3.5361,0.83187
3.4955,0.83432
3.4951,0.83437
3.5094,0.8336
3.084,0.86102
3.0077,0.86718
3.8632,0.81214
3.9782,0.80648
3.9971,0.80522
4.0937,0.80052
3.9163,0.80842
3.9838,0.80568
4.0335,0.80255
3.9175,0.80806
3.9987,0.80502
3.9762,0.80562
3.5715,0.82972
3.318,0.84569
3.8214,0.81468
3.9691,0.806
3.8292,0.81462
3.3048,0.84652
3.4397,0.83769
3.8365,0.81403
3.8175,0.81466
3.8322,0.81436
3.7588,0.81849
3.8243,0.81484
3.9408,0.80813
3.2301,0.85201
3.8469,0.81296
3.7201,0.82048
3.855,0.81282
3.3583,0.84275
3.8096,0.81556
3.8331,0.81432
3.311,0.84585
3.82,0.81508
3.7774,0.81755
3.7696,0.81787
3.3744,0.84229
3.9512,0.8077
3.8482,0.81365
3.8701,0.8122
3.5246,0.83256
3.8899,0.81047
3.5502,0.83073
3.9972,0.80505
3.8155,0.81511
3.9879,0.80544
3.5396,0.83136
3.6475,0.82443
3.4886,0.83374
4.1109,0.79983
4.1502,0.79707
3.4528,0.83752
4.0097,0.80435
4.0596,0.8021
3.9931,0.8047
3.8791,0.81046
3.9189,0.80883
3.8064,0.81444
3.4383,0.83703
3.8605,0.81097
3.4045,0.83955
3.5092,0.83281
4.0089,0.80387
4.0131,0.80375
3.8932,0.81008
3.9653,0.80683
3.9107,0.80946
3.949,0.80598
4.0038,0.80387
3.8182,0.81497
3.9163,0.8086
4.0068,0.80483
3.4049,0.83976
3.839,0.81321
3.9121,0.80918
3.8094,0.8147
3.8337,0.81361
3.7572,0.81824
3.9246,0.80853
3.9572,0.80684
3.83,0.81391
3.7613,0.81772
3.9373,0.8072
3.8741,0.81104
3.5849,0.82696
3.8329,0.81143
3.7703,0.81509
3.6652,0.82223
3.7233,0.81849
3.7285,0.8185
3.4259,0.83607
3.4696,0.83409
4.182,0.79487
3.3367,0.84406
3.5605,0.82901
3.5102,0.83236
3.7405,0.81933
3.7193,0.82055
3.9418,0.80862
3.3075,0.84596
3.2479,0.85025
3.4952,0.83208
3.1414,0.85542
4.0202,0.80331
4.0159,0.80315
3.4885,0.83384
3.8503,0.8125
3.6663,0.82274
3.8232,0.81339
3.4248,0.8369
3.5036,0.832
3.6428,0.82337
3.7734,0.81634
3.4084,0.83875
3.7226,0.81983
3.711,0.81988
3.6872,0.82154
3.4015,0.83938
3.5909,0.82664
3.9376,0.80721
3.6034,0.82676
3.5341,0.83082
3.6522,0.82276
3.6326,0.825
4.0822,0.79994
3.3623,0.84243
3.4762,0.83449
3.5399,0.83092
3.618,0.82582
3.1247,0.85735
3.1652,0.85413
3.4783,0.83524
3.5632,0.82929
3.3366,0.84334
3.3841,0.84041
3.4588,0.8356
3.5091,0.83183
3.301,0.84593
3.3317,0.84417
3.9022,0.81017
4.0554,0.80124
4.0091,0.80435
3.3887,0.83935
3.6973,0.8221
3.8579,0.81249
3.9672,0.80426
3.9636,0.80497
3.9253,0.80831
3.7993,0.81538
3.3711,0.84153
4.0698,0.80002
3.9846,0.80447
3.9205,0.80834
3.9349,0.80747
4.1339,0.79703
3.932,0.80755
3.3695,0.84106
3.3652,0.84138
3.3939,0.83968
3.4336,0.8372
3.8234,0.81367
3.8565,0.81136
3.8169,0.81381
4.0174,0.80306
3.4871,0.83332
4.0761,0.79949
3.7111,0.8201
4.1224,0.79672
3.8779,0.80942
3.8636,0.81001
4.0758,0.799
3.8309,0.81254
3.9479,0.80685
3.9199,0.80778
3.8674,0.81053
3.7943,0.81465
4.1325,0.79461
3.8393,0.81221
3.4281,0.83756
3.8986,0.8094
3.867,0.81082
3.9354,0.80708
3.2251,0.84929
3.8111,0.81311
3.2596,0.84719
3.1976,0.8525
3.3402,0.84232
3.4279,0.83701
3.3559,0.84005
3.3349,0.84214
3.074,0.86104
3.5093,0.83134
3.3664,0.84106
3.1389,0.8551
3.9344,0.80663
4.1092,0.79731
3.4351,0.83563
3.7195,0.8186
3.6971,0.81992
3.0819,0.85964
3.0327,0.86252
3.104,0.85747
3.9957,0.80358
3.9866,0.80264
3.4908,0.83335
3.7214,0.81831
3.9678,0.80428
4.0037,0.80191
3.1996,0.8511
3.3017,0.84361
3.5593,0.82691
3.4869,0.83195
3.6906,0.8196
3.7025,0.81897
3.3608,0.84099
3.9967,0.80285
3.3666,0.84061
3.9594,0.8043
3.8219,0.81191
3.9786,0.80306
3.2332,0.84752
3.8527,0.81054
3.9187,0.80662
3.8511,0.81049
3.8596,0.80865
4.0748,0.79686
4.0713,0.79669
3.8309,0.81118
3.4492,0.83299
3.6354,0.82237
3.7894,0.81287
3.8316,0.81123
3.4417,0.8344
3.3928,0.83745
3.4154,0.83548
3.5643,0.82629
3.5825,0.82445
3.4347,0.83414
3.9398,0.80417
3.5038,0.82975
3.9639,0.80231
3.9722,0.80147
3.9295,0.80345
4.1453,0.79062
3.9701,0.80127
3.9647,0.8009
3.9776,0.80041
3.7761,0.81077
3.8079,0.8096
3.8302,0.80785
4.1289,0.7915
3.9715,0.79982
3.7613,0.81143
3.853,0.80629
4.075,0.7942
3.127,0.85068
4.3471,0.77979
4.0716,0.79372
4.021,0.79549
4.0244,0.79559
3.8858,0.80253
3.8588,0.80387
3.9169,0.79989
3.7702,0.80755
3.1992,0.84263
3.498,0.82331
3.4943,0.82282
3.2208,0.83988
3.9189,0.79752
3.433,0.82581
3.8365,0.80158
3.8719,0.79941
3.5091,0.82002
3.965,0.7936
3.9805,0.7919
3.9729,0.79302
3.2619,0.83543
3.6106,0.81315
3.817,0.80112
3.8817,0.79752
3.3019,0.83156
3.4357,0.82181
3.3275,0.82846
3.3818,0.82469
3.3675,0.8249
3.3636,0.82501
3.3365,0.82644
3.4182,0.82074
3.5043,0.81445
3.6175,0.80892
3.3901,0.82174
3.3136,0.82676
3.6466,0.80634
3.1962,0.83369
3.6856,0.8039
3.7454,0.79896
3.8513,0.79196
3.6139,0.80684
3.5697,0.80899
3.517,0.81197
2.8837,0.85344
2.8944,0.85217
2.7717,0.86114
3.5563,0.80778
3.5588,0.80787
3.4572,0.81291
2.785,0.85878
3.5706,0.80443
3.5051,0.80848
3.4547,0.81148
3.1417,0.83166
3.4647,0.81134
3.5302,0.80717
3.1281,0.83192
3.1049,0.83213
3.2835,0.82042
3.1077,0.8316
3.2824,0.8193
3.4228,0.81125
3.0718,0.83339
3.3329,0.8139
3.0265,0.8348
3.1163,0.82714
3.0805,0.82826
2.5398,0.87054
2.5482,0.86825
2.4788,0.87426
2.9331,0.83588
3.0694,0.82696
3.4301,0.80298
3.2466,0.81178
2.9378,0.83304
2.8573,0.83944
3.1092,0.8197
2.7149,0.84947
2.4421,0.87003
2.5619,0.86062
2.5025,0.86581
2.4907,0.86608
2.5356,0.86178
2.48,0.8663
2.5674,0.85765
2.4571,0.86717
2.4351,0.86898
2.4504,0.86712
2.7352,0.84412
2.771,0.84076
2.7539,0.84151
2.725,0.84191
2.6682,0.84499
2.4888,0.8607
2.6438,0.84805
2.6822,0.84287
2.6537,0.84495
2.758,0.83514
2.5637,0.85079
2.5844,0.84978
2.5405,0.85338
2.5846,0.84762
2.3483,0.86706
2.1527,0.88593
2.1238,0.88861
1.9899,0.90399
2.2848,0.87538
2.2544,0.87714
1.9194,0.90969
1.9125,0.90914
1.9517,0.90493
1.8517,0.91443
1.8699,0.91141
1.9056,0.90761
1.8368,0.91517
2.1749,0.87379
2.0144,0.89084
2.0205,0.88949
1.905,0.90243
1.8384,0.91067
2.0759,0.88348
2.1446,0.87692
1.8654,0.90502
2.0243,0.88676
1.7925,0.91276
1.991,0.8896
1.7616,0.91548
2.0395,0.8852
1.9628,0.89371
1.9614,0.89312
1.7845,0.91331
1.8112,0.90872
1.6944,0.92509
1.8392,0.90444
1.5519,0.93966
1.7557,0.91417
1.4305,0.9586
1.782,0.90865
1.4301,0.9568
2.1171,0.8699
2.1361,0.86606
1.6895,0.91978
1.9128,0.89339
1.8643,0.89821
1.7586,0.9122
1.6319,0.92508
1.5061,0.94372
1.5092,0.94283
1.4961,0.94243
1.5535,0.92742
1.5638,0.92875
1.2506,0.97018
1.2147,0.97683
1.3443,0.95806
1.3223,0.96044
1.6604,0.91342
1.5482,0.93359
1.4186,0.95018
1.1701,0.98892
1.3335,0.95581
1.4378,0.9402
1.4856,0.93362
1.1964,0.97801
1.4731,0.93451
1.3806,0.95138
1.4037,0.9472
1.3758,0.94833
1.4026,0.94587
1.2081,0.97464
1.4059,0.93817
1.5976,0.91203
1.352,0.95205
1.3847,0.94399
1.2641,0.9587
1.5152,0.92017
1.1045,0.98972
1.098,0.98398
1.1626,0.96858
1.2586,0.95688
1.2199,0.96354
1.204,0.96723
0.99244,1.0038
1.0413,0.99072
1.1302,0.97473
1.1791,0.9608
1.3293,0.93608
1.2987,0.93968
1.1424,0.97511
1.1125,0.98211
1.1254,0.97685
1.14,0.97597
1.0581,0.9904
1.1081,0.97888
1.1849,0.96478
1.115,0.97657
1.0854,0.98393
1.2878,0.94464
1.0773,0.98316
1.1033,0.98204
1.1568,0.96789
0.99364,0.99584
1.093,0.97869
0.92829,1.0116
1.207,0.95953
1.1521,0.9691
1.1389,0.96755
1.5291,0.90436
1.0163,0.9879
1.2284,0.95703
1.2609,0.94277
1.5418,0.89826
1.1651,0.95605
1.0451,0.98296
1.0713,0.98067
1.1631,0.96008
1.2752,0.94347
1.3225,0.92941
1.1584,0.961
1.1069,0.97075
1.0961,0.97093
1.2444,0.94704
0.96376,0.99596
1.2235,0.95002
1.0586,0.97636
1.0272,0.97836
1.0533,0.97427
1.0299,0.98301
1.0604,0.97734
1.0468,0.97881
0.9412,0.99642
1.0904,0.97004
1.1403,0.95987
1.1269,0.96239
1.1712,0.95497
1.0274,0.9802
1.0277,0.98063
1.0395,0.97873
1.1243,0.96468
1.0979,0.96945
1.0014,0.98385
1.0195,0.98591
0.86523,1.018
1.1945,0.94847
1.0063,0.98554
1.029,0.98019
0.91645,1.0016
1.0161,0.98073
1.4405,0.9059
1.1072,0.96279
1.1137,0.96196
1.0488,0.97516
1.1248,0.9611
0.83566,1.02
1.0878,0.96793
1.2619,0.93097
1.1214,0.95603
1.1625,0.95001
1.208,0.93899
1.2187,0.93839
1.244,0.9322
1.2299,0.93473
1.0214,0.97333
1.171,0.94337
1.1454,0.94693
1.1459,0.94591
1.1054,0.95537
0.96675,0.9806
1.2035,0.93383
0.98049,0.97748
1.0949,0.95122
1.1422,0.94527
0.97498,0.98384
1.0214,0.97078
1.001,0.97533
1.2156,0.92967
1.2639,0.92164
1.2331,0.92685
1.1469,0.94199
0.97673,0.97382
0.89206,0.99369
1.0663,0.95345
1.1998,0.92953
1.242,0.92075
1.0782,0.94792
0.98284,0.96978
1.2372,0.91979
1.2263,0.92226
1.2802,0.91167
1.2488,0.91803
1.095,0.94967
1.0704,0.95238
1.1976,0.92665
1.0914,0.94736
1.0502,0.94879
1.1521,0.93381
1.0331,0.94909
1.1625,0.9273
0.95062,0.9736
1.1244,0.93288
1.0159,0.95096
1.244,0.91123
1.4292,0.87722
1.242,0.91095
1.4395,0.87487
1.1254,0.92825
1.1999,0.91295
1.163,0.92062
1.0357,0.94632
1.1461,0.9229
1.4233,0.8762
1.3779,0.88361
1.1817,0.9177
1.2462,0.90809
1.2684,0.9036
1.3699,0.88338
1.4013,0.87744
1.2719,0.89765
1.182,0.9159
1.3806,0.87987
1.1681,0.91718
1.4302,0.87068
1.3028,0.89402
1.2844,0.8973
1.3253,0.88923
1.3057,0.89246
1.3844,0.87709
1.519,0.8546
1.4183,0.87059
1.2903,0.8933
1.4246,0.86855
1.4752,0.86028
1.316,0.8802
1.5767,0.84334
1.6125,0.83441
1.2524,0.89045
1.1975,0.90163
1.4275,0.86507
1.8091,0.80876
1.2471,0.89753
1.5735,0.84083
1.2626,0.88771
1.3042,0.8798
1.1551,0.90818
1.614,0.83329
1.2202,0.89435
1.3413,0.87825
1.4086,0.86668
1.5426,0.84441
1.4025,0.86705
1.5339,0.83912
1.6086,0.83397
1.6575,0.82172
1.7618,0.81076
1.3859,0.86557
1.276,0.88773
1.4276,0.85468
1.5063,0.84678
1.5874,0.83276
1.3901,0.87028
1.6527,0.82499
1.5151,0.8469
1.6081,0.83184
1.4814,0.85167
1.5247,0.84476
1.5942,0.83335
1.6323,0.83046
1.528,0.84468
1.722,0.81274
1.5981,0.83187
1.6997,0.81824
1.516,0.84344
1.7449,0.80997
1.5543,0.83673
1.7567,0.8086
2.0937,0.76617
1.8761,0.79312
1.6506,0.81939
1.216,0.88835
1.3631,0.86488
1.5551,0.83658
1.4623,0.85217
1.5557,0.83731
1.5512,0.83747
1.3273,0.87211
1.4701,0.85046
1.5036,0.84577
1.4515,0.85197
1.6301,0.82461
1.7479,0.80799
1.8072,0.79915
1.8404,0.79449
1.6272,0.82523
1.6263,0.81866
1.9819,0.77716
1.7176,0.81078
1.6053,0.8273
1.8226,0.79696
1.686,0.81321
1.6125,0.81616
1.5809,0.8282
1.5247,0.83544
1.7158,0.80794
1.8455,0.78832
1.1021,0.91017
1.437,0.84518
1.5542,0.8282
1.8857,0.78717
1.5545,0.82982
1.6488,0.81793
1.475,0.84484
1.7003,0.81358
1.5145,0.83727
1.5232,0.83889
1.4145,0.85457
1.4748,0.84323
1.4275,0.85359
1.8404,0.79014
1.7167,0.80859
1.6615,0.81267
1.5922,0.82365
1.9215,0.78276
1.6695,0.81583
1.5653,0.82681
1.496,0.84237
1.385,0.85651
1.4864,0.83972
1.4389,0.8444
1.5962,0.81933
1.4876,0.83436
1.6342,0.81335
1.9841,0.77309
1.581,0.82139
1.9731,0.77354
1.9079,0.78248
1.5361,0.83204
1.6386,0.81565
1.6198,0.81825
1.7182,0.80431
1.6013,0.82101
1.6582,0.80838
1.5884,0.81687
1.3991,0.84706
1.3688,0.85352
1.6105,0.82142
1.5017,0.83027
1.3878,0.85035
1.9187,0.7805
1.2406,0.87594
1.7723,0.79905
1.6351,0.81761
1.5506,0.82766
1.3677,0.85349
1.4717,0.83648
1.4508,0.83968
1.689,0.80238
2.0857,0.7497
1.7478,0.79895
1.6661,0.81139
1.6268,0.81562
1.5606,0.8255
1.7148,0.80263
1.5075,0.83355
1.5908,0.81985
1.4599,0.8371
1.7311,0.8021
1.7253,0.80146
1.6734,0.81085
1.5542,0.82382
1.7454,0.80065
1.9022,0.77728
1.456,0.83892
1.8052,0.79467
1.3991,0.84965
1.622,0.82014
1.7478,0.80032
1.9304,0.77695
1.794,0.7948
1.8953,0.779
1.6797,0.80735
1.6408,0.81272
1.8217,0.79295
1.9412,0.77248
1.7595,0.79996
1.64,0.81222
1.4262,0.84561
1.5431,0.82611
1.5359,0.82826
1.7061,0.80204
2.0176,0.76625
1.9127,0.77852
1.8684,0.78458
1.9826,0.77241
1.8102,0.79444
1.5018,0.83245
1.6992,0.80151
1.907,0.78184
1.9408,0.77797
1.9361,0.77822
1.9708,0.77389
1.5815,0.82114
1.6866,0.81102
1.4836,0.83553
1.714,0.8061
1.4123,0.84599
1.655,0.8143
1.3495,0.85698
1.3672,0.85385
1.5709,0.81957
1.638,0.81633
1.4914,0.83978
1.4194,0.8477
1.7634,0.79263
1.5793,0.81969
1.3303,0.86098
1.651,0.81286
1.5781,0.82603
1.5408,0.8317
1.3902,0.85155
1.6741,0.81206
1.9029,0.78104
1.5107,0.83201
1.7451,0.80163
1.5076,0.8309
1.4517,0.84342
1.4461,0.84348
1.6154,0.8186
1.7171,0.80195
1.4149,0.84588
1.7668,0.79615
1.5088,0.82971
1.6867,0.80772
1.9269,0.77573
1.745,0.79653
1.4651,0.83655
2.0859,0.75774
1.8417,0.78299
1.6139,0.81885
1.6149,0.81699
1.802,0.79305
1.7208,0.80406
1.7055,0.80559
1.7254,0.80179
1.6089,0.81913
1.5092,0.83454
1.6396,0.81557
1.6517,0.81265
1.5473,0.82835
1.4533,0.83742
1.86,0.78447
1.7486,0.79882
1.8079,0.79153
1.4987,0.83281
1.5696,0.82317
1.5126,0.83486
1.5099,0.83502
1.6091,0.82028
1.591,0.82169
1.5103,0.83559
1.5982,0.82137
1.9137,0.77712
1.5552,0.82233
1.5668,0.82532
1.5991,0.82003
1.4633,0.83659
1.2978,0.86607
1.2507,0.87497
1.1976,0.88545
1.4527,0.83779
1.4831,0.83739
1.6364,0.81325
1.545,0.82345
1.819,0.78968
1.727,0.8003
1.5918,0.82133
1.962,0.77071
1.5886,0.81729
1.3864,0.85134
1.4446,0.83913
1.5574,0.82215
1.6477,0.81388
1.6111,0.82007
1.7596,0.79757
1.3557,0.85877
1.4631,0.83417
1.7843,0.7908
1.9355,0.77108
1.442,0.83734
1.5801,0.82106
1.6584,0.80974
1.6209,0.81609
1.7927,0.7917
1.5054,0.82985
1.4551,0.83832
1.3893,0.84845
1.7816,0.79378
1.6285,0.81652
1.7421,0.79958
1.4576,0.84293
1.4687,0.83999
1.5558,0.82666
1.2552,0.8708
1.5895,0.82022
1.7111,0.80281
1.7756,0.79199
1.4773,0.83259
1.5895,0.81942
1.5189,0.83068
1.7982,0.78993
1.6886,0.8021
1.5539,0.82229
1.6853,0.80551
1.8283,0.78597
1.6606,0.80913
1.419,0.84137
1.4905,0.83636
1.5039,0.8334
1.7071,0.80405
1.622,0.81651
1.4639,0.83525
1.6074,0.8116
1.5901,0.81477
1.5971,0.81315
1.4526,0.83611
1.4938,0.82948
1.3189,0.85905
1.4032,0.84375
1.3388,0.85498
1.4435,0.8387
1.4683,0.83439
1.7275,0.79957
1.5456,0.82665
1.8163,0.7846
1.4939,0.82959
1.7624,0.78847
1.8232,0.78096
1.7192,0.79592
1.4412,0.83745
1.6367,0.80789
1.7649,0.78988
1.524,0.82516
1.4528,0.83554
1.6531,0.80561
1.5479,0.82247
1.9566,0.76691
1.5993,0.81509
1.7872,0.78715
1.4545,0.83455
1.6828,0.80504
1.4686,0.83177
1.8278,0.78452
1.5485,0.8249
1.4055,0.84189
1.6879,0.80431
1.3345,0.85419
1.7541,0.79527
1.4106,0.84203
1.3215,0.85697
1.2901,0.86291
1.3813,0.84717
1.3038,0.86048
1.6296,0.81295
1.5482,0.82588
1.3503,0.85182
1.2369,0.87275
1.2951,0.86197
1.3509,0.85229
1.3059,0.86045
1.4905,0.82846
1.727,0.79976
1.6478,0.81105
1.5816,0.82125
1.3546,0.85134
1.6187,0.81401
1.6238,0.81216
1.7164,0.79996
1.7196,0.79891
1.4402,0.83707
1.4307,0.83833
1.6512,0.80978
1.9931,0.76415
1.7974,0.78867
1.7718,0.79228
1.6186,0.81445
1.6626,0.80772
1.8204,0.78578
1.8496,0.78152
1.3414,0.85283
1.798,0.78845
1.6986,0.80208
1.6404,0.80982
1.5921,0.81615
1.646,0.80993
1.4563,0.83231
1.5654,0.82168
1.5355,0.82659
1.5426,0.82557
1.6236,0.81411
1.6576,0.80924
1.5718,0.81588
1.4827,0.82981
1.5773,0.82046
1.5234,0.82811
1.6123,0.81473
1.6974,0.79627
1.6116,0.80835
1.7966,0.78199
1.6804,0.79886
1.7144,0.79387
1.6828,0.798
1.6151,0.8083
1.7675,0.7874
1.9285,0.77094
1.3418,0.85097
1.8924,0.77649
1.5732,0.82057
1.4845,0.82805
1.2141,0.8759
1.2708,0.86562
1.7043,0.80089
1.5779,0.81943
1.528,0.82824
1.5884,0.81847
1.5176,0.82878
1.6389,0.81067
1.3892,0.8436
1.4019,0.84172
1.5928,0.81713
1.3909,0.84342
1.3592,0.84863
1.4865,0.82656
1.8449,0.77807
1.4544,0.8325
1.3734,0.84669
1.4009,0.84223
1.4803,0.82891
1.5197,0.82286
1.4478,0.83714
1.3281,0.85449
1.5827,0.81962
1.5321,0.82041
1.3806,0.84484
1.3165,0.85676
1.4393,0.83645
1.3638,0.84812
1.3491,0.85039
1.5671,0.82119
1.7203,0.79826
1.5543,0.81776
1.7692,0.79216
1.5042,0.82479
1.3464,0.85164
1.7297,0.79023
1.6905,0.79672
1.5539,0.81582
1.488,0.82679
1.378,0.84509
1.6026,0.81576
1.6348,0.81076
1.5033,0.83132
1.6321,0.81092
1.5709,0.82041
1.4796,0.83504
1.5403,0.82497
1.3652,0.8467
1.2989,0.85871
1.354,0.85014
1.509,0.82974
1.2743,0.86376
1.5377,0.82535
1.5391,0.82305
1.6317,0.80996
1.72,0.79757
1.6136,0.81289
1.3151,0.85559
1.6781,0.80372
1.816,0.78392
1.8416,0.78133
1.7536,0.79347
1.7366,0.79524
1.4859,0.82728
1.5612,0.82156
1.7236,0.7973
1.69,0.8023
1.5735,0.81356
1.5389,0.81878
1.9303,0.76929
1.5075,0.82301
1.5434,0.81937
1.6374,0.80856
1.735,0.79538
1.4283,0.83516
1.4622,0.83618
1.6848,0.80309
1.5876,0.81177
1.5317,0.82088
1.4124,0.83882
1.6973,0.80063
1.3485,0.84996
1.6359,0.80956
1.7035,0.79342
1.8487,0.7797
1.6571,0.8066
1.6111,0.81212
1.269,0.864
1.3759,0.84485
1.5567,0.82088
1.6132,0.81286
1.3763,0.84559
1.7012,0.79925
1.644,0.80783
1.6855,0.80233
1.5145,0.82402
1.3946,0.84206
1.8259,0.78262
1.384,0.84529
1.4572,0.83258
1.7024,0.8005
1.6225,0.81238
1.5853,0.81823
1.4446,0.83548
1.7093,0.79907
1.8732,0.77672
1.7442,0.7945
1.5021,0.82675
1.4232,0.83925
1.5734,0.81845
1.4363,0.83803
1.6713,0.80281
1.5244,0.82528
1.7266,0.79422
1.5318,0.81845
1.668,0.7999
1.5817,0.81637
1.5159,0.82637
1.6504,0.80244
1.4608,0.8313
1.4324,0.83739
1.7058,0.79638
1.6529,0.8065
1.7011,0.79909
1.389,0.84204
1.6378,0.80898
1.4144,0.83754
1.3747,0.84455
1.6218,0.81166
1.4609,0.83705
1.3823,0.84352
1.4774,0.82843
1.5976,0.81431
1.5537,0.81608
1.7069,0.79772
1.6614,0.80482
1.4507,0.83084
1.3601,0.84726
1.715,0.79698
1.7104,0.79757
1.4342,0.83402
1.4225,0.83647
1.7004,0.79906
1.7269,0.78918
1.2911,0.85918
1.4605,0.82988
1.5659,0.81919
1.6015,0.8138
1.62,0.81141
1.7808,0.78782
1.6159,0.81158
1.6035,0.80698
1.5511,0.81556
1.5024,0.82394
1.418,0.83715
1.6117,0.80528
1.7067,0.79755
1.8227,0.78155
1.5219,0.81834
1.6825,0.80131
1.5965,0.8101
1.5245,0.82525
1.594,0.81411
1.4763,0.82732
1.7423,0.79271
1.5865,0.81198
1.6232,0.80971
1.6414,0.80627
1.37,0.84936
1.6198,0.80932
1.4739,0.82634
1.7255,0.79389
1.5517,0.81871
1.6097,0.81112
1.5093,0.82599
1.4874,0.82987
1.6117,0.81018
1.635,0.80705
1.6786,0.79857
1.8503,0.77243
1.7804,0.78204
1.6723,0.80187
1.6634,0.80249
2.0037,0.75693
1.8742,0.77366
1.767,0.78811
1.868,0.77502
1.729,0.79006
1.6275,0.80343
1.5007,0.82199
1.5354,0.8171
1.6191,0.80551
1.6185,0.80536
1.5633,0.81335
1.5557,0.81477
1.6023,0.80719
1.5003,0.82394
1.563,0.8138
1.6034,0.8028
1.4914,0.82586
1.5571,0.81932
1.6052,0.81036
1.3965,0.84493
1.7369,0.78816
1.6676,0.79774
1.5759,0.81095
1.5613,0.81179
1.697,0.79147
1.6842,0.79327
1.5705,0.8101
1.5496,0.81159
1.5367,0.81237
1.4878,0.82041
1.7079,0.78654
1.6499,0.79531
1.6915,0.78725
1.5932,0.80226
1.7499,0.78079
1.8556,0.76952
1.8086,0.77443
1.7317,0.78706
1.7108,0.79082
1.5567,0.80909
1.5836,0.80636
1.8547,0.76678
1.8481,0.76866
1.6936,0.7878
1.599,0.80284
1.628,0.79805
1.7494,0.7836
1.6427,0.79851
1.8414,0.77041
1.6091,0.80278
1.9631,0.75467
1.8077,0.77737
1.7936,0.7766
1.7611,0.78108
1.7602,0.78112
1.65,0.79422
1.4394,0.82767
1.7311,0.78456
1.6105,0.80249
1.6529,0.79457
1.6433,0.79578
1.5813,0.80485
1.6886,0.78775
1.6906,0.78871
1.5941,0.80364
1.6361,0.79397
1.5936,0.8031
1.8113,0.77268
1.8103,0.77156
1.6816,0.79323
1.8423,0.77199
1.6527,0.79875
1.637,0.79876
1.6659,0.79568
1.5235,0.81461
1.5341,0.81363
1.6748,0.79545
1.4999,0.81594
0.9504,0.91077
1.7403,0.78285
1.6292,0.79665
1.4561,0.82605
1.6106,0.80199
1.6336,0.79884
1.6486,0.79573
1.5677,0.80827
1.5523,0.80997
1.6597,0.79477
1.5117,0.81687
1.6579,0.79791
1.7235,0.78905
1.7158,0.78578
1.6016,0.80126
1.4168,0.83152
1.6648,0.79558
1.5144,0.81469
1.659,0.79757
1.6622,0.79578
1.8085,0.776
1.8989,0.76329
1.7275,0.7875
1.719,0.78747
1.6451,0.79816
1.7712,0.78041
1.5477,0.80911
1.4809,0.8201
1.6034,0.80131
1.5707,0.80661
1.5319,0.81178
1.506,0.81516
1.58,0.80298
1.863,0.77032
1.8116,0.77591
1.8101,0.77646
1.7808,0.77592
1.8152,0.77472
1.8278,0.76779
1.5613,0.80641
1.6497,0.79487
1.7425,0.78048
1.6711,0.79174
1.7511,0.7837
1.6089,0.80136
1.7741,0.77717
1.7411,0.78021
1.6916,0.78709
1.6265,0.79832
1.6944,0.78681
1.534,0.80786
1.4148,0.82827
1.5244,0.81167
1.7133,0.78843
1.6554,0.79398
1.6331,0.79771
1.626,0.79834
1.5048,0.81506
1.7441,0.78487
1.6763,0.79403
1.7323,0.78632
1.6382,0.79959
1.9619,0.75156
1.8453,0.76607
1.4809,0.81768
1.4435,0.82637
1.5519,0.80734
1.683,0.78795
1.7484,0.78013
1.7132,0.78931
1.6693,0.79306
1.6142,0.7992
1.642,0.79442
1.675,0.79283
1.578,0.80331
1.6024,0.79902
1.6704,0.79429
1.7629,0.78054
1.6957,0.78969
1.5987,0.8016
1.6252,0.80146
1.6575,0.79616
1.6874,0.7925
1.8742,0.76635
1.6968,0.79032
1.8015,0.77612
1.8443,0.76866
1.8245,0.77075
1.9164,0.76155
1.824,0.77352
1.6146,0.79898
1.6795,0.78903
1.8368,0.76703
1.5914,0.80194
1.8167,0.76958
1.7798,0.77488
1.5256,0.81242
1.7101,0.78554
1.7889,0.77314
2.2417,0.72124
1.9473,0.75725
1.8714,0.76615
1.9385,0.75774
1.9402,0.75819
1.9199,0.76076
1.923,0.76039
1.8996,0.76247
1.8715,0.76692
1.8515,0.76929
1.7924,0.77669
1.6904,0.78706
1.8153,0.77358
1.4861,0.81659
1.7253,0.78573
1.7107,0.78623
1.7386,0.78427
1.6514,0.79378
1.6199,0.79768
1.5853,0.80283
1.7292,0.7861
1.6714,0.79373
1.6858,0.79221
1.6311,0.79481
1.6685,0.79003
1.5268,0.81014
1.4533,0.82193
1.4898,0.8181
1.6071,0.7994
1.6865,0.78846
1.6663,0.79115
1.5716,0.8042
1.54,0.80857
1.5243,0.81081
1.6043,0.79853
1.947,0.75292
1.7393,0.77846
1.726,0.78052
1.6325,0.79407
1.7166,0.78287
1.6432,0.79497
1.5282,0.80982
1.6979,0.78538
1.6694,0.7927
1.6561,0.79533
1.6072,0.79756
1.7356,0.78447
1.672,0.79329
1.8367,0.77009
1.8798,0.76467
1.7257,0.78468
1.6685,0.79342
1.9532,0.75405
1.7268,0.78496
1.7286,0.78428
1.9291,0.75332
1.72,0.7814
1.6653,0.79377
2.0088,0.74919
1.9795,0.75048
1.7282,0.78427
1.8807,0.76144
1.706,0.78695
1.746,0.77998
1.7702,0.7791
1.72,0.78464
1.6565,0.79296
1.9384,0.75666
1.753,0.77874
1.9423,0.75296
1.8981,0.75888
1.7533,0.77635
1.5998,0.80039
1.6509,0.79259
1.7371,0.77896
1.5707,0.80382
1.6271,0.79459
1.752,0.78036
1.7789,0.77638
1.7483,0.77645
1.7707,0.77346
1.5345,0.8087
1.8436,0.76758
1.6292,0.79454
1.556,0.80692
1.6014,0.79905
1.542,0.81092
1.7977,0.77114
1.5741,0.80079
1.6148,0.79729
1.7912,0.7711
1.7927,0.77009
1.5731,0.80108
1.7683,0.77416
1.5657,0.80261
1.9509,0.74998
1.6559,0.7895
1.8566,0.76152
1.8313,0.76518
1.4539,0.81992
1.6399,0.79093
1.7422,0.77655
1.3063,0.84409
1.3376,0.83831
1.9196,0.75346
2.04,0.73855
1.8578,0.76432
1.5898,0.79705
1.4392,0.81856
1.5871,0.80021
1.6377,0.79026
1.6187,0.79092
1.5464,0.80238
1.4918,0.81339
1.429,0.82352
1.2963,0.84402
1.2001,0.86301
1.5838,0.80072
1.421,0.82602
1.6701,0.78764
1.713,0.78054
1.6193,0.79368
1.6379,0.78893
1.5546,0.80279
1.7292,0.777
1.4809,0.81319
1.6101,0.79545
1.5195,0.80901
1.7882,0.76789
1.9416,0.74706
1.8609,0.75324
1.8514,0.75306
1.9093,0.75155
1.6756,0.78671
1.7938,0.77107
1.8446,0.76336
1.8959,0.75251
2.1622,0.72192
1.9526,0.74983
1.969,0.74381
2.0187,0.73648
1.7714,0.76834
2.0817,0.7287
2.1094,0.72839
2.2684,0.70815
2.0563,0.73008
1.5167,0.8048
1.8979,0.7516
1.4847,0.81034
1.5102,0.8032
1.7779,0.76948
2.0235,0.7384
2.1275,0.72653
1.7634,0.77184
1.8732,0.75326
1.6901,0.77637
1.8208,0.74949
1.9284,0.74489
1.7412,0.76594
2.0912,0.71782
2.0923,0.70719
1.6702,0.77774
1.8216,0.7514
2.2781,0.69864
2.0916,0.71468
2.1139,0.72147
1.9775,0.7293
2.1528,0.71404
1.8696,0.74954
2.0158,0.72743
1.9018,0.73916
1.7397,0.766
1.9196,0.7365
1.784,0.75953
1.7138,0.76632
1.9931,0.73526
1.7247,0.77342
1.8942,0.74189
1.7018,0.76382
2.5817,0.67157
1.7887,0.76294
1.9175,0.74438
1.8162,0.75699
2.2899,0.705
2.0901,0.7241
2.3318,0.69872
2.2999,0.70302
2.2042,0.71227
2.2098,0.71149
2.1717,0.71693
2.2308,0.70631
1.8845,0.74699
1.8174,0.75514
2.0141,0.72865
1.8973,0.74744
2.2497,0.70586
2.2336,0.70508
2.1271,0.71096
2.1925,0.7121
1.9472,0.74006
2.0574,0.72188
1.9691,0.73199
2.3947,0.6863
1.7895,0.75459
1.5972,0.78184
2.1819,0.71318
2.3909,0.68795
2.2523,0.69859
2.1311,0.71143
1.7276,0.76014
1.8791,0.74552
1.5896,0.78263
2.6136,0.65601
1.543,0.78669
1.6561,0.76966
3.3181,0.60326
3.3183,0.60309
2.5674,0.66757
2.5044,0.67317
2.2522,0.69823
2.2435,0.69829
2.9625,0.62612
2.4618,0.67572
2.4283,0.68161
2.3217,0.68993
2.4423,0.67694
3.0753,0.61697
2.2589,0.69381
2.3557,0.68247
1.9843,0.72441
1.6873,0.76844
2.6545,0.64717
2.5099,0.66989
3.0871,0.62105
2.1256,0.70675
2.0107,0.72025
2.0061,0.71928
1.8321,0.74224
2.0148,0.71434
2.8781,0.63604
2.9246,0.6333
2.4315,0.68035
2.4792,0.67448
2.8962,0.63297
2.7047,0.64832
4.1678,0.5409
3.4135,0.59336
2.8436,0.63725
3.0165,0.62114
2.5983,0.65912
3.2537,0.60291
3.5397,0.57865
2.8473,0.63189
2.6087,0.6486
2.6004,0.64813
2.3058,0.68158
2.3435,0.67726
2.3112,0.67935
2.8686,0.6221
2.735,0.63889
2.2451,0.69085
2.1783,0.69113
2.7305,0.64485
3.4599,0.58353
3.9236,0.5415
3.0266,0.60521
3.338,0.58797
2.0085,0.71234
4.4822,0.50707
3.5747,0.5636
3.59,0.56587
3.3402,0.58589
3.6996,0.55571
3.3218,0.59079
2.2363,0.69336
3.1429,0.60669
3.4929,0.57771
3.2114,0.59976
3.3405,0.59354
3.6317,0.56804
3.3083,0.59483
2.5531,0.66081
3.0991,0.60698
2.756,0.63726
2.675,0.64718
2.5122,0.66061
2.4292,0.66936
4.8851,0.49684
4.0929,0.53707
4.0161,0.53967
2.8059,0.62851
2.9608,0.61852
3.1681,0.59786
3.0908,0.60497
2.4609,0.66362
2.6406,0.64422
2.5897,0.64795
3.2356,0.59296
2.8857,0.62266
3.5531,0.57211
3.2291,0.59536
3.7653,0.55842
3.2039,0.59552
3.7934,0.55407
3.0111,0.61231
3.6983,0.55972
2.7635,0.63237
2.6946,0.63752
2.8624,0.62328
2.6093,0.64492
2.9089,0.61841
4.1592,0.52904
4.813,0.49256
3.6705,0.56076
3.8578,0.54797
4.1472,0.52946
4.0751,0.53674
4.7478,0.49533
4.548,0.50477
4.4637,0.5134
3.6207,0.56062
3.1482,0.597
2.7866,0.62984
4.1241,0.53012
4.5301,0.50644
4.8898,0.48728
3.1922,0.5947
2.8232,0.62268
3.318,0.58148
3.697,0.55473
3.0797,0.59829
3.7701,0.55056
3.3862,0.57718
3.2099,0.58959
3.3932,0.57651
4.5793,0.49986
3.4688,0.57176
3.8396,0.546
4.2025,0.52086
3.5941,0.56076
3.1785,0.59317
3.5645,0.56498
3.0681,0.60061
2.305,0.67086
2.8388,0.61861
2.884,0.61424
3.0289,0.59892
4.3304,0.50399
3.806,0.54069
3.2858,0.58077
3.5601,0.55795
3.3506,0.57708
2.9801,0.60707
2.7163,0.62831
3.812,0.54502
3.2763,0.58095
3.3184,0.57994
3.4593,0.56967
3.2066,0.58775
3.9872,0.53384
4.068,0.52881
3.2216,0.58761
3.0608,0.59722
3.8396,0.5415
3.3794,0.57303
3.5299,0.56273
2.535,0.64682
2.3832,0.66229
2.7287,0.62459
2.5549,0.64385
2.7762,0.62457
3.7562,0.548
3.9476,0.5359
5.1831,0.46982
3.9843,0.53372
4.1168,0.52396
4.2707,0.51492
4.2373,0.51573
3.7793,0.5465
4.0116,0.52903
4.0968,0.52284
3.8482,0.53983
3.7014,0.55025
4.7954,0.48674
4.8264,0.48344
4.1461,0.52147
3.9898,0.5298
4.1174,0.52241
3.3082,0.58152
3.4646,0.56794
3.8983,0.53678
3.4135,0.57108
4.6429,0.49521
4.5209,0.50133
4.6661,0.49051
3.9513,0.53257
3.686,0.55036
4.4545,0.50422
4.279,0.51189
3.7963,0.54029
4.3915,0.50525
4.075,0.52272
3.6361,0.55477
3.3611,0.57585
4.2057,0.51591
5.174,0.46524
2.7105,0.62356
3.6749,0.55164
3.9288,0.53388
4.7553,0.48576
4.3401,0.51031
3.902,0.53634
4.6847,0.48996
4.8786,0.48101
5.1829,0.46605
4.7335,0.48764
4.6903,0.48696
4.7815,0.48457
4.6703,0.4908
4.9295,0.47619
4.7744,0.48477
4.0212,0.52473
4.3222,0.50952
4.1689,0.51654
4.324,0.50776
3.6624,0.54899
3.6569,0.54866
4.1393,0.52102
4.717,0.48843
4.4275,0.50289
4.8517,0.48054
0.90895,0.85817
4.0771,0.521
4.1263,0.51742
4.8193,0.47835
3.8858,0.53155
0.94725,0.85023
4.5924,0.49023
4.2785,0.50856
4.6255,0.48911
4.5277,0.4954
4.3576,0.50402
4.3343,0.50319
4.785,0.47875
4.3792,0.49893
4.3947,0.49905
4.2134,0.51029
4.4305,0.49807
4.4511,0.49712
4.5464,0.49065
4.4363,0.49692
3.9462,0.52454
4.0675,0.5181
4.6074,0.48175
4.0731,0.51589
4.1969,0.51086
4.0721,0.51846
4.3659,0.49999
4.8156,0.4735
4.062,0.51691
4.7649,0.47662
4.4253,0.49493
4.4668,0.49295
4.3147,0.50146
4.0254,0.51735
4.5777,0.48714
4.2923,0.50495
3.9206,0.52583
4.3613,0.50024
4.4401,0.49768
4.393,0.49739
4.4929,0.4912
4.3777,0.49874
4.5349,0.48928
4.1633,0.51168
4.1802,0.5102
4.3532,0.49913
4.6607,0.48133
4.1831,0.50973
4.0966,0.51547
3.9248,0.52531
4.0205,0.52143
3.8143,0.53497
4.0963,0.51592
4.3138,0.50278
3.5949,0.5493
3.9121,0.51628
3.813,0.53342
3.421,0.55797
3.7731,0.53484
4.2461,0.50838
4.1621,0.51306
3.9144,0.52566
4.7111,0.48097
4.0864,0.51903
4.1066,0.51424
4.9197,0.47054
4.7928,0.47689
4.5634,0.4865
4.7835,0.47538
4.3932,0.49723
4.5747,0.48677
4.5219,0.4838
4.5096,0.48887
3.7469,0.53787
4.2467,0.50716
3.8102,0.53088
4.1746,0.50819
3.9327,0.52348
3.4075,0.55984
4.9489,0.46424
4.6679,0.481
4.4198,0.49583
4.3595,0.49931
3.7413,0.53495
4.8212,0.47395
4.457,0.49433
4.8623,0.47407
4.7185,0.4796
4.8199,0.47493
4.5982,0.48521
4.5778,0.48421
4.4652,0.49371
4.5605,0.48934
4.5709,0.48734
4.7269,0.48025
4.6351,0.48368
4.4976,0.49164
4.4515,0.49574
3.9805,0.52168
4.8065,0.47508
4.2558,0.49296
4.8829,0.47014
4.2633,0.50383
4.6158,0.48433
5.0158,0.46326
4.2492,0.50545
4.2403,0.50649
3.8596,0.53061
4.5216,0.49084
4.3627,0.49994
4.53,0.49059
4.5377,0.48813
4.7226,0.47666
4.8586,0.47221
4.4607,0.49265
4.6002,0.48642
4.3005,0.50265
4.1609,0.50906
4.5747,0.48554
4.722,0.47965
4.6419,0.48309
4.2282,0.50667
4.7515,0.47798
4.026,0.52086
4.0334,0.51749
4.3887,0.4967
4.3206,0.50351
4.0511,0.52001
3.4412,0.55951
4.0444,0.51824
4.3749,0.49671
4.2081,0.50658
4.7136,0.48004
4.57,0.4861
4.8893,0.46822
4.8087,0.47297
4.451,0.49562
4.487,0.49323
4.8382,0.47445
4.1752,0.50971
4.1465,0.51197
4.2361,0.50597
4.437,0.49306
4.2522,0.50391
4.2427,0.50402
4.2308,0.50597
4.2409,0.50288
4.534,0.48848
4.3427,0.49929
4.7878,0.47287
4.4269,0.49502
4.1174,0.51479
4.675,0.47954
4.2369,0.50345
4.2602,0.50293
4.4329,0.49589
4.1872,0.51131
3.6612,0.54272
3.6287,0.54404
3.619,0.54513
3.856,0.53115
4.429,0.49335
4.1137,0.51193
4.2308,0.5083
3.9335,0.52432
4.482,0.48978
4.3965,0.49652
4.5055,0.48952
4.2851,0.50162
4.1197,0.51068
4.7194,0.47745
4.4964,0.48864
4.0435,0.51276
4.2769,0.50292
4.1306,0.51066
4.0314,0.51661
4.2101,0.50472
4.244,0.50363
3.8127,0.52957
4.1118,0.51294
4.9759,0.4654
4.935,0.46719
4.1247,0.50866
4.5116,0.4879
4.3506,0.4981
4.6929,0.47628
4.7415,0.47495
4.5794,0.48665
4.6815,0.4794
4.4662,0.48843
3.9825,0.51609
4.581,0.47323
4.5114,0.4868
4.5877,0.48237
4.3173,0.4996
4.4342,0.49313
4.6734,0.47835
4.6192,0.48135
4.5585,0.48646
4.2219,0.50343
4.0183,0.51429
4.3688,0.49247
4.2951,0.49612
4.4064,0.49221
4.4431,0.48764
2.7694,0.60019
4.8333,0.46657
4.4798,0.48602
4.1965,0.50073
4.6008,0.47941
4.4668,0.48878
4.5909,0.48232
4.1606,0.50923
2.74,0.60708
4.5699,0.48601
4.2485,0.50344
4.6679,0.47987
4.3651,0.49489
4.2703,0.50044
4.7102,0.47517
4.5451,0.48423
4.1887,0.50413
4.0436,0.51491
4.1252,0.50693
3.8905,0.52183
4.0493,0.51355
3.7307,0.53354
4.5031,0.48664
4.5624,0.48633
4.7495,0.47614
4.5335,0.48653
4.244,0.50192
4.3072,0.49933
4.3524,0.49876
4.4061,0.49439
4.3064,0.49817
4.1854,0.50475
4.1754,0.50848
4.3957,0.49384
4.33,0.49692
4.5945,0.48251
4.9146,0.46263
4.406,0.49235
4.5352,0.48385
4.1118,0.50943
4.3063,0.49655
4.338,0.49619
3.6779,0.5362
4.4634,0.48776
3.8292,0.52696
3.6296,0.54019
4.174,0.5057
4.7923,0.47296
4.5523,0.48449
4.6948,0.4783
4.698,0.47686
4.563,0.48549
4.8024,0.47286
4.6488,0.48063
4.4096,0.49086
3.9226,0.51895
4.0823,0.51181
4.36,0.4976
4.2727,0.50025
4.154,0.50614
4.2571,0.50172
4.242,0.50176
4.1609,0.5065
4.3236,0.4997
4.1076,0.51066
3.8138,0.52716
3.8528,0.5264
4.0181,0.5155
5.0533,0.43456
4.1488,0.50554
4.2578,0.49916
4.5463,0.48373
4.507,0.48637
4.4978,0.48587
4.6991,0.47523
4.4694,0.48571
4.3058,0.49681
4.2329,0.50014
4.4963,0.48523
4.4077,0.48902
4.8828,0.46656
4.6704,0.47871
4.0471,0.51003
4.4205,0.49175
4.3928,0.49243
4.0375,0.51195
4.2231,0.50205
4.2103,0.50527
4.4057,0.49304
4.1648,0.50553
4.1961,0.50478
3.85,0.52573
3.9918,0.51718
4.147,0.50646
3.4433,0.55291
4.3322,0.49648
4.3465,0.49437
4.4181,0.49015
4.1914,0.50327
4.4546,0.48846
4.3678,0.49299
4.0339,0.51301
4.1659,0.5054
4.3135,0.49625
4.2635,0.49904
4.4121,0.49244
3.9318,0.52078
4.4823,0.48891
4.3564,0.49568
4.4223,0.49322
4.3792,0.49364
3.7415,0.53312
3.9153,0.52125
4.1086,0.50835
3.8261,0.52432
4.3219,0.49697
4.3199,0.49627
4.5673,0.48127
4.3308,0.49411
4.3711,0.49186
4.3795,0.49014
4.6839,0.47709
4.628,0.4806
4.6802,0.4772
4.5224,0.48558
4.2215,0.50182
4.7332,0.47482
4.7713,0.4722
3.0519,0.57855
4.2542,0.5001
4.3507,0.49473
4.2403,0.50024
4.1562,0.50536
3.8031,0.52743
3.9306,0.52196
4.109,0.5101
4.0633,0.51143
4.1609,0.50561
4.3786,0.49317
4.2844,0.49749
3.8031,0.52597
3.914,0.51951
3.7321,0.53113
4.4235,0.4883
4.4061,0.49145
3.9532,0.51694
4.0587,0.51004
4.1398,0.50475
3.6821,0.53524
3.8255,0.52538
3.9161,0.51907
4.304,0.49786
3.8302,0.52448
3.6274,0.538
4.4176,0.48976
4.4204,0.48839
4.4335,0.49016
4.2348,0.5005
4.5344,0.48242
4.5247,0.48315
3.9134,0.51882
4.3296,0.49489
4.3183,0.49429
4.1658,0.50398
4.445,0.48799
4.0396,0.50974
4.1712,0.50279
4.0134,0.51512
4.2306,0.5009
4.2959,0.49638
4.3499,0.49302
3.8075,0.52584
4.4451,0.48827
4.0466,0.51034
4.0266,0.51269
4.0673,0.50857
3.7829,0.53024
4.0605,0.5124
4.1581,0.50555
4.2298,0.49821
4.2262,0.50033
4.289,0.49686
3.9383,0.51797
4.3422,0.49617
4.0431,0.51402
3.9881,0.51468
4.1352,0.50573
3.9554,0.51678
3.842,0.52259
3.8669,0.52214
3.7604,0.52586
4.3546,0.49237
4.0816,0.50849
4.136,0.50695
4.1875,0.50157
4.4253,0.49032
4.2082,0.50069
4.4549,0.48695
3.8292,0.52375
3.7487,0.52891
4.2259,0.50129
4.2956,0.49566
3.8027,0.52624
4.5184,0.48517
3.9942,0.51532
4.2948,0.49433
4.6125,0.4755
4.7361,0.47038
4.6712,0.47353
4.3829,0.4918
4.5563,0.48121
3.7122,0.52807
3.9853,0.51251
4.5259,0.48269
4.1187,0.50595
4.6326,0.4773
3.8728,0.5229
4.2029,0.50219
4.4974,0.48589
4.6552,0.47737
4.6582,0.47675
4.215,0.50076
4.4349,0.48856
4.589,0.47932
4.1978,0.50122
4.0922,0.50779
4.1389,0.50336
4.293,0.49495
3.9546,0.51667
4.6355,0.47835
3.9209,0.51848
4.1344,0.50495
4.4448,0.48785
4.3671,0.49416
4.0808,0.50943
4.6981,0.47676
4.12,0.50862
3.6882,0.53581
4.2775,0.49295
4.049,0.51158
3.8888,0.52222
3.9581,0.51573
4.2379,0.49792
3.812,0.52542
3.7696,0.52814
3.8953,0.5209
4.442,0.48651
4.0748,0.5107
3.2271,0.567
3.9021,0.51826
4.2407,0.49746
3.137,0.57235
3.8137,0.52483
3.6511,0.53162
3.9797,0.51291
3.7426,0.52932
3.809,0.52579
3.8723,0.51903
4.0832,0.5081
4.1753,0.50205
4.5765,0.47955
3.7677,0.5251
4.4903,0.48342
4.6141,0.47984
4.3098,0.49715
4.4519,0.48669
4.1284,0.50715
3.7148,0.53577
4.1142,0.50904
4.0883,0.50702
3.8773,0.52002
4.3051,0.49706
4.232,0.50321
4.1387,0.50289
4.5754,0.47916
4.1405,0.50278
3.9278,0.51385
3.7784,0.52398
3.7915,0.52215
3.9067,0.5171
3.8415,0.52323
4.0935,0.48965
5.5997,0.39312
4.0833,0.50821
3.2088,0.56452
3.2907,0.55957
3.4178,0.5508
2.9857,0.58097
3.9866,0.5068
3.0673,0.57879
4.2481,0.49488
4.2505,0.49334
4.0496,0.50903
3.7476,0.52882
4.4453,0.48633
3.4096,0.55222
3.7632,0.52558
3.9638,0.51291
3.6678,0.53236
3.9463,0.5165
4.2007,0.49838
3.9754,0.51152
3.8914,0.51895
3.5598,0.54207
3.3098,0.55666
3.6214,0.53533
3.6633,0.53215
3.3593,0.55369
3.4109,0.55047
3.8207,0.5233
3.3668,0.5533
3.4037,0.55255
4.4556,0.46182
3.9155,0.51709
3.9683,0.51482
3.8454,0.52058
4.1386,0.50138
3.9576,0.51407
5.0251,0.42453
3.8844,0.51419
4.2509,0.49244
4.0303,0.50624
4.0274,0.50682
3.8194,0.51815
3.3708,0.54649
3.3079,0.55495
4.0589,0.50485
3.5146,0.54131
3.8026,0.52313
3.3916,0.54896
3.2043,0.56689
3.3797,0.55299
3.6773,0.53073
3.1629,0.56555
3.1874,0.56393
3.3505,0.5513
3.7672,0.52374
3.6764,0.52649
3.0545,0.57473
4.0259,0.50684
3.2894,0.55488
3.4188,0.54584
3.5901,0.53568
3.2663,0.55743
3.9172,0.5131
3.669,0.52798
3.9772,0.49858
4.218,0.49589
4.1459,0.49773
3.6389,0.52948
3.7758,0.52393
4.3445,0.48906
4.1369,0.49995
4.0246,0.50732
4.1337,0.49968
3.7989,0.52065
3.8176,0.51861
4.0281,0.5045
3.9211,0.51103
4.2125,0.49603
4.1092,0.50276
4.3373,0.48773
3.1638,0.56458
3.5813,0.53611
3.6341,0.53348
3.5337,0.54047
3.8878,0.51684
3.4068,0.5494
3.8213,0.52321
4.1543,0.50106
3.7017,0.52756
3.625,0.53442
4.007,0.51157
4.1334,0.50425
3.201,0.56376
3.3753,0.55114
3.3575,0.55197
3.3714,0.55378
3.6705,0.5336
3.742,0.52596
3.7881,0.52334
3.6204,0.53408
3.769,0.52486
3.8187,0.52184
3.8635,0.51289
3.3748,0.55441
3.1741,0.57042
3.2582,0.56091
3.9272,0.51215
3.286,0.55689
3.7128,0.52727
3.7496,0.52247
3.5682,0.53512
3.9248,0.51261
3.6218,0.53588
3.9695,0.51324
4.3494,0.49096
4.2887,0.4928
4.2043,0.49979
3.5899,0.53779
4.2386,0.49619
3.759,0.52815
3.6268,0.53557
3.6454,0.52982
4.2121,0.49496
3.5712,0.53532
3.9205,0.51241
3.8867,0.51467
3.5344,0.53913
3.2192,0.56312
3.3537,0.55224
3.2231,0.56281
3.5892,0.53655
3.168,0.56797
3.1035,0.57276
3.2025,0.56523
3.0467,0.57568
3.3235,0.55194
2.9136,0.58521
2.9829,0.581
3.606,0.53142
3.3135,0.55342
3.1919,0.56376
3.9126,0.51063
3.5491,0.53523
3.3074,0.55353
4.0596,0.50516
4.1993,0.49704
3.7379,0.52699
3.8519,0.51819
4.1885,0.49816
4.1385,0.50069
3.6252,0.53652
4.079,0.50632
3.8798,0.51589
3.7021,0.52933
3.5616,0.53727
4.2406,0.49243
3.5707,0.53487
4.8585,0.44469
3.7455,0.52605
3.4407,0.54755
3.9965,0.51044
3.2914,0.55788
3.3252,0.55551
3.5033,0.53654
3.4908,0.54103
3.2625,0.55678
2.9497,0.58357
2.9888,0.58006
3.1662,0.56368
3.4335,0.54447
3.5051,0.53751
3.1874,0.5619
3.8391,0.51667
4.5222,0.47827
3.0868,0.57517
3.3813,0.55391
3.1976,0.56399
3.8332,0.52077
3.4194,0.54878
3.4282,0.54682
3.8183,0.5194
3.3269,0.55378
3.1409,0.56724
3.2732,0.55567
3.2741,0.55926
4.458,0.4856
4.461,0.48532
4.1741,0.4998
4.2774,0.49341
4.1405,0.50116
4.8092,0.46482
4.7343,0.46885
3.7352,0.52786
4.0704,0.50755
3.2878,0.55869
3.7514,0.52388
4.3856,0.48697
3.2728,0.55733
3.8017,0.52031
3.3676,0.54897
3.6802,0.52754
3.5526,0.53695
3.1485,0.56611
3.359,0.55021
3.2672,0.55499
3.6028,0.53474
3.3317,0.55103
3.6136,0.53135
3.2777,0.55612
3.8546,0.51553
4.1962,0.49446
4.1036,0.5005
3.7625,0.52415
3.6017,0.53511
3.7675,0.52213
3.2275,0.5602
3.6568,0.52882
3.6113,0.53356
3.8596,0.51449
3.599,0.53267
3.8626,0.51499
3.9018,0.51179
3.8029,0.51526
4.0935,0.49843
3.3281,0.55285
3.7909,0.52339
3.9188,0.51189
3.911,0.51516
3.6145,0.53205
3.6062,0.53269
3.6014,0.53499
3.2088,0.56202
3.6932,0.52455
4.1218,0.49973
3.1688,0.56485
3.7214,0.5265
4.6216,0.4623
4.7546,0.45336
4.2742,0.48906
3.9921,0.50663
3.9792,0.50788
3.9467,0.5105
3.8612,0.51375
4.4232,0.48343
4.2028,0.49572
3.838,0.51904
3.5909,0.53787
3.0883,0.57431
3.5945,0.53902
3.5646,0.53879
3.4656,0.54483
2.8386,0.59387
3.0159,0.57719
3.0484,0.57569
3.2633,0.55897
3.7057,0.52688
3.7608,0.52001
3.491,0.54187
3.4447,0.54461
3.5289,0.53642
3.6912,0.52686
3.179,0.56631
3.5792,0.53624
3.4841,0.54141
3.439,0.54405
3.9958,0.50638
4.3342,0.48849
3.9279,0.51185
3.4731,0.54272
3.8622,0.52004
3.5468,0.53743
3.9037,0.51262
3.7007,0.52868
3.6032,0.53753
3.3759,0.55139
3.5659,0.53739
3.967,0.51184
3.5152,0.54086
3.6991,0.5268
3.6702,0.52949
3.676,0.52557
4.1075,0.50036
3.9596,0.509
3.9764,0.50827
3.735,0.52367
4.1353,0.4994
4.3752,0.48654
3.4353,0.54737
3.5312,0.54147
3.1374,0.56799
3.2011,0.56371
4.0521,0.50444
3.4282,0.54876
3.4448,0.54406
4.2107,0.49329
4.2196,0.49103
3.9552,0.50842
4.0429,0.50265
4.0899,0.50068
4.05,0.50149
4.3172,0.48846
4.2791,0.49047
4.3772,0.48392
3.6747,0.5271
4.307,0.49241
4.2335,0.49638
3.8804,0.51366
4.4787,0.47322
4.043,0.50498
4.2171,0.49657
4.2021,0.49671
3.816,0.5198
4.4259,0.48222
3.6275,0.53044
3.846,0.51767
3.9309,0.51078
3.9988,0.5058
4.0974,0.50066
3.9482,0.50836
4.3421,0.4854
3.4806,0.53984
3.9614,0.50931
3.3507,0.55365
3.5316,0.54076
3.8914,0.51371
3.3057,0.55477
3.1937,0.56285
3.2499,0.55786
2.7502,0.5983
4.1203,0.49802
0.75804,0.8799
0.62253,0.92698
3.9048,0.51532
3.9765,0.50865
3.9657,0.50877
4.0614,0.50461
3.5479,0.54044
3.6514,0.52954
3.7544,0.52479
4.1404,0.49881
3.5673,0.53519
3.9744,0.51123
4.1127,0.50095
4.1929,0.49481
4.2726,0.49079
3.8168,0.51862
4.1974,0.49581
3.824,0.51817
3.4436,0.54443
3.6753,0.52778
3.1439,0.56774
3.9632,0.51052
3.3793,0.54744
3.645,0.53098
4.1803,0.49613
4.702,0.46576
3.7704,0.52086
3.6697,0.52911
3.7269,0.52235
3.1615,0.56787
3.1461,0.56673
3.4032,0.54695
3.0902,0.57089
3.4363,0.54288
3.8242,0.52006
2.8966,0.5884
3.5311,0.53892
3.4564,0.5424
3.3855,0.54981
3.2137,0.56162
3.1594,0.56545
3.7656,0.52176
3.719,0.52441
3.5697,0.5314
3.7659,0.52169
3.3422,0.5493
3.669,0.52557
3.6614,0.52709
3.3691,0.54628
3.4638,0.53991
2.9981,0.57782
3.1569,0.56253
3.5309,0.53833
3.4222,0.54459
3.6772,0.52804
4.027,0.50538
4.06,0.50319
3.4782,0.54357
3.3196,0.55344
3.439,0.5446
3.4614,0.54076
3.9001,0.51186
3.774,0.52322
4.1961,0.49695
4.1567,0.49858
3.7884,0.52045
3.8597,0.51693
3.7915,0.52052
3.7889,0.51973
2.5442,0.61421
3.7588,0.52382
3.908,0.51695
3.464,0.54581
3.6069,0.53337
3.7022,0.52701
3.9954,0.50847
3.9798,0.51036
3.5646,0.53732
3.7976,0.52012
3.6777,0.5279
4.1714,0.49988
4.2514,0.49509
4.3055,0.49005
4.1353,0.50136
4.1434,0.502
4.1531,0.50069
3.9598,0.51032
4.0033,0.50837
4.0106,0.50693
4.5208,0.45531
3.855,0.51968
3.8487,0.51919
4.425,0.48387
4.1943,0.49687
3.7832,0.52032
4.2915,0.49183
3.9747,0.50902
3.8389,0.51164
3.902,0.51664
4.4719,0.48026
3.7285,0.5259
3.5878,0.5379
4.3074,0.49443
3.8247,0.52311
4.0367,0.50788
3.7624,0.52254
3.8168,0.51988
4.0341,0.50634
4.2633,0.49422
4.1131,0.50316
4.0616,0.50618
4.0273,0.50555
4.009,0.50988
4.4577,0.48504
4.4489,0.48693
4.258,0.49584
4.4734,0.48324
4.32,0.49199
4.3854,0.48856
4.03,0.50982
4.2458,0.49859
4.1292,0.50377
4.2414,0.49803
3.6688,0.53362
3.9205,0.51655
3.6723,0.53363
3.7078,0.52804
3.8765,0.51907
3.4786,0.5435
3.6058,0.53648
3.7748,0.52491
3.4939,0.54167
3.5944,0.53531
3.4721,0.54641
4.4409,0.48795
3.9407,0.51744
4.1224,0.50465
3.9085,0.51788
3.6999,0.53275
3.6504,0.53307
3.7791,0.52538
3.7638,0.52523
3.95,0.51324
3.7858,0.52418
3.914,0.51498
3.5256,0.54215
3.6223,0.53629
3.9458,0.51299
4.1727,0.50056
3.8673,0.52229
3.3701,0.55714
3.5255,0.54664
4.2638,0.49749
4.2009,0.5008
4.1462,0.50765
3.9517,0.51941
4.3044,0.48906
3.9261,0.51423
4.0935,0.50946
3.9642,0.51368
4.2922,0.4965
4.1202,0.50703
3.5155,0.54476
3.6149,0.53623
4.1015,0.50718
4.2494,0.4996
4.4396,0.48728
4.2275,0.50069
3.9237,0.51963
3.9344,0.51633
4.4615,0.48448
3.9622,0.51403
4.1655,0.49985
4.284,0.49664
3.8921,0.51742
3.8194,0.5233
4.2152,0.50231
4.0503,0.50947
4.3983,0.47985
3.8874,0.52109
4.6139,0.47975
4.2944,0.4972
3.8904,0.52138
3.6391,0.54011
3.6587,0.53959
3.6668,0.53771
4.3739,0.49232
3.9105,0.52146
3.5754,0.54134
3.9871,0.51542
3.8993,0.52228
3.7488,0.52806
3.6314,0.53596
3.4776,0.54588
2.9644,0.5893
4.039,0.51459
3.8629,0.52599
3.7681,0.53265
3.5922,0.54407
3.8233,0.52524
4.2775,0.49733
4.3028,0.49984
3.6382,0.53822
4.5865,0.48341
4.1788,0.50591
4.5618,0.4869
4.6396,0.48125
4.1348,0.51276
4.4197,0.49589
4.6707,0.47965
4.6422,0.48039
4.7494,0.47393
4.821,0.46997
4.4253,0.49082
4.7093,0.47509
4.4509,0.49021
3.9945,0.51666
4.6988,0.47712
4.1171,0.50773
3.9506,0.52086
4.3463,0.49746
4.1841,0.50877
4.2854,0.50011
4.3539,0.49669
4.4636,0.49384
4.521,0.49165
4.3171,0.50002
4.2458,0.50587
4.6489,0.48214
4.32,0.5002
4.2445,0.50307
4.2646,0.50483
4.026,0.51647
4.1807,0.50801
4.3452,0.4918
4.5626,0.47466
4.3271,0.50209
4.0483,0.51511
4.0333,0.51892
4.4714,0.49462
4.5566,0.48853
4.583,0.48659
4.446,0.49223
4.637,0.48624
4.3736,0.49786
4.452,0.49629
3.8186,0.5317
4.5355,0.48656
3.5931,0.54795
3.7249,0.53473
3.7629,0.53471
4.2934,0.49411
5.1775,0.4415
4.3813,0.49837
4.0041,0.52337
4.2526,0.50471
3.9729,0.52181
3.9573,0.52295
4.089,0.5139
4.0558,0.51576
3.9312,0.52348
4.1225,0.51093
4.1284,0.51223
4.6882,0.48463
4.5139,0.49056
4.5957,0.48505
4.2932,0.50533
4.3857,0.49812
4.0508,0.51743
4.608,0.48671
4.3452,0.5014
3.9433,0.52644
4.3736,0.49759
4.3824,0.49776
4.0205,0.51901
3.9723,0.52106
4.0192,0.51786
4.0412,0.5196
3.36,0.56563
3.8883,0.52628
3.9877,0.52136
3.7806,0.53827
3.8083,0.53608
3.9183,0.52617
3.898,0.52492
4.2328,0.50805
3.4844,0.55701
3.9113,0.52446
4.2095,0.50711
4.2986,0.50388
4.0154,0.52369
3.8843,0.52993
4.2691,0.5085
3.7467,0.53964
4.5639,0.49332
4.1751,0.51592
4.3005,0.50589
3.7331,0.53957
4.4847,0.49542
4.5275,0.49816
4.6768,0.48659
4.6537,0.48556
4.7212,0.48555
3.9721,0.5218
4.4519,0.49836
3.758,0.54158
3.461,0.5604
4.599,0.49014
4.3969,0.4986
3.9919,0.52166
4.0815,0.5182
4.5537,0.48706
4.9486,0.47596
4.4984,0.49938
4.7595,0.48302
4.7424,0.48666
5.093,0.46793
4.9045,0.47362
4.898,0.47686
4.8274,0.47915
4.2491,0.51171
4.7311,0.4799
4.8985,0.47644
4.1448,0.51933
4.0479,0.52635
4.415,0.5063
4.2217,0.51339
3.9178,0.53376
4.1577,0.51981
5.0388,0.4527
4.0667,0.52476
4.1194,0.52218
4.0784,0.52429
3.9374,0.53314
4.4507,0.49916
4.5619,0.49632
4.5397,0.49521
4.7688,0.48192
4.6586,0.48901
5.3671,0.43743
5.3875,0.43499
4.564,0.49237
4.639,0.49185
4.4857,0.50294
4.7023,0.48779
5.0235,0.46181
4.5656,0.49461
4.6946,0.49254
4.6504,0.49307
4.2397,0.51666
4.5232,0.50045
4.6573,0.49266
4.6539,0.49259
4.5169,0.50027
4.6047,0.49418
4.8185,0.48397
4.3812,0.50904
4.1311,0.52369
4.1577,0.52208
4.4511,0.50582
4.5052,0.50058
4.4091,0.50469
4.6326,0.49289
4.5643,0.49828
4.2561,0.51637
4.4879,0.50349
4.0196,0.53003
4.3168,0.51498
4.372,0.51034
4.5324,0.49818
4.5502,0.49971
4.0092,0.53338
4.111,0.52549
4.3659,0.51184
4.3488,0.51314
4.2488,0.51903
4.4721,0.50466
4.3834,0.51145
4.345,0.51326
4.4359,0.50452
4.4676,0.50293
4.4684,0.50453
4.7196,0.49108
4.3775,0.50974
4.2796,0.51439
4.2827,0.51514
4.4397,0.50788
4.4551,0.5056
4.3022,0.51675
4.3691,0.51238
4.2186,0.52268
3.7769,0.54992
4.44,0.51036
4.5254,0.5033
4.4665,0.50585
4.3878,0.51124
4.3901,0.51299
4.3884,0.51097
4.4387,0.50732
4.1276,0.52465
4.3366,0.51432
4.4189,0.50855
4.308,0.51603
4.448,0.51058
4.3261,0.51455
4.4306,0.50968
4.1646,0.52686
4.6218,0.50034
4.7382,0.49426
4.9219,0.48436
4.7418,0.49387
4.7608,0.49278
4.4943,0.50752
4.974,0.48258
4.8778,0.48817
4.821,0.49269
4.8479,0.49031
4.691,0.49852
4.5069,0.50911
4.1963,0.52502
4.546,0.50117
4.7205,0.49688
4.3113,0.51997
4.3033,0.51945
4.4475,0.51126
4.5491,0.50491
4.4546,0.5103
4.744,0.49621
4.3888,0.51591
4.698,0.49802
4.633,0.50056
4.8078,0.48929
4.9238,0.48592
4.7589,0.49538
4.7393,0.49667
4.5861,0.50396
4.6113,0.50403
4.3525,0.51702
4.534,0.50633
4.4924,0.51046
4.652,0.50204
4.717,0.49921
4.5694,0.5054
4.528,0.50849
4.7912,0.4961
4.9432,0.48407
5.0684,0.4768
4.9584,0.48433
5.0217,0.48256
4.5288,0.50711
4.7082,0.49785
4.6844,0.50054
4.6983,0.50029
4.7444,0.49779
4.6813,0.50041
4.1226,0.53323
4.5077,0.51144
4.3375,0.52012
4.4605,0.51251
4.0535,0.53863
4.5527,0.5103
3.9402,0.54466
4.243,0.52737
4.067,0.53769
4.1314,0.53291
4.3655,0.51893
4.3292,0.52185
4.2895,0.52476
4.7219,0.50113
4.9023,0.49197
4.7407,0.50007
4.7266,0.50107
4.7578,0.49981
5.0302,0.4852
5.123,0.47968
4.8848,0.49322
5.0231,0.48569
5.0922,0.4826
5.0361,0.48487
4.7146,0.50236
4.3595,0.52035
4.4522,0.51673
4.5227,0.51285
4.5138,0.51485
4.2683,0.52801
4.4639,0.51653
4.5116,0.51388
4.1663,0.53473
4.5405,0.51233
4.3252,0.52444
4.5198,0.51273
4.0511,0.53909
4.2396,0.5276
3.7859,0.55574
4.0103,0.54133
3.7701,0.5574
4.2538,0.52543
4.8347,0.49504
5.0064,0.48054
4.6635,0.50672
5.182,0.47553
4.3779,0.52196
4.283,0.52787
4.9417,0.49165
4.9321,0.49329
4.961,0.49155
4.8426,0.49901
4.9051,0.4947
4.7296,0.49459
5.2377,0.47707
4.0316,0.54289
4.8115,0.49919
4.8052,0.49952
4.9704,0.49074
4.9321,0.49243
3.469,0.57815
3.789,0.55759
4.0219,0.54091
4.5554,0.51281
4.6835,0.50547
4.8334,0.49806
4.8668,0.49635
5.0506,0.48746
4.6673,0.50772
4.9132,0.49421
4.8421,0.49751
4.9162,0.49617
4.7799,0.50167
4.9972,0.4901
5.0128,0.48841
5.1477,0.48252
5.1465,0.48382
4.7664,0.50229
5.1517,0.48317
4.9609,0.49274
5.0939,0.48624
5.0514,0.48741
5.0959,0.48491
5.0251,0.48959
4.1382,0.53708
4.5852,0.51246
4.8336,0.49913
4.9549,0.49181
4.9459,0.49334
4.628,0.51046
4.0992,0.54091
4.9756,0.49215
4.681,0.50782
4.8961,0.49642
4.7816,0.50163
4.9655,0.49357
4.8543,0.4982
4.0183,0.54605
4.5933,0.51226
4.7645,0.50358
4.4668,0.51802
4.8676,0.49789
4.6654,0.50865
4.6038,0.5113
4.7339,0.50621
4.8521,0.50004
4.988,0.48996
4.6732,0.50868
4.4395,0.52191
4.4897,0.51894
4.5001,0.51862
4.7061,0.50553
4.9452,0.49428
4.436,0.52157
4.9185,0.49519
4.7687,0.50203
4.5564,0.51526
5.101,0.48665
4.8778,0.49793
4.98,0.49175
5.0508,0.4883
4.7409,0.50514
4.7206,0.50603
5.0563,0.48912
5.0137,0.48959
4.947,0.49394
4.8761,0.49935
4.7578,0.50562
4.9654,0.49422
4.7813,0.50261
4.7475,0.50657
5.0402,0.49006
5.1195,0.48441
5.1572,0.48428
4.8008,0.50114
4.2448,0.5333
4.9357,0.4954
4.8628,0.50018
5.0272,0.4911
4.2496,0.5343
4.825,0.50075
4.8752,0.49983
4.6557,0.5106
4.295,0.53095
4.202,0.53595
4.1658,0.53757
4.2369,0.53538
4.3478,0.5291
4.6925,0.50836
4.4163,0.52325
4.9335,0.49585
4.6521,0.50942
4.4125,0.52332
4.7163,0.50844
5.0043,0.49335
4.7308,0.50547
4.9881,0.49383
4.9329,0.49705
4.9515,0.4955
5.5121,0.46001
5.0876,0.48988
4.9628,0.49395
5.1006,0.48883
5.0307,0.48646
5.044,0.48974
5.0621,0.48809
4.9224,0.49811
5.0716,0.48695
4.8284,0.50047
4.923,0.49674
4.4726,0.52001
4.328,0.52798
4.6623,0.50982
4.5183,0.51792
4.4727,0.51946
4.5572,0.51609
4.6759,0.50925
4.8511,0.50053
4.9797,0.49415
5.1118,0.48791
5.0982,0.48845
4.3462,0.52672
5.0845,0.48913
5.1084,0.48937
4.6924,0.50865
5.1481,0.48362
4.9703,0.48959
4.9123,0.49689
4.6214,0.51277
4.9059,0.49744
4.5129,0.51797
4.7791,0.5047
4.2088,0.53674
3.9302,0.55179
4.7966,0.5055
4.4083,0.52475
5.1437,0.48803
4.3529,0.52659
5.0053,0.49223
5.1267,0.4868
4.5851,0.51499
5.2358,0.47991
4.9339,0.49313
4.5679,0.51495
4.2694,0.53188
4.5736,0.5157
4.2572,0.53296
4.5962,0.51273
4.3152,0.52882
4.5118,0.51785
4.3055,0.53182
4.7119,0.50979
5.1887,0.48423
4.9643,0.49653
4.9433,0.4976
4.6863,0.51305
5.0681,0.49309
4.5902,0.51596
4.8309,0.50398
4.8085,0.50441
4.9191,0.49951
5.1479,0.48828
5.0516,0.49143
4.8285,0.50237
5.3412,0.47775
4.9012,0.49967
4.8737,0.50208
4.6859,0.51042
3.6898,0.57092
4.5573,0.51766
5.136,0.48816
4.3993,0.5247
4.4065,0.52578
4.7438,0.50786
4.7971,0.50253
4.6724,0.51247
4.3063,0.5288
4.7783,0.5026
5.1813,0.48455
5.025,0.49241
4.5849,0.51779
4.4444,0.52402
4.5005,0.52246
4.5966,0.51582
4.8751,0.50152
4.7386,0.50731
4.6378,0.51238
4.603,0.51589
4.5683,0.5162
4.7396,0.50755
4.6365,0.51269
4.7727,0.50549
4.5738,0.51852
4.1909,0.53903
5.0926,0.49152
3.914,0.55704
4.436,0.52747
5.0065,0.49705
5.1642,0.48351
4.6779,0.50884
4.7326,0.50976
4.9678,0.49874
4.8005,0.50683
4.802,0.50517
5.1761,0.48838
4.934,0.4998
5.035,0.49417
5.0092,0.49635
5.2266,0.48551
5.4059,0.47568
4.8854,0.50156
4.9938,0.4957
5.427,0.47362
5.1376,0.48557
5.1043,0.4905
4.6736,0.51362
4.786,0.50676
4.585,0.51763
4.7552,0.50849
5.2795,0.48324
5.1687,0.48847
5.0911,0.49058
4.9064,0.5025
4.521,0.52152
5.0911,0.49247
4.8574,0.50453
5.1623,0.4888
5.2102,0.48581
5.5278,0.45897
5.2775,0.48269
5.0112,0.49536
4.8054,0.50621
4.9524,0.49847
5.2903,0.47132
3.4581,0.58415
4.741,0.51144
4.9431,0.50165
5.1023,0.49064
3.1691,0.60625
5.0897,0.49206
5.1657,0.48623
4.7555,0.5096
4.9961,0.49421
5.1841,0.48373
5.3928,0.47375
4.8211,0.50807
4.7553,0.51018
5.1228,0.49067
5.6419,0.45571
5.3161,0.47689
4.7748,0.50066
5.4405,0.4686
5.2023,0.48608
4.9858,0.49897
4.8227,0.50727
4.3007,0.53466
4.6371,0.5172
4.7056,0.51257
4.603,0.51935
4.9003,0.50253
4.0636,0.54867
4.6949,0.51338
5.0518,0.49292
4.8651,0.504
4.727,0.51111
4.8164,0.50694
5.0311,0.49684
4.791,0.50837
4.3714,0.52931
5.0346,0.49562
5.3246,0.4814
5.3767,0.48001
5.1338,0.49121
5.149,0.49058
5.0446,0.49625
5.4656,0.46925
4.2192,0.53987
4.3287,0.5306
4.715,0.5074
4.7425,0.50678
4.2922,0.53528
4.4884,0.52434
4.6831,0.51403
4.4072,0.51879
4.5618,0.51439
4.86,0.49169
4.8174,0.50165
4.797,0.50815
4.7185,0.51188
4.4722,0.52599
4.8561,0.50645
5.3498,0.47967
5.3462,0.47833
5.1969,0.48759
5.0581,0.49525
5.1414,0.49061
4.7545,0.51026
4.863,0.50486
4.3042,0.53608
5.1069,0.49131
4.7613,0.50974
4.6457,0.51801
4.8054,0.50574
4.3996,0.52886
4.7681,0.50883
4.9346,0.49972
4.7943,0.50595
5.2305,0.48267
4.7935,0.50521
4.9787,0.49983
5.1483,0.48956
5.1124,0.49108
