35.528,0.48533
35.472,0.48221
35.019,0.49264
34.155,0.49825
34.502,0.49015
33.321,0.51136
38.155,0.45635
36.653,0.46979
35.443,0.49021
37.266,0.4594
35.564,0.48649
35.704,0.48431
35.961,0.4801
36.282,0.47558
35.969,0.4808
36.689,0.47065
36.875,0.46609
36.953,0.46514
36.749,0.46294
36.583,0.46491
36.484,0.46543
36.527,0.46809
36.212,0.4701
36.679,0.46424
36.883,0.45966
36.65,0.46656
36.464,0.467
36.932,0.4604
36.18,0.47128
36.53,0.46768
36.733,0.46525
33.003,0.51966
34.068,0.50156
33.724,0.50637
33.669,0.50606
34.286,0.49237
38.053,0.45699
38.399,0.45257
35.74,0.4759
37.963,0.45679
34.938,0.49387
37.69,0.45681
36.999,0.46595
36.037,0.4806
37.193,0.46562
36.304,0.47653
36.897,0.46896
39.934,0.43137
34.541,0.48635
34.409,0.49805
33.445,0.50901
33.102,0.51394
36.653,0.46729
36.568,0.47059
33.095,0.51678
36.587,0.46733
35.019,0.4905
32.695,0.51906
35.945,0.47612
32.154,0.52536
35.382,0.48426
34.778,0.49074
34.417,0.49636
34.119,0.49945
34.064,0.49992
36.398,0.46867
36.301,0.47105
35.328,0.4828
34.16,0.48919
29.213,0.55804
33.688,0.49623
33.421,0.49929
33.62,0.49789
33.408,0.49588
32.165,0.51376
32.16,0.51331
32.186,0.5095
34.996,0.47216
34.464,0.47849
33.928,0.48601
31.315,0.51767
33.175,0.49198
32.656,0.50185
32.568,0.50166
28.848,0.55139
29.288,0.54151
29.691,0.53914
32.17,0.50801
29.591,0.54237
31.264,0.52059
31.52,0.51445
30.562,0.5243
31.318,0.51496
25.298,0.60317
30.555,0.52276
29.941,0.52905
32.399,0.49688
32.293,0.49618
31.994,0.49896
30.873,0.51486
30.732,0.51443
30.096,0.52242
32.417,0.48862
29.478,0.52754
29.847,0.51928
29.692,0.52143
21.808,0.64582
21.698,0.64242
10.393,0.90133
31.328,0.49754
30.827,0.50687
29.009,0.53016
28.141,0.53865
28.584,0.53545
28.089,0.53736
29.592,0.51833
27.492,0.54557
29.668,0.51361
29.544,0.51347
4.5836,1.1403
28.999,0.52099
28.435,0.52844
28.217,0.52818
28.185,0.52689
27.774,0.53351
27.722,0.53158
27.691,0.53481
17.933,0.69633
17.964,0.69249
26.652,0.54579
28.216,0.52306
25.913,0.55289
26.457,0.54781
27.652,0.52617
27.803,0.52134
27.431,0.52554
27.478,0.5232
26.7,0.53507
25.714,0.54819
25.722,0.54869
26.488,0.53579
26.367,0.53426
25.731,0.54475
26.237,0.53753
25.175,0.55695
24.802,0.55888
24.995,0.55496
23.662,0.57262
25.643,0.54187
25.618,0.53828
26.554,0.52485
26.57,0.52373
26.241,0.52719
26.18,0.5274
25.583,0.53638
25.724,0.53217
25.03,0.53819
25.87,0.52505
4.9951,1.0479
23.295,0.56138
23.913,0.55417
23.348,0.56133
25.486,0.52923
25.467,0.52761
25.591,0.52615
25.266,0.53003
24.913,0.53456
24.881,0.53399
8.3558,0.88578
22.985,0.55916
23.014,0.55438
24.503,0.53523
24.345,0.536
6.8111,0.93354
22.993,0.55359
23.091,0.55094
23.252,0.54782
22.984,0.55126
23.989,0.53601
24.263,0.53166
18.11,0.62983
22.108,0.55982
23.177,0.54294
24.112,0.53015
17.721,0.63518
17.588,0.63723
17.56,0.63608
18.109,0.6253
22.795,0.54762
16.09,0.66304
17.894,0.62791
4.0434,1.0651
22.76,0.54682
22.015,0.555
22.871,0.54349
22.191,0.55039
21.778,0.56104
22.117,0.55216
21.231,0.56581
21.588,0.56117
22.901,0.54062
21.364,0.56579
4.0868,1.0585
15.676,0.66548
20.369,0.57623
20.417,0.57465
20.307,0.57797
18.686,0.60873
20.099,0.58047
20.031,0.58114
23.154,0.53258
22.276,0.54292
18.811,0.59925
19.449,0.59104
19.041,0.59649
17.244,0.62424
21.374,0.5544
21.346,0.55565
17.307,0.6244
21.16,0.55861
17.331,0.62368
21.286,0.55562
17.283,0.62327
19.107,0.59052
21.039,0.55877
21.05,0.55701
21.215,0.55483
20.31,0.56718
17.752,0.61363
17.412,0.61937
17.751,0.61259
17.949,0.60745
17.878,0.60951
17.558,0.61538
17.543,0.61508
17.347,0.61915
17.299,0.61911
17.512,0.61278
14.293,0.67844
14.608,0.66893
21.544,0.54885
21.048,0.55255
21.315,0.54779
20.779,0.5571
20.532,0.56121
20.456,0.56265
20.27,0.56266
21.031,0.55102
20.891,0.55339
20.198,0.56193
21.523,0.54569
21.539,0.54559
20.289,0.5616
20.193,0.56259
21.325,0.5478
4.5873,1.0006
20.689,0.55599
21.038,0.55085
19.827,0.5659
22.348,0.53055
21.424,0.54319
14.166,0.67659
14.069,0.67744
14.005,0.67866
20.371,0.55869
21.692,0.53747
21.883,0.53374
19.517,0.57247
13.989,0.67779
20.039,0.56378
14.181,0.67301
20.165,0.56185
14.214,0.67457
13.83,0.68114
20.491,0.5565
13.831,0.67902
4.8394,0.975
20.126,0.55857
4.526,0.99526
19.354,0.5693
19.714,0.56276
4.0259,1.0218
19.703,0.5649
19.937,0.55919
4.4839,0.99399
13.76,0.67651
4.3199,1.0041
4.368,0.99845
14.872,0.65201
16.303,0.62386
14.127,0.67028
14.139,0.66873
16.648,0.61812
14.017,0.66977
14.019,0.67005
14.04,0.67024
4.3882,0.99591
13.986,0.67094
13.955,0.67109
14.071,0.66838
13.632,0.67807
13.783,0.67441
13.883,0.67244
13.772,0.67581
13.695,0.67539
14.281,0.66318
13.979,0.6695
11.716,0.72254
14.099,0.66582
13.994,0.66982
14.136,0.66516
14.138,0.66559
20.782,0.54418
20.736,0.54685
4.423,0.99438
21.239,0.53932
21.399,0.53671
21.603,0.53313
13.772,0.67458
20.867,0.54394
18.205,0.58419
19.343,0.56426
20.341,0.55066
20.787,0.54315
21.841,0.52507
21.154,0.53531
21.055,0.53744
19.906,0.55641
20.86,0.53951
20.795,0.54025
21.542,0.53098
20.719,0.54274
13.574,0.6753
21.064,0.53603
21.193,0.53401
13.546,0.67643
13.431,0.6781
13.481,0.67752
13.413,0.67923
13.582,0.67553
13.468,0.6769
13.442,0.67933
13.359,0.67995
13.37,0.6796
12.843,0.69164
13.273,0.68133
20.043,0.55265
13.571,0.67326
21.193,0.53671
19.355,0.56365
20.592,0.54331
18.417,0.57503
19.192,0.56691
4.3139,0.99149
18.896,0.57023
13.486,0.67413
13.464,0.67541
13.532,0.6728
13.282,0.67859
13.345,0.67667
17.286,0.59962
13.397,0.67627
13.525,0.67554
13.203,0.6817
13.017,0.68553
13.283,0.6797
13.374,0.67799
20.633,0.54423
20.944,0.53804
21.034,0.53522
21.401,0.53039
21.347,0.53095
4.6322,0.9717
19.544,0.55369
20.094,0.54671
20.053,0.54884
14.5,0.6524
19.936,0.55085
13.379,0.67579
19.566,0.55664
20.538,0.54067
21.278,0.52961
19.595,0.55682
19.727,0.55459
14.263,0.65733
20.535,0.54263
20.2,0.54833
20.423,0.54479
20.122,0.548
20.563,0.54232
19.689,0.55395
19.818,0.5538
18.519,0.57419
18.912,0.56993
18.096,0.57924
18.841,0.56812
4.1685,0.99575
19.116,0.56015
4.3661,0.98216
4.5307,0.97335
20.212,0.54435
3.9644,1.0077
4.1852,0.99368
14.073,0.65792
4.2132,0.99184
4.2076,0.99072
4.0963,0.99809
13.48,0.66886
13.681,0.66359
19.551,0.55519
20.982,0.53067
14.241,0.65341
19.815,0.55199
17.418,0.58945
16.557,0.6062
13.936,0.66302
19.779,0.55147
21.041,0.53353
14.318,0.6536
19.823,0.55452
21.317,0.52991
21.218,0.53084
18.256,0.57956
20.265,0.54608
13.983,0.66128
19.114,0.5645
19.337,0.56075
20.111,0.54876
18.348,0.57847
18.153,0.58056
18.314,0.57598
18.198,0.57961
15.304,0.62967
15.683,0.62253
13.275,0.67338
15.753,0.62162
16.289,0.61059
20.139,0.54736
20.02,0.54765
19.801,0.55179
15.83,0.61845
15.858,0.61911
16.523,0.60667
19.131,0.56043
15.779,0.62334
16.14,0.61596
18.08,0.58069
17.068,0.59807
13.269,0.67357
16.883,0.60057
17.243,0.59385
18.769,0.56786
18.65,0.5674
18.859,0.56473
18.764,0.5659
18.201,0.57666
15.311,0.62804
18.541,0.56947
16.598,0.60688
19.63,0.55355
19.502,0.55573
20.359,0.54199
19.573,0.55514
19.606,0.55433
19.035,0.5618
16.101,0.61605
20.087,0.54583
19.122,0.56113
17.116,0.59789
16.987,0.59986
19.752,0.5491
19.556,0.55387
20.133,0.54392
19.001,0.56182
19.85,0.54825
4.149,0.99106
18.539,0.56864
19.017,0.56147
19.117,0.55904
4.5567,0.96856
19.976,0.54849
4.2147,0.98612
20.706,0.53506
19.226,0.55755
4.1221,0.99494
18.943,0.56345
4.1553,0.99142
4.0698,0.99674
19.511,0.55319
4.232,0.98428
4.1015,0.99333
20.379,0.53772
16.748,0.60159
16.313,0.60947
15.356,0.62485
16.34,0.60657
15.528,0.621
14.916,0.63179
15.975,0.61189
19.237,0.55475
16.348,0.60654
12.227,0.69475
12.56,0.6866
19.001,0.56308
18.858,0.56653
11.626,0.70936
19.318,0.55408
12.119,0.69653
19.788,0.54856
19.592,0.55043
19.676,0.54799
11.862,0.70264
19.341,0.55451
18.311,0.57013
17.659,0.58074
17.103,0.58987
19.276,0.5535
19.987,0.54531
19.824,0.54476
18.457,0.5698
19.054,0.5596
12.063,0.69709
18.094,0.57261
15.696,0.6173
18.7,0.56405
18.462,0.568
18.517,0.56943
20.17,0.5411
15.968,0.61445
20.458,0.53416
19.178,0.55514
20.431,0.53681
20.041,0.54218
20.309,0.53903
19.869,0.54537
19.533,0.55112
11.519,0.71267
20.1,0.54144
19.551,0.55171
19.98,0.54257
20.516,0.53593
17.088,0.5928
19.908,0.54591
12.713,0.68068
12.612,0.68328
16.817,0.59699
12.174,0.69564
19.315,0.55435
12.661,0.68184
20.868,0.52912
19.657,0.54963
18.574,0.56442
11.93,0.70123
11.508,0.71008
11.384,0.71461
11.497,0.71078
11.795,0.7029
19.724,0.54857
18.878,0.56288
0.1802,1.7384
11.836,0.70324
11.742,0.70362
19.704,0.54727
19.278,0.55559
19.445,0.55065
19.27,0.55021
21.114,0.52642
20.171,0.53673
19.845,0.54262
18.84,0.55804
20.601,0.53306
20.133,0.53999
19.045,0.55465
18.522,0.56707
19.732,0.54602
19.862,0.54396
20.303,0.53946
19.145,0.55446
18.724,0.56104
18.9,0.55791
18.837,0.55926
20.21,0.54122
18.021,0.57573
19.781,0.54679
19.922,0.54443
18.89,0.55791
19.682,0.54954
17.543,0.58447
19.56,0.54893
20.594,0.53215
19.545,0.54996
18.938,0.55887
19.762,0.54547
19.146,0.5551
4.1125,0.98809
19.136,0.55484
4.0917,0.98807
19.128,0.55464
19.576,0.54863
19.423,0.5508
19.426,0.5511
15.479,0.62158
16.895,0.59406
15.638,0.61656
19.619,0.54745
15.783,0.61347
18.634,0.56258
19.36,0.55198
15.645,0.61654
15.561,0.61865
15.651,0.61632
15.072,0.62936
11.341,0.71305
11.647,0.70357
11.37,0.71154
15.076,0.62868
19.168,0.55399
11.399,0.71178
11.688,0.70459
19.131,0.55457
12.131,0.6922
15.051,0.62946
12.158,0.69216
12.127,0.69238
19.608,0.54853
19.305,0.55423
15.733,0.6166
17.649,0.58167
15.579,0.6196
15.714,0.61634
15.672,0.61795
15.666,0.61817
19.044,0.55598
19.706,0.54581
18.945,0.55823
4.0019,0.99553
21.168,0.5239
19.769,0.54025
15.969,0.61193
11.812,0.69988
19.351,0.5504
11.765,0.70261
19.78,0.54366
19.978,0.54309
11.819,0.70006
14.914,0.62928
11.618,0.70469
15.625,0.61759
20.055,0.53836
19.867,0.54111
20.106,0.53775
4.0569,0.9894
20.102,0.53893
19.974,0.54016
11.602,0.70491
19.776,0.54437
15.125,0.62602
20.316,0.5352
4.175,0.9811
20.127,0.53739
12.303,0.68583
15.144,0.62449
14.824,0.62785
15.452,0.62086
15.37,0.61968
4.0788,0.98495
18.051,0.57024
14.991,0.62806
4.4206,0.96624
15.394,0.61896
11.284,0.71139
4.3613,0.96806
14.997,0.62704
19.912,0.54122
14.956,0.62946
15.115,0.62696
15.417,0.62191
15.073,0.62888
14.792,0.63352
15.243,0.62496
19.608,0.54639
14.644,0.63445
14.743,0.63168
11.696,0.70177
11.684,0.70004
15.544,0.61619
11.321,0.71141
15.469,0.61936
11.868,0.69723
15.018,0.62629
11.49,0.70769
11.633,0.70247
11.465,0.70742
11.495,0.70671
11.762,0.69937
15.614,0.61602
11.767,0.70248
13.567,0.66011
18.808,0.55959
18.686,0.56188
18.508,0.56411
19.463,0.54954
18.92,0.55826
18.705,0.56174
19.023,0.55624
18.588,0.5636
12.012,0.69424
19.733,0.54511
17.189,0.58412
19.849,0.54346
18.876,0.55731
16.852,0.59058
15.415,0.62216
19.528,0.54912
12.219,0.69071
12.194,0.69089
14.611,0.63567
15.636,0.61636
14.575,0.6361
15.033,0.62751
19.457,0.54863
19.557,0.54677
15.53,0.61787
12.002,0.69475
15.439,0.62033
15.367,0.62164
15.454,0.61962
17.607,0.57847
19.186,0.55291
19.007,0.55608
12.12,0.69051
17.674,0.57561
17.173,0.58715
18.317,0.56568
11.695,0.70114
11.294,0.71087
11.893,0.69631
11.615,0.70153
11.323,0.70823
11.362,0.70849
11.298,0.71045
11.301,0.71077
11.741,0.69779
0.15579,1.756
15.403,0.61842
18.455,0.56379
17.657,0.57678
15.4,0.61826
14.622,0.63358
15.214,0.62334
15.253,0.62194
14.574,0.63501
15,0.62754
11.862,0.69753
14.947,0.62909
15.151,0.62494
19.312,0.54881
14.284,0.63781
12.253,0.68724
11.952,0.69571
11.74,0.70103
7.9292,0.81051
7.8474,0.81377
12.287,0.68742
11.711,0.69974
12.221,0.688
11.719,0.69965
15.333,0.62209
15.676,0.61546
12.104,0.68996
12.279,0.68662
11.332,0.71208
15.277,0.62152
11.974,0.69502
11.55,0.70478
11.484,0.7046
14.775,0.63021
11.383,0.70977
17.108,0.58631
11.62,0.70052
15.034,0.62417
15.28,0.61991
15.422,0.61749
15.594,0.61344
11.948,0.6916
19.57,0.5446
11.491,0.70448
15.03,0.62529
11.506,0.70421
11.39,0.70616
18.034,0.56979
11.369,0.70691
14.769,0.62943
18.883,0.55467
14.731,0.63186
11.583,0.70228
15.333,0.61913
11.862,0.69413
11.622,0.70119
14.949,0.62853
18.168,0.56622
11.46,0.70672
18.299,0.56671
15.109,0.62342
15.012,0.62672
15.176,0.62309
17.906,0.5726
11.836,0.69499
17.884,0.57347
14.954,0.62718
14.843,0.62756
18.839,0.55902
18.815,0.55819
18.137,0.56916
17.175,0.58394
14.548,0.63432
14.334,0.63465
13.425,0.65356
11.468,0.70331
14.692,0.63003
14.889,0.62613
14.784,0.62864
18.408,0.55828
14.855,0.62773
15.21,0.62207
15.122,0.62389
15.265,0.62264
15.682,0.61217
11.425,0.70733
11.694,0.69984
12.054,0.68856
17.69,0.57458
14.906,0.62717
17.723,0.57534
11.702,0.69935
11.717,0.69898
11.248,0.71157
11.559,0.70365
11.354,0.70937
11.425,0.70635
14.971,0.62375
13.424,0.6555
14.876,0.62959
14.448,0.63572
13.776,0.64937
13.863,0.64718
14.708,0.6318
14.014,0.64416
14.561,0.63545
14.96,0.62823
14.131,0.64402
14.179,0.64243
14.346,0.63933
4.4145,0.96309
11.792,0.697
14.987,0.62632
15.611,0.61204
12.106,0.6871
19.545,0.54585
11.715,0.69928
11.355,0.70672
11.527,0.70453
11.278,0.7104
11.497,0.70383
18.597,0.56099
11.325,0.70877
11.436,0.70349
19.548,0.54499
14.672,0.63157
18.484,0.56211
17.858,0.57217
14.611,0.63199
14.601,0.63125
11.876,0.69367
11.503,0.70285
11.404,0.70596
18.597,0.55475
14.412,0.6369
14.121,0.64095
14.995,0.62502
14.693,0.63195
14.84,0.62765
11.681,0.69983
14.678,0.63238
14.551,0.63529
11.065,0.71356
14.888,0.62587
17.086,0.58632
12.363,0.68164
11.982,0.6897
11.909,0.69382
12.006,0.69171
12.146,0.68742
12.05,0.68996
11.893,0.69496
18.904,0.55567
19.237,0.54926
15.102,0.62476
12.124,0.68803
3.8864,0.99626
15.692,0.60938
12.141,0.68714
14.967,0.62569
15.04,0.62505
14.348,0.63695
18.6,0.56012
12.021,0.68898
19.673,0.54194
15.068,0.62308
15.198,0.62026
15.185,0.62004
14.981,0.62429
0.18374,1.7141
14.469,0.63385
14.785,0.62774
14.272,0.63889
14.513,0.63383
14.248,0.63889
17.93,0.57025
18.374,0.56457
15.322,0.61987
14.839,0.63062
14.487,0.63713
14.48,0.63494
18.337,0.56325
15.928,0.60553
18.835,0.55551
14.919,0.62624
15.054,0.62339
17.208,0.58353
0.18764,1.711
17.126,0.58515
18.581,0.56021
17.606,0.57595
15.684,0.61239
14.317,0.63855
18.993,0.55363
18.958,0.55432
18.84,0.5561
19.085,0.54863
19.296,0.54694
19.335,0.54578
18.983,0.55134
19.13,0.54926
19.73,0.5403
15.043,0.62456
19.623,0.5432
4.1577,0.9775
19.77,0.53931
17.896,0.57081
18.431,0.56242
20.871,0.52403
19.628,0.54287
11.875,0.69364
17.589,0.57699
16.563,0.59171
15.245,0.61884
17.555,0.57723
17.108,0.58515
18.207,0.56525
13.891,0.64243
13.553,0.64967
14.667,0.62948
19.064,0.55047
13.868,0.6434
14.591,0.63223
14.809,0.62721
19.378,0.54544
17.489,0.57378
14.752,0.62979
18.363,0.56132
14.825,0.62724
7.6509,0.81426
19.124,0.54938
17.665,0.57557
15.091,0.62272
18.855,0.55386
19.131,0.54904
15.305,0.61732
15.193,0.62044
18.161,0.56515
10.398,0.72948
17.444,0.57746
15.087,0.62135
15.615,0.61201
15.055,0.62501
14.834,0.62712
15.452,0.61699
15.501,0.6151
14.793,0.62576
14.275,0.63668
14.001,0.64244
15.643,0.6122
14.386,0.6339
14.765,0.62932
15.002,0.62531
19.684,0.53892
19.101,0.55068
19.594,0.54296
18.72,0.55287
18.835,0.5554
19.989,0.53555
18.456,0.56238
19.368,0.54419
18.822,0.55418
17.705,0.5736
17.503,0.57743
18.775,0.55347
19.551,0.54004
11.495,0.70029
19.266,0.54676
0.1619,1.7406
17.345,0.57916
19.204,0.54683
18.072,0.56558
19.053,0.54972
18.702,0.55554
13.314,0.65798
18.58,0.55689
18.901,0.55139
18.78,0.55359
17.529,0.57054
17.586,0.56981
19.288,0.54472
11.127,0.70966
19.021,0.54978
11.7,0.69552
11.146,0.7104
18.708,0.55564
0.15684,1.7471
18.888,0.55286
18.977,0.5516
17.91,0.57064
17.086,0.5855
19.732,0.53959
19.358,0.54419
18.222,0.56427
19.757,0.53865
16.101,0.60239
13.309,0.65625
18.246,0.56379
18.982,0.55196
18.735,0.55583
4.6319,0.94716
18.767,0.5554
4.0351,0.98242
17.584,0.57358
4.0216,0.98367
16.216,0.5988
16.563,0.59315
19.079,0.5495
15.301,0.61484
15.609,0.61051
18.225,0.56495
16.518,0.59291
3.8453,0.99669
11.279,0.70623
18.57,0.5568
17.557,0.57603
10.849,0.71788
18.521,0.55723
16.708,0.58626
17.426,0.57517
18.358,0.56193
18.456,0.55896
18.486,0.56057
10.631,0.72384
11.024,0.71546
14.971,0.6245
14.929,0.62535
17.847,0.56818
14.741,0.62908
18.048,0.56832
18.781,0.55383
16.843,0.587
19.467,0.54331
19.407,0.5449
18.654,0.5566
14.654,0.62877
16.352,0.59735
18.139,0.56244
18.585,0.5541
16.569,0.59048
18.872,0.55325
19.417,0.54426
11.581,0.69885
18.971,0.55102
19.141,0.54844
3.8755,0.99207
19.156,0.54526
19.343,0.54413
19.538,0.54091
16.618,0.59113
16.63,0.5912
16.908,0.58593
16.435,0.59654
18.484,0.55933
18.23,0.56374
17.157,0.58326
18.941,0.55303
19.053,0.54919
18.066,0.56645
18.661,0.55715
18.827,0.55472
10.215,0.7319
18.674,0.55545
18.259,0.56385
19.461,0.54341
19.105,0.54975
19.121,0.55025
18.505,0.55873
18.212,0.56451
19.128,0.54954
14.564,0.6316
19.099,0.54924
18.277,0.56239
19.475,0.54285
11.582,0.69826
11.542,0.69909
11.522,0.70025
11.574,0.69948
11.427,0.7042
18.795,0.5538
11.949,0.69001
11.953,0.68989
11.806,0.69317
19.097,0.5499
11.814,0.69354
19.386,0.54384
18.66,0.55461
19.088,0.54825
18.735,0.55634
19.423,0.54397
18.781,0.55333
11.607,0.69716
4.1812,0.97173
18.369,0.5614
17.755,0.57078
4.3695,0.96121
18.33,0.5617
18.218,0.56201
18.887,0.55124
18.359,0.56109
18.331,0.56185
18.66,0.55871
18.23,0.56274
18.211,0.56306
18.45,0.55995
18.223,0.56312
18.684,0.55466
18.461,0.56042
18.635,0.55706
18.158,0.56169
15.006,0.62012
18.509,0.55681
19.129,0.54596
18.124,0.56397
18.289,0.5598
18.489,0.55656
18.816,0.55134
18.652,0.5533
18.408,0.55788
18.535,0.55694
18.748,0.55289
18.527,0.55652
18.489,0.55848
18.786,0.55521
18.64,0.55775
18.859,0.55322
18.286,0.56435
17.159,0.58194
18.563,0.55986
18.802,0.55383
3.6719,1.0073
17.247,0.58088
18.883,0.55323
18.956,0.55263
19.011,0.55045
18.616,0.55836
3.8984,0.9913
15.704,0.60868
18.116,0.56554
18.727,0.55657
16.949,0.58625
18.676,0.55551
17.904,0.56757
19.202,0.54654
14.462,0.63406
17.994,0.56379
18.264,0.56052
17.971,0.56516
18.446,0.56025
18.207,0.56265
18.789,0.55402
18.636,0.55512
11.143,0.70999
18.608,0.55608
18.084,0.5642
14.162,0.63834
18.196,0.56384
19.353,0.54488
18.963,0.54948
10.96,0.71508
17.669,0.57234
19.127,0.5481
19.284,0.54729
19.152,0.54878
18.276,0.55974
17.884,0.56604
18.626,0.55699
19.151,0.54729
19.196,0.54806
18.918,0.55114
18.929,0.5523
19.081,0.54912
10.981,0.71281
19.156,0.54705
18.889,0.55257
14.759,0.6267
18.731,0.55514
18.958,0.55084
18.851,0.55261
19.151,0.54729
19.104,0.54793
18.301,0.56152
18.004,0.5657
18.945,0.55069
18.207,0.5615
19.348,0.54345
18.68,0.55169
18.346,0.55841
18.591,0.55353
17.996,0.56446
19.256,0.5449
19.429,0.54269
19.161,0.54759
17.652,0.57468
19,0.55043
17.202,0.57978
17.171,0.58
19.029,0.54782
16.146,0.59893
18.105,0.5626
16.803,0.58573
18.159,0.55982
17.659,0.56879
18.062,0.56208
18.302,0.55719
16.177,0.59154
17.824,0.56562
6.4806,0.85137
17.748,0.56684
16.971,0.5763
16.866,0.58142
17.457,0.5712
18.689,0.55076
17.548,0.57058
4.0919,0.97025
18.605,0.552
17.803,0.56476
17.537,0.56804
18.097,0.55714
18.588,0.55131
17.987,0.56206
17.625,0.56575
18.178,0.55526
18.166,0.55667
18.115,0.55736
11.033,0.70231
17.941,0.55871
18.438,0.55069
14.358,0.62513
13.565,0.64109
17.944,0.55865
14.3,0.6272
16.963,0.57474
16.922,0.57485
3.7784,0.98181
17.109,0.57036
3.8127,0.98176
18.622,0.54506
17.568,0.56325
18.919,0.54134
17.049,0.56989
13.497,0.63734
17.146,0.56897
17.635,0.55972
16.983,0.56994
16.655,0.5765
17.741,0.55634
13.039,0.64698
17.115,0.56729
13.609,0.63286
13.373,0.6367
18.048,0.55075
12.983,0.64616
12.92,0.6454
16.782,0.56953
16.449,0.57372
17.665,0.55327
4.1878,0.94564
16.476,0.5741
16.441,0.57371
16.978,0.56319
16.171,0.57697
16.329,0.57385
4.3163,0.9335
12.355,0.65411
17.138,0.55855
18.561,0.53568
18.082,0.54369
17.181,0.55676
16.992,0.5605
16.573,0.5662
16.71,0.56304
16.709,0.56257
16.655,0.56407
17.278,0.55262
16.356,0.56715
16.627,0.5614
17.017,0.55521
17.206,0.55044
4.2459,0.92202
16.016,0.56677
16.179,0.56366
16.292,0.5611
17.131,0.54995
17.603,0.54187
4.6749,0.89583
11.687,0.65672
10.787,0.67457
15.58,0.57076
17.149,0.54865
16.945,0.54957
16.006,0.5633
16.732,0.55228
15.526,0.57049
16.336,0.55814
15.864,0.56042
17.126,0.54231
17.349,0.53711
16.767,0.54623
16.895,0.54333
16.215,0.55434
14.531,0.58432
10.121,0.68239
14.817,0.57615
10.169,0.68058
10.27,0.67687
10.386,0.67466
10.198,0.67864
10.472,0.67035
10.346,0.67234
14.628,0.57462
10.083,0.67709
9.8935,0.6809
12.349,0.62213
16.077,0.54668
15.194,0.56369
15.33,0.55855
14.853,0.56798
15.643,0.55031
12.325,0.61575
15.605,0.55062
14.991,0.56082
15.088,0.55912
14.906,0.56232
14.544,0.56856
9.5695,0.67945
9.6737,0.67383
15.245,0.55182
14.881,0.55869
15.061,0.55374
15.237,0.54907
14.959,0.55404
14.872,0.55552
14.856,0.55378
14.605,0.5586
14.247,0.56528
14.132,0.56692
12.88,0.58475
12.635,0.58817
13.566,0.5716
13.242,0.57884
10.253,0.64488
10.459,0.63946
10.432,0.63938
11.256,0.62189
10.359,0.63935
11.386,0.61668
10.004,0.65094
13.113,0.57855
12.45,0.5862
12.517,0.58843
13.567,0.56488
12.716,0.57965
12.724,0.57921
13.732,0.55839
13.245,0.56762
12.843,0.57469
13.124,0.56723
12.759,0.57593
12.496,0.58177
12.42,0.58142
10.737,0.61844
12.355,0.58254
12.703,0.57418
12.384,0.57922
12.314,0.58062
11.746,0.59565
12.724,0.57014
11.9,0.58658
5.6097,0.77201
12.1,0.58121
12.061,0.58117
12.197,0.57689
12.253,0.57471
12.312,0.57387
11.97,0.58137
11.657,0.58649
12.314,0.57038
12.179,0.57314
11.497,0.58993
12.037,0.57457
11.479,0.58815
11.095,0.59668
11.301,0.58939
11.82,0.57662
11.569,0.58318
11.483,0.5847
11.219,0.59067
10.942,0.59752
11.208,0.58876
11.079,0.59023
11.159,0.58851
11.658,0.57109
10.847,0.59451
8.6721,0.6504
10.131,0.60704
10.751,0.59452
10.185,0.60894
3.2,0.88324
3.2128,0.88117
10.147,0.6065
3.1703,0.88332
9.9765,0.61048
10.297,0.60105
10.584,0.59304
10.192,0.60295
10.176,0.60265
10.018,0.60652
9.7023,0.61281
6.5392,0.71117
9.8019,0.60968
9.5554,0.61476
9.4169,0.61878
9.3533,0.61965
9.6158,0.60894
9.4406,0.616
8.4895,0.63877
9.1315,0.6222
9.1907,0.62231
9.495,0.61151
9.4872,0.61164
8.7985,0.63119
9.606,0.60205
9.2145,0.61645
9.4909,0.6036
8.8884,0.61918
9.0556,0.618
9.5658,0.59936
8.8655,0.62238
8.8028,0.62296
9.277,0.60806
8.7618,0.62209
9.1113,0.60839
8.5476,0.62766
8.9222,0.61402
8.7932,0.61778
8.5335,0.6256
8.4941,0.62446
8.5571,0.62317
8.5102,0.62365
8.537,0.62128
8.2356,0.6303
8.4544,0.62234
8.2227,0.6288
7.9879,0.6354
6.7964,0.67142
8.524,0.6131
0.27065,1.3752
8.6005,0.60947
0.39013,1.2954
8.6336,0.60659
8.5885,0.60754
8.2808,0.61654
8.1319,0.61989
8.4229,0.61026
8.0918,0.61942
7.9478,0.62344
7.6423,0.63581
7.5989,0.63631
7.4715,0.64016
7.5045,0.63826
8.1442,0.61413
5.4163,0.71565
7.1212,0.64857
7.1092,0.6482
1.8097,0.9619
7.0985,0.64796
5.3148,0.71672
7.1538,0.64542
7.0944,0.64825
6.9986,0.6506
7.1303,0.64531
7.0979,0.64594
7.3614,0.63189
7.7241,0.61955
7.2547,0.63433
7.9331,0.61175
7.3883,0.62811
6.8988,0.64876
6.994,0.6445
7.6545,0.61941
7.4053,0.62666
7.5531,0.62099
6.7062,0.65346
6.2258,0.66615
7.5507,0.61883
7.387,0.62385
7.2851,0.62632
6.9145,0.64093
7.4322,0.62024
6.9005,0.63904
7.509,0.61729
7.2302,0.62547
6.4884,0.65508
6.434,0.65545
1.7879,0.94854
6.809,0.64042
7.0965,0.62618
6.7367,0.64249
1.7712,0.94872
1.6862,0.95892
6.5369,0.64781
6.978,0.62925
6.5567,0.64555
7.0241,0.62571
6.3381,0.6561
6.3895,0.65271
6.6778,0.63831
5.5634,0.67971
6.3052,0.65067
6.3418,0.64897
6.4802,0.64451
6.381,0.64557
6.3103,0.64929
6.2237,0.65179
6.1322,0.6556
6.1274,0.65447
6.4808,0.63814
6.3831,0.64073
6.1965,0.64851
6.4031,0.63841
6.3048,0.64144
6.4739,0.63364
6.3301,0.63934
6.3138,0.63928
6.1544,0.64599
6.3939,0.63536
6.3832,0.63401
6.2282,0.64064
5.9182,0.65213
6.7384,0.61726
6.7656,0.6155
6.3174,0.62998
6.247,0.63351
6.6183,0.62131
6.2673,0.63229
6.3177,0.63042
5.956,0.64727
6.1231,0.63765
6.1656,0.63609
6.0097,0.64253
5.915,0.64438
6.1845,0.63662
6.1485,0.63178
5.7054,0.64861
6.1881,0.63405
5.842,0.64269
5.8834,0.64066
5.3224,0.66413
6.0909,0.63345
6.1304,0.63108
6.2593,0.62599
6.4707,0.61782
5.6767,0.65349
6.2963,0.6217
5.7958,0.6405
5.8271,0.63908
6.3336,0.623
6.0955,0.62951
5.7961,0.64377
5.7993,0.64326
5.9373,0.63737
5.8808,0.63915
5.9005,0.6378
6.0361,0.63089
5.5973,0.64795
5.5633,0.64858
5.7413,0.64121
5.5719,0.64856
5.8121,0.63659
5.7357,0.63987
5.8395,0.63513
5.6881,0.6409
6.1913,0.6197
5.9075,0.63107
5.8547,0.63359
5.8733,0.6322
5.8952,0.63169
5.3534,0.6522
5.8519,0.63238
5.781,0.63361
5.9677,0.62562
6.1089,0.61883
5.0819,0.65962
5.9924,0.6227
5.8329,0.6303
5.9972,0.6221
5.7645,0.63229
5.6205,0.63924
5.7703,0.63532
5.1197,0.66494
5.7395,0.6355
5.778,0.63384
5.5199,0.64446
5.7005,0.63672
5.6269,0.63928
5.2672,0.65528
5.3083,0.65303
5.401,0.64872
2.0923,0.8644
5.3156,0.65298
5.6774,0.63646
5.5711,0.63807
5.8879,0.62697
5.9489,0.62417
5.8738,0.62756
5.816,0.62981
6.0012,0.62191
5.8257,0.62802
5.9707,0.62348
5.9527,0.62373
5.6367,0.63509
5.887,0.62598
5.3998,0.64395
6.0492,0.61775
5.9889,0.62091
6.0617,0.6162
5.7931,0.62833
0.3127,1.2617
0.28147,1.2823
5.4973,0.6376
5.9052,0.62497
5.9185,0.62457
6.0263,0.61726
5.948,0.62201
6.0306,0.61691
5.7216,0.62927
5.834,0.62358
5.7733,0.62847
5.7902,0.62721
5.7325,0.62983
5.7979,0.62655
5.7933,0.6267
5.7803,0.62729
5.5836,0.63748
5.7679,0.628
5.69,0.632
5.5099,0.6371
5.7058,0.63189
5.6088,0.63678
5.6971,0.63256
5.7008,0.63056
5.6799,0.6321
5.7255,0.62694
5.8125,0.62252
5.6277,0.63061
3.607,0.73799
5.7165,0.62923
5.7148,0.62898
5.4365,0.64379
5.7923,0.62598
5.7259,0.62937
5.7217,0.63068
5.972,0.61765
5.737,0.62713
5.8764,0.62218
5.7767,0.62801
5.8545,0.6226
5.8991,0.62062
5.811,0.62399
5.8936,0.62219
5.0831,0.65622
5.7283,0.62953
5.2955,0.64609
5.798,0.62568
5.8314,0.6213
6.2447,0.60553
5.8343,0.62224
6.1828,0.60758
5.4963,0.63563
5.8531,0.62359
5.9007,0.62164
5.991,0.61559
5.8072,0.62293
5.7309,0.62538
5.7427,0.62434
6.1504,0.60786
5.8937,0.6175
5.8973,0.61765
0.25351,1.2985
5.3733,0.64256
5.8736,0.61928
5.4922,0.63681
5.9558,0.61506
5.626,0.63174
5.654,0.62758
5.8164,0.6208
5.4011,0.63775
5.527,0.63377
5.6103,0.6292
5.817,0.62068
6.0529,0.61176
5.6476,0.62807
5.6701,0.62694
5.7392,0.62484
5.8585,0.61921
5.7366,0.62433
5.3008,0.64785
5.3855,0.64404
6.2885,0.60063
6.1049,0.60837
5.9544,0.61462
5.76,0.62397
6.1082,0.60739
5.7188,0.62311
5.7435,0.62358
5.8192,0.61894
5.8679,0.61786
0.26085,1.292
5.8024,0.62296
5.2223,0.64524
5.6298,0.62505
5.7559,0.62558
5.8136,0.62162
5.4202,0.64086
5.7446,0.6246
5.3531,0.64344
5.6385,0.63044
5.7488,0.6246
5.8059,0.62201
5.6866,0.62658
5.4539,0.63792
6.0759,0.61019
5.6414,0.62571
5.9434,0.61516
5.761,0.62258
5.5467,0.63343
5.6598,0.62704
5.7308,0.62384
5.6114,0.62812
5.9159,0.61385
5.5565,0.63274
5.9021,0.61294
5.9276,0.61301
6.0585,0.60684
5.9021,0.61403
6.0579,0.6084
5.7424,0.62055
6.1044,0.60655
5.565,0.6273
5.5289,0.63207
5.5908,0.62858
5.8021,0.61706
5.54,0.63069
5.6156,0.6289
5.6269,0.62739
5.8489,0.61638
5.9101,0.61396
5.9845,0.61042
5.8173,0.61705
5.1024,0.65043
5.4685,0.63577
5.6471,0.62692
5.927,0.61067
5.7067,0.62398
5.163,0.64795
5.8867,0.61659
4.9913,0.65793
5.2474,0.64572
5.066,0.65493
5.519,0.63391
5.4505,0.63591
5.5822,0.63006
5.4677,0.6347
5.3941,0.6382
5.6622,0.62621
5.5604,0.63044
5.6082,0.62811
5.7345,0.62211
5.4846,0.63361
5.2921,0.64104
5.6515,0.62569
5.5969,0.62959
5.6158,0.6275
5.5208,0.63165
5.5363,0.6308
5.617,0.62695
5.5868,0.62854
5.5598,0.6287
5.6819,0.62408
5.7891,0.61764
5.4535,0.63625
5.7241,0.62203
5.6286,0.62632
1.477,0.92654
5.8047,0.61548
5.6772,0.62456
5.5621,0.62877
5.1155,0.64616
5.7139,0.62301
5.6955,0.62281
0.20172,1.339
5.691,0.62401
5.9852,0.60916
5.9036,0.61326
5.6761,0.62518
5.7452,0.61759
5.5475,0.62576
5.6112,0.62301
5.825,0.61299
5.8913,0.6131
5.8184,0.61645
6.0328,0.60501
4.5192,0.67521
5.84,0.6152
5.1384,0.65004
5.4003,0.63646
5.696,0.62306
5.6256,0.62517
5.3285,0.64105
5.4422,0.63477
5.4383,0.63484
5.4675,0.63396
5.4076,0.63692
5.3669,0.63878
5.2826,0.64226
5.3978,0.63628
5.5038,0.63022
5.5762,0.62695
5.5169,0.62987
5.5428,0.62947
5.5475,0.62782
5.4273,0.63336
5.1386,0.64464
5.4475,0.63312
5.3744,0.63554
5.4114,0.63425
5.4847,0.63019
5.5289,0.62837
5.0072,0.64953
5.994,0.60628
5.2102,0.64011
2.6331,0.79985
0.228,1.3136
5.3295,0.63984
0.22866,1.3134
5.6785,0.62388
5.2933,0.64059
5.4624,0.63278
5.7669,0.618
5.3458,0.63789
5.3517,0.63666
5.1459,0.64531
4.8026,0.65638
4.568,0.67201
5.1193,0.64727
5.7484,0.61832
5.689,0.62252
4.113,0.69313
5.7795,0.61871
5.3756,0.63679
5.3718,0.63685
5.4096,0.63523
5.6922,0.61813
6.0221,0.60522
6.0467,0.60258
5.7441,0.61744
5.8221,0.61589
5.4535,0.63036
5.4713,0.62903
6.0574,0.60262
5.5876,0.62658
5.5995,0.62253
5.8578,0.61284
5.5336,0.62578
5.2833,0.63979
5.6808,0.61792
5.4926,0.63085
1.505,0.92075
5.8815,0.60967
5.5386,0.62921
5.2848,0.63961
5.5868,0.62677
5.8147,0.6143
5.657,0.62358
5.6214,0.62519
5.6629,0.61775
5.4821,0.6309
6.0707,0.60314
5.6749,0.62148
5.6784,0.62152
5.2522,0.6422
5.5498,0.62677
5.6611,0.62173
5.6662,0.61731
5.5982,0.62451
5.636,0.62231
5.3925,0.63359
5.5565,0.62606
5.0669,0.65063
5.451,0.63071
5.4693,0.63019
5.2408,0.6411
5.6019,0.62588
5.4758,0.62983
5.5665,0.62771
5.366,0.63479
5.2982,0.63845
5.8088,0.61529
5.3419,0.63138
5.5548,0.6274
5.8356,0.61471
5.4868,0.62424
5.6916,0.62002
5.7567,0.61708
5.51,0.62221
5.1092,0.64438
5.7157,0.61797
5.7135,0.6186
4.7392,0.66222
5.4937,0.62781
5.596,0.62116
5.9075,0.61024
5.388,0.63593
5.3127,0.63908
5.3888,0.63613
5.341,0.63716
5.6693,0.61596
6.005,0.60426
5.89,0.60886
5.4544,0.62865
5.6838,0.61913
1.4818,0.92195
5.8597,0.60879
5.3751,0.63514
5.3869,0.6359
5.3363,0.63793
5.2927,0.63922
5.3505,0.63719
5.3226,0.63796
5.2265,0.6431
5.403,0.63402
5.5374,0.62777
5.3994,0.6338
5.2693,0.64026
5.5244,0.62776
5.3175,0.63751
5.2429,0.64208
5.4959,0.62915
5.4101,0.63267
5.3881,0.63359
5.0709,0.64719
5.2654,0.64078
5.3959,0.63433
5.3882,0.63357
5.4249,0.63176
4.9714,0.64958
5.1434,0.64433
5.3945,0.63306
5.3367,0.63636
5.327,0.63606
5.7165,0.61826
5.5262,0.62743
5.5678,0.62445
5.5729,0.62457
5.4386,0.63233
5.6833,0.61999
5.5213,0.62585
4.5687,0.67082
5.6325,0.62145
5.4808,0.62836
5.2953,0.63848
5.596,0.61903
5.6887,0.61748
5.5034,0.6262
5.1949,0.64311
5.3354,0.63446
5.5147,0.62579
5.38,0.62922
5.5524,0.62413
5.5818,0.62245
5.5674,0.62369
5.4754,0.62579
5.242,0.64171
5.4337,0.63229
5.0926,0.64858
5.2129,0.64278
5.1955,0.64396
5.2684,0.64041
5.2354,0.64179
5.4054,0.63355
5.1086,0.64813
5.5877,0.62362
5.2928,0.63858
5.6617,0.62027
5.1201,0.64645
5.0209,0.65161
5.0747,0.64697
5.4256,0.63077
5.2461,0.64088
5.2658,0.63921
5.2697,0.63947
5.2008,0.64198
5.2481,0.6405
5.2249,0.64106
5.2737,0.63775
5.4439,0.62976
5.252,0.63979
5.315,0.63615
6.0061,0.60152
5.3392,0.63512
5.2901,0.63713
5.8017,0.60954
5.5134,0.62681
5.3317,0.63568
5.4944,0.62789
5.4641,0.62983
5.5373,0.62612
5.4621,0.62936
5.2079,0.64185
5.2943,0.63847
5.3764,0.63363
5.3922,0.63349
5.304,0.63676
5.4442,0.62993
5.2493,0.63938
5.4062,0.63155
5.4062,0.63186
5.4439,0.6298
5.3947,0.63227
5.4434,0.63025
5.2338,0.64031
5.5335,0.62428
5.3584,0.63482
5.561,0.62423
5.5178,0.62455
5.3898,0.63227
5.5788,0.6209
5.5271,0.62543
5.5634,0.62229
5.5445,0.62323
5.7794,0.61195
3.5063,0.73105
5.2831,0.63549
5.5756,0.62313
5.8161,0.61304
5.5629,0.62445
5.5696,0.62363
5.6932,0.61932
5.587,0.62397
5.4874,0.62772
4.5165,0.67228
5.2124,0.63915
5.5349,0.62524
5.6117,0.61874
5.8088,0.6115
5.0383,0.64731
5.2652,0.63837
3.1407,0.75661
5.0559,0.64612
5.0667,0.64555
5.3623,0.63283
5.2722,0.63719
5.1995,0.64042
4.9773,0.65127
5.2758,0.6359
3.3326,0.74222
5.5386,0.62164
4.9683,0.65212
5.0272,0.64936
4.9429,0.65349
5.442,0.62704
5.0909,0.64518
5.0863,0.64558
4.9754,0.65153
5.8264,0.60959
5.1819,0.64154
5.0252,0.65057
5.0365,0.65021
5.2422,0.64078
5.1729,0.6435
5.3827,0.63214
5.4238,0.62965
4.9519,0.65039
4.9191,0.65129
5.2731,0.63417
3.3933,0.73513
5.4688,0.62494
3.4087,0.73404
5.3101,0.63318
5.2788,0.63492
5.9219,0.60634
5.0764,0.64451
5.6777,0.61686
5.2561,0.6348
5.7363,0.61348
5.2522,0.63457
5.1576,0.63931
4.9163,0.64896
5.1345,0.64033
5.6155,0.6173
5.5766,0.61998
5.2633,0.63391
4.1249,0.68983
4.8937,0.64955
5.7482,0.61344
5.1946,0.63915
5.4566,0.6265
5.8893,0.60807
5.3142,0.63374
5.5915,0.62098
5.5129,0.62357
5.4761,0.62601
5.317,0.63455
5.2726,0.63658
5.1366,0.6429
5.0435,0.64728
5.422,0.62665
5.3222,0.63192
4.6244,0.66446
5.2599,0.63578
0.32152,1.2342
5.1744,0.63992
5.194,0.63862
5.1207,0.64292
4.9999,0.64905
5.7662,0.61087
5.2117,0.64097
5.6767,0.61463
5.2163,0.64026
5.2448,0.63849
5.4007,0.62698
5.1124,0.63879
5.4103,0.62826
5.3147,0.63433
5.3184,0.62993
5.3351,0.63002
5.3694,0.63
5.3242,0.6297
5.1369,0.64175
5.6198,0.61798
5.323,0.63311
5.7926,0.60727
5.3421,0.6324
5.5643,0.6199
5.3323,0.63281
5.2684,0.63624
5.2908,0.63441
5.4134,0.62813
5.1593,0.63975
5.4067,0.62767
5.6944,0.61774
5.6475,0.61964
5.6008,0.62032
5.5783,0.6208
5.4175,0.62677
5.4487,0.62747
5.2222,0.6337
5.5413,0.62347
0.26205,1.2806
5.1755,0.63618
5.4542,0.62843
5.5572,0.62339
5.5983,0.62022
5.4475,0.62568
5.3219,0.6304
5.2109,0.63509
5.6671,0.61638
5.816,0.60995
3.0857,0.75654
5.8631,0.60763
5.8142,0.60971
5.7311,0.61259
5.6651,0.61468
5.8286,0.60889
5.0403,0.64654
5.0054,0.64799
5.1435,0.6413
5.0217,0.64708
5.232,0.63703
5.0145,0.64733
5.6984,0.61581
5.1726,0.6402
4.982,0.64908
5.1336,0.64216
5.3893,0.62948
5.5791,0.621
5.655,0.61664
5.6651,0.61286
5.27,0.63714
5.7213,0.61096
5.81,0.60801
5.4227,0.62264
4.7347,0.65442
4.6752,0.65744
5.6764,0.61236
5.0332,0.64014
4.8479,0.64743
5.3315,0.63071
5.275,0.63355
5.4036,0.6283
5.1604,0.63976
5.1442,0.64081
5.164,0.64073
5.3577,0.6314
5.1767,0.63997
5.1623,0.63999
5.2757,0.63441
5.5155,0.62301
5.2628,0.63499
5.3539,0.63097
5.2326,0.63701
5.2211,0.63019
5.5787,0.6204
5.3089,0.62744
5.1724,0.631
5.8942,0.60606
5.6765,0.61501
4.3199,0.67845
5.5325,0.61822
5.6733,0.61371
5.8222,0.60833
5.6371,0.61585
4.8959,0.64709
0.2115,1.3213
5.1867,0.63193
5.3862,0.62208
5.5816,0.61795
5.889,0.60418
4.4704,0.6657
5.4587,0.62499
5.6703,0.6122
4.9614,0.6442
5.744,0.61133
5.2041,0.63418
1.2233,0.95735
5.4558,0.62147
5.4043,0.62324
4.5983,0.6609
5.0786,0.63567
5.3458,0.62526
4.9696,0.64898
5.3182,0.62965
5.1809,0.63886
5.3706,0.62782
4.8369,0.65306
5.1799,0.63879
4.7002,0.65475
5.1365,0.63403
5.0035,0.64004
5.1964,0.6316
5.26,0.63666
5.7144,0.61248
5.2191,0.63045
5.1984,0.63139
4.4338,0.66895
5.2507,0.63387
5.1602,0.63745
5.4648,0.61728
5.5523,0.61966
5.7264,0.61196
5.4916,0.62315
5.2547,0.63559
5.3929,0.62917
5.4104,0.62767
5.399,0.62896
5.4107,0.62794
5.325,0.63165
5.2979,0.63274
5.5061,0.62166
5.4073,0.62711
5.2726,0.63255
4.7051,0.65332
6.0787,0.59586
6.0017,0.59957
5.5653,0.61855
5.376,0.62521
5.051,0.63788
5.4833,0.62094
5.2906,0.62679
5.4946,0.62265
5.3695,0.62907
5.3527,0.63003
5.2024,0.63753
5.1027,0.64204
5.1778,0.63863
5.1064,0.64232
5.0409,0.6455
5.4163,0.62372
5.6177,0.61715
5.4646,0.62408
5.3664,0.62834
5.5253,0.62112
5.3504,0.62973
5.16,0.63654
5.2122,0.63704
5.8231,0.60576
5.5371,0.62069
5.5702,0.61873
5.457,0.62422
1.3031,0.94392
5.6151,0.61652
5.7711,0.61012
5.5778,0.61706
5.4045,0.62661
5.6443,0.61529
5.6725,0.61437
5.3864,0.62794
5.6226,0.61765
5.4593,0.62496
5.4722,0.62449
5.7493,0.61015
5.5802,0.61902
5.4792,0.62331
5.6922,0.61385
5.4717,0.62379
5.2915,0.63222
1.5193,0.91017
1.5271,0.90997
5.2897,0.63127
5.3454,0.62816
5.3388,0.62878
5.2363,0.63411
5.2332,0.63421
5.2337,0.63478
5.2483,0.63407
5.4243,0.62519
5.4256,0.62551
5.3275,0.63107
5.3004,0.63172
5.3196,0.63043
5.4661,0.62298
5.4612,0.62344
4.8988,0.6497
5.5968,0.61752
5.6038,0.61708
5.5335,0.62045
5.7017,0.61303
5.444,0.62496
5.682,0.61369
5.2857,0.63171
5.6927,0.61261
5.2394,0.63321
5.2317,0.63539
5.1857,0.63694
5.4169,0.62076
5.1018,0.63528
5.2239,0.62892
4.9581,0.64186
5.1835,0.63672
5.7115,0.60763
5.3333,0.6279
5.2518,0.63406
5.2347,0.63539
2.5484,0.79652
5.3552,0.6284
5.5089,0.62073
5.5365,0.62004
5.364,0.63041
5.5028,0.62385
5.2689,0.63242
4.9537,0.65
5.2329,0.63599
5.2227,0.63212
5.0411,0.64259
5.1451,0.63743
5.006,0.64573
5.2578,0.6309
5.3742,0.62483
5.3342,0.62761
5.074,0.63936
4.8313,0.64899
5.1223,0.63524
5.4777,0.62365
5.2018,0.63355
2.9358,0.76687
5.0854,0.64191
5.0726,0.64177
5.3751,0.62327
5.3773,0.62682
5.4435,0.62111
5.5165,0.62039
5.5546,0.61693
5.2401,0.6348
5.1828,0.63699
5.2711,0.63283
5.1707,0.6378
5.3927,0.6281
5.501,0.62421
5.2664,0.63436
5.3167,0.63143
5.2265,0.6362
4.9969,0.64644
5.2624,0.62822
5.1053,0.63475
5.3845,0.62316
5.4998,0.61864
5.1586,0.63701
2.3058,0.82055
2.3169,0.8194
5.1992,0.63515
4.6838,0.65639
2.1615,0.83242
5.2227,0.63574
5.1951,0.63353
4.9933,0.64351
5.316,0.62677
4.8917,0.65146
4.9101,0.65023
5.0232,0.6441
5.1396,0.63815
4.8851,0.65091
5.2122,0.6316
5.188,0.63232
5.0871,0.64029
5.1688,0.635
4.8758,0.65035
5.0612,0.63749
5.1775,0.63464
5.0168,0.63959
5.0919,0.638
5.0929,0.63891
5.1055,0.63818
5.055,0.6411
4.9027,0.64899
4.9277,0.64754
4.9381,0.6475
5.1478,0.63785
5.0281,0.641
5.2819,0.63037
5.1541,0.63684
4.8216,0.6511
4.7487,0.65471
5.1762,0.63446
4.952,0.64488
5.0379,0.64018
5.0584,0.63984
5.1543,0.63438
5.0387,0.64099
5.4341,0.62151
5.0495,0.63913
5.0691,0.63386
5.0971,0.63675
5.1335,0.63481
5.2988,0.62666
5.3572,0.62481
4.9189,0.64431
5.2022,0.63178
5.0793,0.63685
5.2885,0.62491
5.3192,0.62332
4.7141,0.65361
5.1125,0.63444
5.3261,0.62428
5.2361,0.62904
5.2637,0.62726
5.3187,0.625
5.1589,0.6331
5.2122,0.62887
5.2561,0.62637
5.1182,0.63542
5.3308,0.62257
5.5025,0.61609
5.0171,0.6367
3.9067,0.6936
5.0693,0.63105
5.0443,0.63509
4.0046,0.68816
3.8957,0.69422
3.8346,0.69692
4.2712,0.6745
5.2438,0.62747
5.1598,0.63116
5.0844,0.63473
5.2032,0.62891
5.3756,0.62058
5.1122,0.63308
5.0066,0.63786
5.1873,0.62816
5.1642,0.62971
5.2821,0.62345
5.2947,0.62278
5.1843,0.62708
5.187,0.62758
5.1836,0.62815
5.1461,0.62883
5.0152,0.63592
5.3981,0.61839
5.0422,0.63526
5.0038,0.63687
2.5773,0.78351
5.1453,0.62495
5.1233,0.62774
4.906,0.64028
5.1402,0.62363
4.9403,0.63853
3.0059,0.7512
2.8935,0.75931
5.0928,0.62982
5.4121,0.61373
5.2934,0.61922
5.0998,0.62827
5.0748,0.62921
5.1811,0.62414
5.4052,0.61352
4.8544,0.63945
4.7771,0.63823
5.0078,0.63202
3.0571,0.74468
5.2641,0.61897
5.4255,0.60795
5.2025,0.62225
5.091,0.61988
5.3787,0.6057
4.9167,0.6358
4.7038,0.64635
5.0981,0.6262
1.4453,0.90338
5.1435,0.62381
5.1648,0.62252
5.3649,0.61149
5.3233,0.61371
5.2712,0.61639
4.9327,0.63334
5.6524,0.59722
4.7433,0.6426
4.8065,0.63873
5.452,0.60609
4.6104,0.64927
4.8459,0.63616
5.0568,0.62477
4.4833,0.65519
4.6107,0.64681
4.8032,0.63597
4.625,0.64518
5.3255,0.60721
5.0899,0.61992
4.9988,0.62356
5.1536,0.61566
5.2326,0.61081
5.1759,0.6134
4.9595,0.62438
4.9661,0.62471
5.1421,0.61464
4.9038,0.62715
5.045,0.61993
5.3532,0.60338
4.9133,0.62623
5.1162,0.61603
5.3506,0.60296
5.3348,0.60245
5.5175,0.59409
5.3849,0.60037
5.2425,0.60571
4.9155,0.62389
4.9537,0.62121
5.0151,0.61835
5.0803,0.61345
5.1069,0.61162
5.0538,0.61564
4.8504,0.62572
4.7442,0.63116
4.7902,0.62805
4.9633,0.6114
4.8676,0.62397
4.9722,0.61137
4.6763,0.63399
4.6629,0.63415
4.8615,0.62352
4.64,0.63503
5.1554,0.60826
5.0611,0.60776
5.3151,0.59581
5.053,0.60485
5.2571,0.59855
5.2368,0.5974
4.9883,0.6116
4.8494,0.61974
0.26726,1.2401
4.8577,0.61831
5.406,0.59262
2.3529,0.78369
4.8499,0.61734
4.5355,0.63527
5.3445,0.59276
5.1459,0.60185
5.3907,0.58752
4.6474,0.62919
4.6371,0.6293
4.6798,0.62702
4.6227,0.62946
5.0032,0.60845
4.8743,0.61307
4.9054,0.61133
5.039,0.60456
4.7374,0.62198
4.4081,0.63859
4.9182,0.61029
4.3096,0.64272
4.7855,0.61633
4.6543,0.6236
1.3161,0.90479
4.7802,0.61514
1.4103,0.88698
4.8025,0.61332
4.8058,0.61342
4.9251,0.60684
4.7754,0.61392
4.9057,0.60679
4.777,0.61366
4.5198,0.62609
4.6425,0.61924
4.8657,0.60792
4.7399,0.61535
4.8349,0.61074
4.7924,0.61281
4.3468,0.63428
4.7967,0.60977
4.7768,0.61014
4.7764,0.61191
4.881,0.60648
4.6454,0.61716
2.516,0.75692
4.7007,0.61505
4.8424,0.60718
4.7166,0.61294
0.27582,1.2185
0.25695,1.2338
4.6351,0.61526
0.19804,1.2864
1.1902,0.91423
4.671,0.61374
4.4744,0.6228
5.044,0.59281
4.6609,0.61178
4.6774,0.61003
4.7489,0.60803
4.5481,0.61893
4.6989,0.61134
4.6408,0.61413
4.9365,0.59695
4.8093,0.6048
4.8303,0.60334
4.5018,0.61717
4.6366,0.61197
4.8636,0.59314
4.5593,0.61542
4.5162,0.61759
4.5207,0.61697
4.6107,0.61056
4.4689,0.61892
4.5249,0.61473
4.6927,0.60581
4.4342,0.62058
4.5356,0.6155
4.5308,0.61478
4.687,0.59936
4.5673,0.6119
4.6218,0.60977
4.5108,0.61492
4.6264,0.60867
2.778,0.72711
4.5642,0.61054
4.3975,0.61891
4.2697,0.62539
4.3407,0.62076
4.6239,0.60611
4.3218,0.62174
4.1838,0.62939
4.5864,0.60809
4.3099,0.62203
4.3635,0.61886
4.6019,0.60616
4.5079,0.61158
4.5086,0.61132
4.5292,0.61075
4.4663,0.6128
4.4873,0.61093
0.25463,1.2268
4.6225,0.60369
4.4813,0.61143
4.303,0.6215
4.3315,0.61804
4.5605,0.60581
4.5575,0.60474
4.4731,0.60988
4.293,0.61965
4.3737,0.61426
4.2969,0.61764
4.3019,0.61742
4.6242,0.60012
4.4395,0.60933
4.2246,0.6199
4.3579,0.6116
4.2124,0.6215
4.1671,0.62243
4.2336,0.6186
4.1993,0.62041
4.3032,0.61429
4.4083,0.60863
4.2224,0.61848
4.3541,0.6111
4.3525,0.61035
4.7972,0.58337
4.5916,0.59456
4.2206,0.61707
4.8024,0.58388
4.6638,0.59326
4.6514,0.59233
4.8488,0.58149
4.5492,0.59693
4.6479,0.59032
4.688,0.58844
4.5752,0.59382
4.6302,0.59056
4.2645,0.61276
4.1774,0.61751
4.3072,0.60988
4.0819,0.62187
4.4737,0.59925
4.3082,0.60813
4.3647,0.60397
4.3682,0.60479
4.2927,0.60652
4.4029,0.60154
4.7347,0.58318
4.6025,0.59018
4.5653,0.59164
4.6276,0.58735
4.5844,0.59035
4.3969,0.59954
4.6982,0.5841
4.5554,0.59218
4.3666,0.60113
4.3901,0.59712
4.4414,0.59741
4.5425,0.59066
4.3077,0.6036
1.907,0.78548
4.3288,0.59992
4.1698,0.61041
4.4446,0.59285
4.1509,0.6102
4.1646,0.60945
4.254,0.60681
4.2695,0.60561
4.1961,0.60851
4.5091,0.58912
4.5275,0.58953
4.4563,0.5918
4.1935,0.60648
4.0528,0.61415
4.1188,0.60939
3.9006,0.62406
4.4359,0.5925
4.4034,0.59145
4.069,0.61255
4.7379,0.57493
4.6186,0.58045
4.3516,0.59487
4.4428,0.58819
4.2234,0.60134
4.4696,0.58691
4.428,0.58778
4.8655,0.56385
4.6512,0.57446
4.5321,0.5809
1.9504,0.77681
4.4946,0.58315
4.465,0.58365
4.4037,0.58646
4.7774,0.56515
4.5962,0.57511
4.9533,0.55655
2.213,0.74146
4.2133,0.59752
4.0268,0.61132
3.9954,0.61365
3.7821,0.62735
4.7505,0.56754
3.9641,0.61368
3.8989,0.61765
4.9159,0.55751
4.6897,0.56965
4.8332,0.56125
4.366,0.58708
4.411,0.58482
4.0585,0.60564
3.962,0.61077
67.08,-0.27644
4.5545,0.57395
4.0853,0.60075
4.3729,0.58508
4.2412,0.59156
4.3639,0.58541
4.3594,0.58399
4.1496,0.59185
4.145,0.59651
4.183,0.5974
4.4314,0.5833
4.4493,0.57868
4.6391,0.5715
4.7414,0.56586
4.5077,0.57315
4.4192,0.57906
4.0026,0.60193
4.4443,0.5784
4.1716,0.59332
4.0578,0.60117
4.2487,0.58931
4.4356,0.58105
3.9222,0.60961
4.0566,0.59669
4.1948,0.59482
4.1489,0.59067
4.2901,0.59038
4.2756,0.58629
4.1681,0.59287
4.154,0.59374
3.8881,0.60966
4.1696,0.59547
4.4292,0.57858
4.3584,0.58393
4.1064,0.59605
4.2555,0.58994
3.8407,0.61403
3.9329,0.60758
3.9504,0.607
4.1151,0.59513
4.0567,0.60098
3.8945,0.60817
4.0393,0.59851
4.028,0.60006
4.0171,0.6012
4.0918,0.59397
4.562,0.56676
4.2985,0.57855
4.23,0.58541
4.4499,0.5706
4.474,0.57297
4.7801,0.55343
4.9786,0.54628
4.5265,0.56985
4.5395,0.56843
4.658,0.56135
4.7535,0.55732
4.6427,0.56217
1.0806,0.8918
4.1877,0.58749
4.3682,0.57576
4.2248,0.58267
4.3478,0.57655
4.0395,0.5971
4.4408,0.57
4.5005,0.56841
4.1903,0.58731
4.0761,0.59362
4.1966,0.58737
4.6012,0.56427
4.7575,0.55833
4.8395,0.55525
3.9407,0.60573
4.9776,0.5472
4.3406,0.57493
4.9801,0.54751
4.351,0.58142
3.8467,0.60988
4.6927,0.56116
4.2093,0.58667
4.4527,0.57492
4.7855,0.55621
4.0915,0.59595
4.1684,0.58759
4.2416,0.58302
3.8093,0.61164
4.2384,0.58279
3.8943,0.60482
3.7973,0.61191
4.021,0.59688
4.0251,0.59996
4.1524,0.59012
3.9297,0.60364
4.6881,0.55858
4.3212,0.57801
4.2789,0.57987
4.5143,0.56507
4.2434,0.58097
3.0859,0.65659
4.2493,0.58302
4.4471,0.57079
3.9157,0.60305
4.0345,0.59718
4.3303,0.5789
4.4069,0.57421
4.1342,0.59139
3.7966,0.61071
4.2943,0.58148
3.9324,0.60193
3.9269,0.60255
3.8332,0.60896
4.026,0.59964
3.9306,0.59801
3.3034,0.6305
3.8722,0.60583
3.8603,0.60448
3.9566,0.59957
4.0516,0.59202
4.1954,0.57746
4.0824,0.59247
3.9017,0.60228
3.8734,0.60068
4.0455,0.59107
3.9018,0.60437
3.9155,0.60275
3.9578,0.60022
3.9609,0.60136
3.8127,0.60891
3.8703,0.60442
3.9336,0.602
4.2176,0.57994
4.0961,0.58735
3.9353,0.59257
3.9964,0.59562
58.821,-0.25462
3.9037,0.59647
4.0598,0.58661
3.8974,0.60331
4.0088,0.59398
4.076,0.59209
4.1991,0.58569
4.1209,0.59235
3.1502,0.65169
4.1498,0.58432
4.3879,0.57341
4.1308,0.58727
4.3394,0.57394
3.4722,0.62825
4.2239,0.57992
2.1254,0.74107
4.0333,0.59186
0.15129,1.2954
4.2691,0.57892
3.9404,0.59896
3.4622,0.61997
2.6576,0.67862
3.5982,0.61471
2.9337,0.65676
3.7973,0.59863
3.8094,0.60299
3.8907,0.59319
3.7646,0.60204
4.0043,0.58694
3.9043,0.59389
3.0434,0.64551
3.4618,0.62059
3.8088,0.60832
4.1653,0.58323
3.9732,0.59693
3.9824,0.59592
3.9267,0.59776
3.792,0.60691
3.7789,0.60785
3.9638,0.5952
3.7834,0.60849
3.8098,0.60703
3.8601,0.60148
3.8017,0.6069
3.9429,0.59702
3.8919,0.60082
3.3101,0.6373
3.5881,0.62045
3.6895,0.61146
4.1662,0.58114
4.0873,0.58897
3.8487,0.60057
3.9307,0.59797
4.0083,0.59329
3.8946,0.5987
3.8529,0.60236
3.4278,0.62303
4.0532,0.58791
3.2257,0.63408
3.2545,0.63765
4.0864,0.58409
3.8293,0.59956
2.9466,0.65868
4.2908,0.57575
3.264,0.63617
3.8729,0.59657
3.8953,0.59391
3.8153,0.60043
3.7955,0.60702
3.6682,0.61435
4.1015,0.58682
3.968,0.59488
3.9477,0.59636
4.0648,0.58895
3.8931,0.59813
3.9686,0.59322
3.9378,0.59701
4.2124,0.58113
3.9308,0.59466
4.0719,0.58907
3.7142,0.60493
3.6714,0.61317
3.8441,0.59877
3.9426,0.59608
3.8971,0.60028
3.7229,0.60713
4.0689,0.58344
3.7532,0.60692
3.901,0.59521
4.2443,0.57572
3.9383,0.595
3.7289,0.60929
3.9507,0.59534
3.937,0.5889
3.873,0.59102
4.0831,0.58064
4.2273,0.57825
4.0709,0.58145
4.5335,0.559
4.4959,0.56298
3.9704,0.59384
4.0859,0.58676
4.2174,0.57838
4.0676,0.58686
3.9719,0.59102
3.3517,0.63103
3.5009,0.61796
4.1956,0.57448
4.2471,0.57237
4.2713,0.56999
4.1206,0.5799
4.0594,0.58105
4.3025,0.5709
4.2914,0.57192
4.1154,0.5832
4.2165,0.57555
4.069,0.58419
4.1628,0.58103
4.1443,0.5815
4.197,0.57712
4.2882,0.5738
4.002,0.59149
3.9083,0.59659
3.961,0.59377
4.0073,0.59153
3.8528,0.60033
3.8802,0.59922
4.0096,0.58955
4.0826,0.5861
3.401,0.62863
3.1498,0.64364
2.2159,0.72672
3.396,0.63032
2.1482,0.73415
4.2747,0.57653
4.3925,0.56886
4.0831,0.58644
4.069,0.58706
3.613,0.61342
3.6413,0.61445
3.9371,0.59426
3.8361,0.60066
3.6207,0.61141
3.5076,0.62222
3.4918,0.62639
3.7705,0.60374
3.9325,0.59403
3.9035,0.59764
4.0469,0.58695
3.8867,0.59619
4.0478,0.58763
4.1347,0.5814
3.8575,0.59146
56.766,-0.24171
3.4353,0.62872
62.492,-0.28329
3.4357,0.62814
64.415,-0.27687
56.126,-0.26077
3.1796,0.6383
4.0694,0.58566
2.795,0.6692
3.5202,0.61866
0.82179,0.93935
3.9266,0.59148
3.9264,0.59232
2.8413,0.66901
3.7148,0.60226
3.7155,0.60579
2.9497,0.65834
4.0039,0.58659
3.8922,0.59357
2.8711,0.66539
4.0623,0.58207
3.0176,0.65608
3.8185,0.60322
3.735,0.60919
4.0459,0.58536
3.8689,0.59466
4.1519,0.57931
3.8521,0.59393
3.7426,0.59979
4.0618,0.58079
4.1634,0.57592
3.3471,0.62763
4.2507,0.5726
4.0749,0.58247
4.0761,0.58191
4.1376,0.58111
4.1684,0.58128
2.9249,0.6646
3.9543,0.59046
3.8643,0.59597
3.9165,0.58706
3.1914,0.63748
3.5008,0.61793
3.9528,0.58461
4.0701,0.57623
3.9133,0.58993
3.2738,0.63114
4.2951,0.57027
0.73475,0.96395
3.7395,0.60401
55.833,-0.24378
3.792,0.60151
3.8825,0.59519
3.6872,0.60889
3.3607,0.62844
3.3716,0.62785
0.82161,0.94342
3.8232,0.59937
3.7964,0.60102
2.7967,0.66622
3.9784,0.58901
4.0687,0.58618
4.293,0.56998
1.8748,0.76012
4.0306,0.58376
3.7267,0.60256
3.7161,0.60071
3.4969,0.62144
3.8646,0.59459
3.8536,0.59711
3.889,0.59299
3.1753,0.6369
3.1317,0.64298
3.7576,0.59838
3.9649,0.58851
3.8866,0.59485
4.0568,0.58157
3.9299,0.59196
3.0039,0.65169
3.7848,0.59814
3.1023,0.64534
4.0012,0.58569
3.2055,0.63787
4.0351,0.58176
3.8257,0.5975
3.6919,0.60557
3.9275,0.5915
3.9101,0.59241
3.8154,0.59841
4.0266,0.58578
4.0019,0.59141
3.6281,0.60665
4.1156,0.58064
3.4822,0.61696
3.6956,0.60244
3.9561,0.58882
3.7501,0.59852
3.9174,0.5918
3.9628,0.58755
4.2397,0.57065
4.1752,0.57339
3.6143,0.60422
4.2242,0.5705
3.3642,0.6254
3.1878,0.63857
4.1688,0.5765
2.8341,0.66113
3.6788,0.60058
3.827,0.59865
3.6985,0.60125
3.6715,0.60632
2.8239,0.66461
2.887,0.66047
3.556,0.61354
3.3423,0.62789
3.5298,0.61577
3.2357,0.63685
3.6442,0.60842
3.7355,0.60204
3.7849,0.60201
3.6495,0.61035
3.456,0.61699
3.7498,0.60249
3.7194,0.6
3.9049,0.59416
3.6026,0.61087
3.6097,0.61246
0.14977,1.2907
3.7796,0.60392
3.6329,0.6122
3.6839,0.61058
3.9627,0.58505
3.8901,0.58823
3.9784,0.58249
4.1658,0.57274
4.1788,0.57533
4.0455,0.58112
4.2774,0.56876
3.9551,0.58944
4.1437,0.57848
4.0173,0.58495
4.0863,0.58165
3.9346,0.59045
3.1225,0.63529
3.6556,0.60407
2.89,0.66058
2.7938,0.66966
3.6645,0.60419
3.5463,0.61057
3.9277,0.5867
3.6698,0.60438
3.4561,0.61797
3.7209,0.59937
3.548,0.61242
2.6318,0.68018
2.9343,0.65212
2.9945,0.64863
2.8574,0.66161
3.396,0.62268
2.8209,0.66596
3.915,0.58906
3.1888,0.63663
3.8265,0.59192
3.1727,0.63711
3.8249,0.59248
3.9803,0.58517
3.7853,0.59693
3.7356,0.59722
3.6893,0.60117
3.4524,0.62141
3.0483,0.64505
3.0362,0.64617
3.4354,0.61542
2.7443,0.66933
3.8567,0.59022
3.5574,0.61439
3.3917,0.6225
4.1109,0.57842
3.986,0.58305
3.8483,0.59251
3.7768,0.59692
2.5918,0.68631
3.5515,0.6105
3.8332,0.59596
3.3578,0.62036
3.9909,0.58162
3.5753,0.60188
3.8699,0.58751
3.9679,0.5839
3.6318,0.60287
4.0616,0.57649
3.8758,0.59181
4.0351,0.58178
3.9581,0.58646
4.0862,0.57876
3.6817,0.59713
3.5595,0.60554
4.2549,0.57034
3.0268,0.64992
3.887,0.59025
4.0354,0.58477
4.0168,0.58821
4.0449,0.58406
3.8805,0.59456
3.9558,0.58869
3.3524,0.62949
3.2766,0.63262
4.1922,0.57098
4.1754,0.57505
3.0168,0.64552
3.7825,0.594
3.9103,0.58867
3.9945,0.58615
3.7216,0.59889
3.9218,0.59172
3.1916,0.64029
3.2434,0.63571
3.7472,0.60155
2.4794,0.69196
2.7802,0.66974
3.858,0.59317
0.13765,1.3026
3.2253,0.63277
3.7631,0.59989
3.5903,0.60986
3.6432,0.60762
3.6057,0.61036
3.9754,0.58386
4.0264,0.5807
3.2624,0.63208
3.5191,0.6126
3.436,0.61941
4.1275,0.5747
3.9816,0.58636
2.9628,0.6559
3.0738,0.64542
2.954,0.65407
4.0614,0.58285
3.2359,0.63287
3.586,0.61014
3.268,0.63124
3.3771,0.62496
3.9325,0.58559
4.3716,0.56031
4.0653,0.57814
4.0816,0.57617
4.0903,0.57728
4.3429,0.56439
4.0948,0.57861
3.946,0.58513
3.6256,0.60017
3.8451,0.58661
4.4271,0.55847
3.7572,0.59312
3.7243,0.59531
3.9135,0.58742
4.0279,0.58064
4.1335,0.57392
4.1122,0.57474
4.2116,0.56766
0.83936,0.92596
4.073,0.57483
3.3086,0.62588
2.8197,0.65959
4.0338,0.58054
4.0403,0.57917
3.971,0.58753
3.4791,0.60898
4.2538,0.57001
3.2005,0.63942
3.5026,0.61018
3.9357,0.58617
4.2962,0.56489
4.2145,0.5714
3.9946,0.5802
3.7478,0.59906
3.7695,0.59565
3.7557,0.59714
3.9858,0.58374
3.9322,0.58553
3.8756,0.59073
3.8667,0.59072
4.0885,0.57774
4.1442,0.5753
3.9919,0.58398
4.0621,0.57851
4.0413,0.58045
3.824,0.59507
3.3883,0.62382
3.1999,0.63856
3.2333,0.63454
3.1241,0.64234
3.0721,0.64548
2.8442,0.66066
2.871,0.6608
3.5812,0.60723
3.8627,0.59455
2.7801,0.66467
2.7496,0.66919
4.2868,0.56337
4.2414,0.56666
3.9783,0.58207
3.8338,0.58922
4.0596,0.57645
4.1855,0.57014
3.8067,0.59278
3.9855,0.58494
3.7573,0.59375
3.809,0.58831
3.8361,0.59094
3.828,0.58861
3.9974,0.58457
3.5131,0.61619
3.2749,0.63208
2.7061,0.66975
2.9938,0.65003
2.6389,0.67571
3.2041,0.639
3.2004,0.63794
3.3876,0.62556
3.2621,0.63477
3.3052,0.63068
3.9824,0.58517
2.8046,0.65724
3.6457,0.59801
3.6631,0.59638
3.0788,0.63884
3.0373,0.64531
2.8965,0.65462
3.5416,0.61215
3.4635,0.61769
3.7491,0.60023
3.0115,0.64678
2.9653,0.64963
4.0127,0.58274
3.6042,0.59983
3.7012,0.59236
3.7663,0.59168
3.7994,0.58777
3.8636,0.58063
3.6075,0.60321
3.897,0.58672
3.9298,0.58499
3.8157,0.59286
0.13919,1.2971
3.7442,0.59243
0.15044,1.2801
2.5634,0.6741
3.7068,0.5951
2.8376,0.65713
2.6544,0.67211
3.7497,0.59091
3.003,0.64318
3.3518,0.6228
2.9494,0.64838
2.9662,0.64558
3.4142,0.6185
2.9838,0.64572
3.0662,0.63812
2.8907,0.65085
4.2993,0.56502
3.7771,0.59845
3.6031,0.61036
3.9406,0.58949
3.7713,0.59111
3.8213,0.59181
3.8569,0.58955
3.9125,0.59011
3.9289,0.58558
3.7323,0.60024
4.0362,0.57888
4.1932,0.56715
2.789,0.6574
3.7091,0.60413
3.9417,0.58848
3.514,0.61475
3.5873,0.60958
3.7078,0.60133
3.8855,0.58772
3.8098,0.59315
3.685,0.59965
3.7265,0.59592
3.7118,0.59914
3.608,0.599
4.3942,0.55904
3.676,0.59643
3.2395,0.62208
3.6846,0.60491
3.7301,0.59468
3.8029,0.58983
3.716,0.59295
4.3197,0.56261
2.8885,0.65903
4.2037,0.56839
4.0454,0.57982
3.8601,0.58905
3.2287,0.62689
3.2827,0.62144
3.9788,0.58249
2.8122,0.66007
3.8034,0.58957
3.5446,0.60682
2.7749,0.6662
3.1876,0.63254
3.3597,0.61895
3.1017,0.64334
3.7458,0.59998
3.8879,0.58232
3.9353,0.57969
3.5296,0.61117
3.9169,0.58085
2.9475,0.65026
3.6201,0.60328
4.1533,0.57334
3.7358,0.59951
4.0002,0.58189
3.8868,0.58914
3.8398,0.59172
4.0053,0.58418
2.3939,0.68898
3.5917,0.59827
3.8199,0.58744
3.7493,0.59421
3.7416,0.59202
4.0167,0.586
3.7016,0.60495
3.5443,0.61509
3.9391,0.588
3.8805,0.59108
3.7832,0.59891
3.5759,0.60953
1.1857,0.85156
3.5292,0.60648
3.3185,0.61796
2.9047,0.65367
2.7083,0.66901
3.5513,0.60434
2.797,0.66165
3.5238,0.6083
2.8049,0.65918
2.9471,0.648
3.0159,0.6406
3.9462,0.57876
3.2602,0.61998
3.2888,0.61845
2.9565,0.65036
3.7549,0.59544
3.7173,0.59723
3.6057,0.60917
3.5561,0.61061
3.7717,0.59448
3.6273,0.59922
3.6254,0.60359
3.3521,0.62183
3.3997,0.6212
4.0916,0.57235
2.6257,0.67126
4.1357,0.57195
3.7583,0.5958
3.8897,0.58532
55.167,-0.25188
3.7191,0.59814
3.8448,0.58781
3.837,0.58889
3.8491,0.58843
4.1835,0.56898
3.6557,0.60366
2.9056,0.65637
3.5925,0.60844
3.6908,0.59647
3.4941,0.61492
3.731,0.59454
3.4009,0.62003
3.5178,0.60407
3.5204,0.60354
3.7306,0.59407
3.512,0.61614
3.5624,0.6111
3.597,0.60947
1.3672,0.82234
3.7568,0.59711
4.239,0.56366
3.8233,0.58852
3.0722,0.64213
4.0157,0.5793
3.9798,0.58126
3.2506,0.62225
3.5262,0.6047
3.9991,0.58122
61.377,-0.29691
4.0052,0.58165
3.8228,0.59259
3.0217,0.64031
3.6456,0.59578
3.6653,0.5955
3.4719,0.6046
3.7579,0.58967
4.2898,0.55899
3.9774,0.57727
4.1,0.56954
3.8114,0.59268
3.926,0.58108
4.1143,0.57022
3.9648,0.58266
3.8578,0.58648
3.8323,0.59229
3.8962,0.58804
3.6795,0.60194
3.9945,0.57843
2.7818,0.65899
3.4687,0.60494
3.8085,0.59188
4.0568,0.57511
4.0332,0.57677
3.8436,0.59164
3.4528,0.6095
3.5287,0.60628
2.4953,0.68924
4.1129,0.57674
2.7261,0.66805
2.6059,0.6764
3.8638,0.58629
2.8238,0.65926
2.5328,0.6835
3.6239,0.59805
2.6128,0.67425
4.1499,0.57512
2.803,0.65704
3.1125,0.6389
3.1351,0.63712
3.3005,0.61924
2.7698,0.66071
3.2777,0.62889
3.2036,0.63285
3.2373,0.63024
4.2648,0.56607
4.0794,0.57529
3.2409,0.62914
3.6785,0.60175
3.149,0.63882
3.2283,0.63716
3.7358,0.60075
3.6309,0.60792
3.9426,0.58844
3.7399,0.6015
3.7203,0.60093
3.7753,0.59644
3.8147,0.59504
3.7555,0.59817
3.7925,0.59587
3.5897,0.60979
3.3632,0.61809
3.8555,0.5864
3.7021,0.59714
3.8885,0.58536
3.7653,0.60046
3.7435,0.59244
4.1403,0.57195
4.2436,0.56754
3.8095,0.59126
4.0094,0.57945
3.9764,0.58317
4.0243,0.57706
3.8985,0.58334
3.8147,0.58959
3.8202,0.58798
4.1925,0.56505
3.4203,0.61182
3.5704,0.61033
3.6656,0.60519
3.6848,0.60226
4.1539,0.57562
3.7554,0.59767
3.7521,0.59222
3.9058,0.59176
2.4361,0.69161
2.6729,0.67273
3.2418,0.6344
4.0104,0.58479
3.6987,0.60516
2.6617,0.67609
2.6539,0.67649
3.5082,0.61729
3.0585,0.64623
3.7521,0.59838
3.9566,0.58514
3.2801,0.62804
3.7692,0.60043
2.9569,0.65141
2.1682,0.72942
2.9327,0.65487
3.0878,0.64806
1.4073,0.82188
3.2698,0.63418
2.7283,0.67266
3.0486,0.65005
3.213,0.63616
3.3264,0.62695
3.9225,0.58593
2.7979,0.66765
2.9722,0.65539
3.5294,0.61733
3.8303,0.59506
3.2241,0.63802
2.8889,0.66168
1.6848,0.7839
3.1876,0.64195
2.8536,0.66474
2.8853,0.66302
2.7043,0.67767
2.6695,0.67931
3.7279,0.60794
3.6142,0.60547
3.7028,0.60045
3.7065,0.60091
3.831,0.59818
3.5277,0.60859
3.8939,0.59298
4.1398,0.58083
4.2208,0.57401
3.2527,0.63947
4.1538,0.58075
4.0743,0.58505
4.032,0.58614
3.8931,0.59301
3.869,0.59603
3.9677,0.58782
3.8827,0.59355
3.926,0.59147
3.8552,0.59849
3.3842,0.63099
3.6031,0.61546
3.9074,0.60038
4.0067,0.59234
3.942,0.59155
3.9818,0.59212
58.247,-0.26955
3.4409,0.61678
3.6474,0.60678
4.0456,0.58258
3.8138,0.59452
3.8493,0.59757
3.7148,0.59949
2.994,0.65565
3.0475,0.64888
3.1517,0.64341
3.1895,0.64121
3.3237,0.62968
3.7169,0.60338
3.9149,0.59455
3.871,0.59962
3.7359,0.60521
3.9617,0.59697
3.596,0.6193
3.7844,0.60705
3.8722,0.60537
3.8439,0.60387
3.8087,0.60555
3.6926,0.61393
4.0649,0.58661
4.3231,0.57205
0.16659,1.2709
4.0228,0.59046
3.9676,0.59432
4.118,0.58435
3.2693,0.64018
3.8464,0.59886
4.2864,0.57685
3.7435,0.6063
3.9168,0.59792
4.3275,0.57417
3.925,0.60317
3.9488,0.59949
3.7678,0.60817
3.817,0.60771
3.7426,0.60646
4.1691,0.58473
3.9612,0.59979
3.3839,0.63517
1.9975,0.75704
4.1955,0.5864
3.0596,0.65152
3.4931,0.62624
3.0582,0.6568
3.2756,0.6415
3.3265,0.6394
3.0508,0.65755
3.2686,0.6417
3.5597,0.6272
4.0683,0.59294
3.3326,0.64052
3.8367,0.60563
3.8433,0.60881
3.313,0.6418
4.2502,0.58691
3.7629,0.61053
4.0189,0.59523
3.8492,0.60868
66.159,-0.28427
4.182,0.58533
4.0456,0.59699
4.0873,0.59262
3.8771,0.60777
3.9781,0.60428
4.3137,0.58311
3.8384,0.61343
4.2378,0.58702
4.04,0.59563
4.0947,0.59217
4.3291,0.58181
4.2345,0.58605
3.5074,0.63077
4.4076,0.57407
4.0657,0.59627
4.2848,0.58254
4.4113,0.57661
3.7859,0.61369
3.7671,0.618
3.7695,0.61861
3.8039,0.60889
4.2217,0.58934
3.9323,0.60799
4.1222,0.59275
3.985,0.60439
3.572,0.62982
4.066,0.60136
3.8412,0.60298
4.1075,0.59388
4.1487,0.59215
4.02,0.59945
4.0418,0.60513
4.1925,0.59148
2.2429,0.73822
2.2129,0.74128
4.218,0.5926
4.1805,0.59562
4.5955,0.57151
2.25,0.73794
2.2527,0.73712
2.3082,0.733
4.2976,0.59118
4.0756,0.60087
4.2166,0.59627
4.1635,0.59625
4.1934,0.59483
4.0928,0.6003
4.1483,0.59691
4.2047,0.59409
4.23,0.59389
4.1029,0.60031
4.315,0.58766
4.1723,0.59952
4.3562,0.58575
4.3272,0.58786
4.36,0.5869
4.3375,0.58971
4.0073,0.60667
4.4888,0.57807
4.5121,0.58046
4.5834,0.57391
4.2566,0.59552
4.4899,0.5828
4.4834,0.58158
4.3922,0.58629
4.2955,0.5934
4.4941,0.58085
4.2519,0.59508
3.8686,0.61718
4.0933,0.60569
4.2138,0.59839
2.1636,0.75286
4.1281,0.6036
2.2576,0.74288
3.9262,0.61755
3.8952,0.61303
4.0703,0.60192
4.2789,0.59581
4.1238,0.60361
4.1525,0.6024
4.2899,0.5948
4.1987,0.60068
2.2169,0.7477
4.3883,0.58527
4.1669,0.60305
4.2081,0.60181
4.2742,0.5974
4.1789,0.60484
4.2205,0.60092
4.1437,0.6075
4.1826,0.60182
4.2368,0.59878
4.3153,0.59455
4.3851,0.59353
4.1443,0.60615
4.1606,0.60522
4.0088,0.6153
4.0427,0.61307
4.2816,0.60079
4.3784,0.59308
4.2853,0.60017
4.1559,0.60697
4.4306,0.59321
4.1333,0.60157
3.2226,0.66807
4.3482,0.59048
4.3147,0.60112
4.1655,0.6076
3.6687,0.63872
3.8792,0.62527
3.6968,0.63733
4.4956,0.58987
4.2099,0.60596
4.3106,0.59941
4.037,0.61494
4.3896,0.5925
4.4235,0.58983
4.288,0.60161
4.0571,0.6167
4.4088,0.59338
4.6194,0.58233
4.5299,0.5876
4.1945,0.60924
4.7356,0.57737
4.4648,0.59301
4.5832,0.58645
4.4399,0.59582
4.4505,0.59498
4.3522,0.59801
4.3486,0.59657
4.5033,0.58987
4.5265,0.58868
3.8059,0.63129
4.5875,0.58553
4.2355,0.60556
4.2439,0.60552
4.3394,0.60058
3.642,0.64284
4.2172,0.60777
4.2024,0.6077
4.0506,0.61134
4.2912,0.60446
4.4753,0.59181
4.5579,0.5893
4.4489,0.59432
0.20094,1.2565
4.5189,0.58814
0.21024,1.2507
4.5656,0.58854
4.5592,0.58966
4.5288,0.59032
4.6141,0.58623
4.2426,0.60751
4.0402,0.6195
3.0742,0.68179
3.6998,0.64001
3.3729,0.66218
3.7602,0.63969
3.7911,0.63614
3.8276,0.63382
4.1445,0.61776
4.2155,0.61079
3.9289,0.62635
3.7277,0.64042
3.6571,0.6435
4.1429,0.61513
3.9088,0.63044
4.0145,0.62348
4.6131,0.58859
4.4777,0.59701
4.8333,0.57688
4.5163,0.59411
4.1887,0.6141
4.6437,0.58708
4.195,0.61313
4.0979,0.61839
4.7164,0.58112
4.1797,0.61435
4.5757,0.5921
3.9914,0.6247
4.6014,0.59037
4.2029,0.61319
4.1931,0.61449
3.9468,0.62883
4.2707,0.61108
4.333,0.60695
4.7586,0.58437
4.6768,0.58464
4.3251,0.60705
4.7919,0.58113
4.5323,0.59819
4.5109,0.59381
4.5883,0.5952
4.6244,0.59108
4.3273,0.61013
4.5154,0.59948
4.5219,0.5991
4.5849,0.59602
4.4909,0.60105
4.0968,0.62317
3.8832,0.63309
3.7935,0.64003
4.0305,0.62505
5.02,0.57185
3.967,0.62851
4.1588,0.61754
3.9233,0.6302
4.1231,0.61974
3.889,0.63341
4.0905,0.62164
3.8308,0.63808
3.8546,0.63615
4.8587,0.58088
4.2456,0.60927
4.8578,0.58138
4.8851,0.58044
5.026,0.57375
4.9122,0.5817
4.8725,0.58081
5.0109,0.57543
4.8496,0.58442
3.8155,0.64225
4.8465,0.58549
3.7526,0.64662
4.5052,0.60456
4.4647,0.60619
4.3089,0.61376
4.5157,0.60225
4.4152,0.60708
4.6029,0.59514
4.177,0.61893
4.1905,0.61792
4.3261,0.61095
3.9303,0.63335
4.4774,0.60649
4.3763,0.61268
4.0725,0.63124
4.701,0.59387
4.5505,0.60287
4.5599,0.6013
4.6516,0.59663
4.6642,0.59595
4.5902,0.59929
4.8291,0.58755
4.2203,0.61551
4.4974,0.60611
4.6329,0.59928
4.5503,0.60291
4.5693,0.60239
4.5143,0.60192
3.2909,0.6782
4.0077,0.63748
4.0449,0.63537
3.2426,0.68312
4.4426,0.60951
3.2998,0.67914
4.5064,0.60566
4.9763,0.58419
4.559,0.6069
3.9419,0.64124
3.3537,0.67559
4.913,0.58565
5.0667,0.58018
4.4824,0.60808
4.4468,0.6115
4.4407,0.61215
4.6826,0.59825
4.5706,0.60649
4.7626,0.59569
4.8927,0.59032
4.653,0.60273
4.7696,0.59489
4.4038,0.61806
4.2871,0.61796
3.546,0.66527
4.3847,0.61428
4.7135,0.60361
3.8719,0.64718
4.3376,0.62043
4.4379,0.61531
4.6488,0.60592
4.761,0.59915
4.5313,0.61106
4.5633,0.61247
4.9736,0.58781
4.4014,0.621
4.3812,0.61824
4.5258,0.61584
4.5622,0.60989
4.3713,0.62331
4.278,0.62722
4.6501,0.60757
0.22431,1.2567
4.355,0.62373
4.5624,0.61168
4.6957,0.60639
4.2547,0.62972
4.2462,0.62977
4.653,0.60899
4.3739,0.62355
4.5737,0.61287
4.7457,0.6041
4.3772,0.62477
4.8609,0.59706
4.6753,0.60631
4.8438,0.59685
4.388,0.62039
4.4799,0.61858
4.529,0.61631
4.5018,0.61733
4.4685,0.61964
4.4488,0.62079
4.4838,0.61938
4.232,0.63389
4.4164,0.62302
4.5512,0.61398
4.5609,0.61566
4.8796,0.59857
4.0069,0.64784
4.2499,0.63348
4.1619,0.63948
3.8426,0.65758
4.1264,0.6409
4.1891,0.63674
4.4975,0.61552
4.9819,0.59539
4.0351,0.64745
4.3478,0.6237
4.0622,0.64729
4.8228,0.60363
4.3736,0.62727
4.6649,0.61222
4.4057,0.625
4.4531,0.62293
4.513,0.61857
4.4004,0.62519
4.5966,0.61309
4.8854,0.59992
4.1441,0.64011
4.7099,0.60822
4.167,0.63632
4.1446,0.63895
4.0813,0.64395
4.3203,0.63014
4.6039,0.61504
5.0425,0.59182
4.2481,0.63574
4.1365,0.64269
4.6962,0.61215
4.6525,0.61356
4.8251,0.60704
4.6381,0.6161
4.4738,0.62428
4.7205,0.6105
4.7071,0.61246
4.125,0.64304
4.562,0.6201
5.2721,0.5816
4.2735,0.63643
4.5119,0.62374
4.3997,0.6295
4.6985,0.61255
4.5186,0.62237
4.6605,0.61431
4.6836,0.61328
4.5457,0.62178
4.4199,0.62783
4.5187,0.62356
4.195,0.64192
4.7479,0.61148
4.4885,0.61846
4.6639,0.61623
4.7638,0.61226
4.4774,0.62685
4.2705,0.63799
4.58,0.62157
4.3953,0.63116
4.4595,0.62763
4.2702,0.63779
4.5587,0.62281
4.2083,0.64255
4.5328,0.61932
4.7516,0.60805
4.3662,0.63361
4.304,0.63735
4.2485,0.64034
4.6336,0.6185
4.4534,0.62825
4.1942,0.64335
4.1122,0.64823
4.3844,0.63255
4.2126,0.64222
4.5378,0.62451
4.5133,0.6262
4.6103,0.62102
4.6205,0.62088
4.3637,0.63518
4.3807,0.63309
4.6847,0.61704
4.7479,0.61385
4.6718,0.61776
4.7402,0.61442
4.6861,0.61846
4.7383,0.61456
4.3536,0.636
4.5626,0.62451
4.6287,0.62189
4.4798,0.62881
4.5191,0.62694
4.5805,0.62328
4.5264,0.62629
4.5288,0.62652
4.5359,0.62618
4.7058,0.61723
4.6571,0.61959
4.5953,0.6222
4.6874,0.61896
4.964,0.605
4.5423,0.62771
4.3186,0.64017
4.6256,0.62293
4.8696,0.61023
4.4386,0.63289
4.3511,0.63801
4.6367,0.62176
4.6469,0.62085
4.6267,0.62192
4.6177,0.62206
4.4358,0.63246
4.6372,0.62166
4.5695,0.62636
4.6831,0.61911
4.3596,0.63723
4.499,0.63019
4.2756,0.64308
4.3316,0.63989
4.4003,0.63622
4.4086,0.63588
4.4392,0.63341
4.496,0.63068
0.23581,1.2621
4.57,0.62655
4.4516,0.63359
4.4376,0.63377
4.5289,0.62864
4.627,0.6235
4.4836,0.6313
4.5395,0.62899
4.4499,0.63317
4.6534,0.62321
4.4826,0.63259
4.5775,0.62749
4.6143,0.62493
4.5556,0.62873
4.4715,0.63233
4.659,0.6229
4.673,0.6222
4.5099,0.63056
4.1197,0.65176
4.7172,0.61903
4.8822,0.61106
4.7263,0.61997
4.6731,0.6217
4.9355,0.60968
4.593,0.62726
4.3692,0.63926
4.2989,0.64231
4.4113,0.63731
4.7378,0.6195
4.2611,0.64657
4.3777,0.63868
4.2535,0.64562
4.4816,0.63195
4.4975,0.63235
4.3299,0.64205
4.5744,0.62895
4.0141,0.65937
4.0734,0.65618
3.9901,0.66141
4.5234,0.63162
4.4715,0.63507
4.7817,0.61957
4.5598,0.63029
4.5385,0.63073
4.7105,0.62264
4.4499,0.63707
4.9661,0.61057
4.3707,0.64021
4.1233,0.655
4.3711,0.64138
4.1498,0.65347
4.5129,0.63331
4.4605,0.63594
4.5178,0.63277
4.4706,0.6351
4.5462,0.63153
4.4269,0.63786
4.4631,0.63602
4.368,0.64112
4.3993,0.63999
4.5829,0.63098
4.5574,0.63262
4.5424,0.63355
0.24098,1.2617
4.4301,0.63996
4.5093,0.63519
4.4323,0.63984
4.4659,0.63717
4.3945,0.64104
4.4554,0.63712
4.5058,0.63449
4.3933,0.64154
4.6121,0.62851
4.3939,0.63998
4.4567,0.63611
4.4537,0.6362
4.4504,0.63669
4.4446,0.63784
4.6704,0.6247
4.5774,0.63053
4.7056,0.62505
4.5878,0.63029
4.4947,0.63618
4.5057,0.63524
4.5205,0.63677
4.5078,0.63763
4.2841,0.64842
4.5076,0.63714
4.3213,0.64514
4.3309,0.64544
4.4432,0.63906
4.3785,0.64229
4.2977,0.64727
4.4264,0.64001
4.4305,0.63983
4.4209,0.64092
4.2154,0.65231
4.085,0.66043
4.1965,0.65363
4.0672,0.66171
4.0787,0.66099
4.2435,0.65139
4.1567,0.65665
4.2088,0.65358
4.2027,0.65405
4.113,0.65941
4.5158,0.63544
4.3735,0.64397
4.2173,0.65305
4.5179,0.6364
5.1214,0.60403
4.6005,0.63189
2.6992,0.75508
4.5821,0.63355
4.3245,0.64712
4.3552,0.64606
4.3919,0.64422
4.1949,0.65432
4.4565,0.64013
4.248,0.64848
3.9306,0.66337
4.0184,0.66372
5.047,0.60992
4.8276,0.62152
4.8075,0.62193
4.8366,0.62117
4.761,0.62483
4.5635,0.63619
4.8406,0.62035
0.27558,1.236
4.6791,0.62997
0.25919,1.2498
4.2963,0.65011
4.753,0.626
4.666,0.62993
4.6827,0.62969
4.7168,0.62812
4.5809,0.63502
4.6333,0.63279
5.0887,0.60793
4.703,0.62993
4.6568,0.63177
4.5878,0.63531
4.7198,0.62794
5.042,0.60819
4.7199,0.62674
4.7749,0.62387
4.6056,0.63258
4.5156,0.63759
4.3403,0.64755
4.3144,0.6492
4.6501,0.63105
4.5668,0.63619
4.4537,0.64237
4.9136,0.61577
4.5972,0.63466
4.2634,0.6537
1.2437,0.92564
4.6759,0.63092
4.4874,0.63914
4.3083,0.6496
4.4825,0.64057
4.9382,0.6174
4.7775,0.62608
4.7472,0.62624
4.6994,0.62921
4.8629,0.62191
4.7999,0.62482
4.541,0.63497
4.5206,0.63827
3.8433,0.67142
4.5585,0.63626
4.6604,0.63224
4.4059,0.64541
4.6531,0.63277
4.5906,0.63639
4.4522,0.64316
4.651,0.633
4.7417,0.62841
4.6158,0.63473
4.5938,0.63722
4.6168,0.636
4.1531,0.66175
4.6598,0.63356
4.0952,0.6641
3.9429,0.67242
3.9082,0.67474
4.1733,0.65915
4.055,0.6663
4.1424,0.66107
4.1692,0.65944
4.0701,0.66578
4.5008,0.64204
4.6558,0.6321
