106.49,-0.37225
95.536,-0.3184
106.27,-0.37717
104.74,-0.36579
95.151,-0.3146
103.57,-0.37116
99.905,-0.34166
97.41,-0.32895
94.823,-0.31435
97.425,-0.32812
98.364,-0.32703
97.244,-0.31969
93.185,-0.2998
102.97,-0.35405
97.217,-0.32514
91.578,-0.28914
95.287,-0.31583
97.708,-0.3284
97.788,-0.32524
90.76,-0.2798
106,-0.36595
94.691,-0.30379
101.98,-0.34195
99.927,-0.33322
97.37,-0.32788
95.588,-0.31612
94.893,-0.31456
95.853,-0.3168
103.16,-0.35153
100.28,-0.33416
94.031,-0.30347
96.649,-0.32321
98.781,-0.33016
99.607,-0.33761
94.83,-0.31184
100.65,-0.33649
90.164,-0.264
97.556,-0.32201
97.54,-0.32425
92.205,-0.29941
94.244,-0.29894
96.348,-0.31135
91.526,-0.29149
97.894,-0.32088
99.207,-0.32451
101.45,-0.33645
101.42,-0.33529
95.232,-0.30233
88.957,-0.26968
103.87,-0.35559
102.52,-0.3523
94.724,-0.30749
97.637,-0.32328
91.28,-0.28935
95.007,-0.30975
94.976,-0.30709
93.481,-0.29899
91.758,-0.29477
95.185,-0.3184
93.653,-0.31386
95.494,-0.31094
97.407,-0.32782
91.657,-0.29073
88.025,-0.2771
90.294,-0.28602
88.667,-0.27811
91.612,-0.29483
90.291,-0.2933
97.068,-0.32324
91.668,-0.29562
89.803,-0.27752
88.106,-0.28594
104.36,-0.36692
90.788,-0.29652
91.008,-0.29315
88.767,-0.29493
92.013,-0.30854
87.83,-0.27411
91.066,-0.29833
87.95,-0.28199
87.568,-0.2715
85.042,-0.2528
89.005,-0.27953
85.972,-0.26942
85.974,-0.26129
87.679,-0.27407
85.644,-0.26513
88.375,-0.29015
84.03,-0.25016
86.403,-0.27345
83.96,-0.25537
87.846,-0.27958
83.358,-0.24505
82.027,-0.23876
78.155,-0.19931
81.134,-0.22583
83.755,-0.24856
80.507,-0.21661
82.8,-0.23933
79.977,-0.2159
81.41,-0.23215
78.379,-0.19996
79.873,-0.21392
77.531,-0.19245
78.477,-0.21004
80.304,-0.21462
81.164,-0.21941
78.704,-0.20664
81.772,-0.24592
78.844,-0.20529
77.798,-0.20292
78.788,-0.20493
77.089,-0.19765
77.031,-0.19997
78.398,-0.1999
78.975,-0.20617
75.407,-0.1715
76.326,-0.17644
75.099,-0.16731
74.764,-0.1654
71.255,-0.13937
75.605,-0.17592
73.32,-0.15369
73.008,-0.1423
75.323,-0.1718
73.517,-0.15535
75.203,-0.1721
73.409,-0.15439
73.588,-0.15067
72.297,-0.13791
70.749,-0.12139
70.082,-0.11108
69.855,-0.11446
69.952,-0.11245
69.262,-0.11049
70.113,-0.11818
70.637,-0.11703
66.894,-0.077786
68.087,-0.095235
66.42,-0.064159
66.615,-0.074231
65.692,-0.061448
65.376,-0.05504
66.006,-0.047585
66.488,-0.078244
66.064,-0.054818
66.472,-0.055316
65.175,-0.039158
64.833,-0.032238
64.46,-0.032185
64.149,-0.028275
64.384,-0.027507
62.647,-0.0012713
61.854,-0.0048566
63.714,-0.019553
61.079,0.020212
62.125,-0.0084465
61.405,0.011916
61.563,0.0081875
61.683,0.005561
59.168,0.039021
60.464,0.030895
59.312,0.045253
60.021,0.026462
59.023,0.052259
59.867,0.039249
59.996,0.035932
58.842,0.053079
57.122,0.075254
56.147,0.09058
56.84,0.08169
57.198,0.075549
54.644,0.11363
53.953,0.12486
54.84,0.11036
54.025,0.12672
53.273,0.13812
53.157,0.14097
52.744,0.14877
51.131,0.17338
53.072,0.13206
52.49,0.13986
51.52,0.15441
52.867,0.14282
51.221,0.1581
49.717,0.18098
52.591,0.14624
50.941,0.16811
51.399,0.16266
54.22,0.12748
52.273,0.15587
51.995,0.15919
52.227,0.15674
51.388,0.16767
50.533,0.18132
51.054,0.15863
47.701,0.22332
48.625,0.20112
48.029,0.20835
48.452,0.19715
48.409,0.203
47.931,0.22292
46.871,0.2243
47.146,0.22276
46.385,0.24107
45.488,0.25394
46.353,0.24529
48.221,0.20674
45.478,0.25015
45.43,0.26358
44.955,0.25863
42.953,0.28986
43.093,0.29418
43.7,0.27873
42.363,0.30332
41.636,0.31742
45.452,0.24707
44.063,0.27313
47.215,0.25192
45.127,0.25669
43.929,0.27635
49.027,0.22313
46.045,0.27254
46.504,0.26311
47.04,0.25381
42.307,0.30296
44.195,0.27121
42.109,0.30761
44.43,0.2701
44.504,0.26739
43.528,0.28484
43.692,0.28443
43.976,0.27339
44.148,0.28197
43.793,0.27856
41.349,0.32055
42.572,0.29537
42.608,0.28954
42.756,0.30213
41.996,0.30396
42.85,0.29232
46.226,0.26388
44.416,0.29957
47.95,0.23957
44.074,0.30365
39.762,0.35045
41.169,0.32511
43.828,0.2662
40.639,0.33415
41.304,0.30865
41.331,0.3296
40.78,0.33755
39.497,0.35281
40.426,0.33399
41.186,0.33585
39.206,0.35543
39.648,0.34535
40.188,0.34031
42.243,0.31223
40.053,0.34392
41.391,0.31513
39.401,0.35531
40.081,0.33946
39.394,0.35401
39.558,0.34281
40.081,0.33472
40.347,0.32876
41.76,0.30278
41.441,0.30926
39.753,0.34005
41.232,0.31011
38.608,0.36174
39.876,0.33644
38.549,0.3599
38.848,0.3571
38.306,0.36942
39.344,0.35579
42.719,0.28679
39.945,0.33554
45.414,0.27356
45.443,0.27574
41.445,0.34126
44.546,0.2847
41.921,0.33411
43.254,0.31069
41.524,0.34178
41.014,0.34758
40.619,0.34875
40.735,0.31936
40.297,0.33226
39.42,0.33725
38.801,0.35284
38.087,0.36246
38.511,0.35077
39.832,0.34674
39.674,0.33695
37.927,0.37252
38.312,0.37602
39.847,0.34982
39.947,0.33711
37.207,0.38687
38.194,0.37097
38.237,0.36774
37.924,0.3738
40.916,0.31602
39.073,0.36768
37.628,0.38399
39.692,0.3354
38.088,0.37921
40.577,0.3192
40.516,0.3345
38.532,0.36465
41.432,0.30515
40.345,0.32592
39.502,0.33659
37.379,0.38045
39.084,0.35325
38.23,0.36074
38.86,0.34844
38.959,0.33677
38.108,0.35267
39.638,0.32865
39.312,0.33279
40.17,0.31257
39.851,0.3566
38.889,0.37224
40.173,0.35443
38.79,0.38212
38.465,0.3849
36.686,0.38711
37.362,0.37
40.014,0.35637
37.795,0.37024
36.868,0.39003
37.741,0.37364
38.871,0.35235
37.779,0.36961
36.474,0.39347
38.032,0.3568
38.728,0.34415
39.345,0.34142
36.57,0.38873
38.581,0.35006
37.396,0.37053
37.238,0.37658
36.783,0.38422
36.8,0.38966
37.299,0.38305
36.8,0.39288
38.32,0.35913
37.043,0.39411
37.343,0.38167
37.142,0.37878
35.896,0.40532
36.211,0.39689
35.772,0.40489
34.982,0.42123
37.01,0.37324
36.303,0.38912
36.451,0.39496
37.809,0.35764
38.164,0.3594
36.841,0.37452
37.568,0.35891
35.457,0.4057
37.213,0.38192
36.881,0.37754
36.829,0.37415
37.618,0.36481
36.816,0.38204
35.678,0.40095
35.648,0.40152
37.075,0.38376
35.704,0.40612
38.503,0.3541
38.925,0.35998
38.357,0.35839
38.652,0.35334
38.045,0.37546
40.075,0.35487
35.755,0.41153
37.572,0.36822
36.772,0.39207
37.071,0.37808
37.716,0.3749
37.138,0.37566
37.367,0.37029
37.089,0.39013
38.291,0.36929
37.781,0.36715
38.542,0.36608
37.467,0.38413
36.126,0.38902
37.249,0.39081
36.986,0.39093
37.602,0.38032
39.075,0.3492
36.925,0.38762
38.312,0.36087
36.67,0.39248
38.232,0.36241
37.944,0.36542
37.123,0.38232
38.874,0.37145
37.38,0.3747
36.663,0.38915
36.826,0.38646
36.116,0.40242
36.712,0.38102
37.826,0.35955
35.669,0.40238
35.503,0.40557
34.559,0.42773
35.208,0.413
35.551,0.40522
34.992,0.419
34.818,0.4202
35.416,0.41065
36.681,0.38314
35.099,0.42213
35.78,0.40759
36.937,0.3905
35.399,0.4108
36.532,0.39415
35.757,0.40304
35.944,0.40106
37.338,0.3808
36.444,0.39167
36.279,0.39495
35.946,0.39149
35.773,0.41308
36.711,0.39085
39.256,0.36606
39.726,0.35851
37.843,0.39841
35.13,0.41687
33.69,0.44594
34.701,0.42134
35.962,0.392
39.073,0.36802
38.377,0.38303
35.241,0.4111
37.814,0.39434
35.802,0.40747
36.95,0.37474
37.065,0.37282
36.692,0.37902
34.939,0.41571
35.154,0.41021
35.903,0.40631
34.446,0.42606
34.646,0.41822
35.02,0.41421
37.17,0.36788
34.752,0.41981
37.785,0.39513
39.197,0.36639
36.283,0.38639
37.076,0.39712
36.212,0.39633
35.514,0.41018
35.608,0.41033
36.716,0.38634
36.265,0.39058
34.827,0.4151
35.255,0.40289
35.225,0.41999
34.353,0.42509
38.756,0.33999
36.551,0.38808
37.272,0.37039
35.967,0.40377
36.416,0.39009
39.255,0.35919
36.608,0.39118
38.357,0.37595
38.15,0.37059
36.392,0.38554
38.182,0.37134
37.257,0.37505
36.114,0.37866
35.427,0.40469
34.961,0.40171
33.042,0.44807
33.023,0.44647
34.607,0.4176
33.986,0.44014
34.627,0.42126
34.59,0.41432
36.835,0.38087
35.773,0.39121
35.325,0.40187
34.248,0.42953
35.087,0.40976
35.208,0.40668
34.905,0.42118
34.882,0.42392
35.499,0.39715
34.332,0.41899
37.717,0.38403
36.151,0.40497
36.866,0.40318
36.75,0.40577
35.876,0.39594
35.698,0.3953
36.094,0.38771
36.606,0.38335
35.659,0.39361
35.114,0.41018
35.181,0.40914
34.492,0.4218
35.171,0.405
35.129,0.40376
36.047,0.38701
35.176,0.40957
35.968,0.38796
33.198,0.45056
34.816,0.41327
35.971,0.39322
34.475,0.42357
33.915,0.43939
35.887,0.39262
36.044,0.38787
34.733,0.42738
36.33,0.38316
36.294,0.39162
34.857,0.42465
35.856,0.39329
36.342,0.38218
35.558,0.39526
34.655,0.41605
35.346,0.4003
35.051,0.41092
38.77,0.35358
35.022,0.40824
34.131,0.43098
34.496,0.42196
35.556,0.39692
34.513,0.41667
36.037,0.38738
36.441,0.37657
36.084,0.3847
35.293,0.4017
35.078,0.40663
35.782,0.39759
34.927,0.41387
34.935,0.41109
34.686,0.4162
36.497,0.39004
33.752,0.43418
34.727,0.41221
34.811,0.42125
36.479,0.3701
36.032,0.38183
37.351,0.39405
34.427,0.4208
37.419,0.35589
35.01,0.40668
36.663,0.37181
33.725,0.43487
35.687,0.38889
34.925,0.40996
34.966,0.4118
35.108,0.40687
36.956,0.36842
36.324,0.38084
36.473,0.37692
36.675,0.37114
35.21,0.40964
34.706,0.42188
34.884,0.42005
35.623,0.39195
35.234,0.40498
35.821,0.38794
34.547,0.41556
35.596,0.3915
36.98,0.36762
34.145,0.43167
35.514,0.39895
37.244,0.36789
36.958,0.37159
37.04,0.36944
35.513,0.4095
37.022,0.37159
36.508,0.38195
38.116,0.38027
36.375,0.38042
33.941,0.43063
35.27,0.39619
36.549,0.37117
36.255,0.37829
36.172,0.38981
33.906,0.42822
34.277,0.43359
35.603,0.39212
35.885,0.38672
36.721,0.37066
36.072,0.38007
34.111,0.42397
35.544,0.40082
34.976,0.39975
35.255,0.39858
35.38,0.39436
33.931,0.42327
35.845,0.38411
35.066,0.39824
34.034,0.42369
35.155,0.40763
35.375,0.40267
35.304,0.40186
35.691,0.40165
34.62,0.40968
35.665,0.38761
35.632,0.38952
33.941,0.42334
34.948,0.40319
36.594,0.36991
34.839,0.40792
35.42,0.40235
35.769,0.38846
35.959,0.38065
36.497,0.38555
34.46,0.42034
34.753,0.41162
35.846,0.38374
35.794,0.3832
34.345,0.42003
36.299,0.37893
35.343,0.40414
33.869,0.43072
34.86,0.41507
34.514,0.41922
34.465,0.4197
34.44,0.42008
33.695,0.43491
34.64,0.41192
36.848,0.36817
34.914,0.41127
35.284,0.40104
35.51,0.3966
35.799,0.39628
36.529,0.4017
37.248,0.39034
34.928,0.40389
33.701,0.4298
34.13,0.42208
36.977,0.36076
35.246,0.40487
34.979,0.41262
34.759,0.4118
35.005,0.40341
34.164,0.42535
34.765,0.41654
33.71,0.44451
35.356,0.4145
32.437,0.45907
33.582,0.43489
34.736,0.4207
34.371,0.42485
34.002,0.42937
35.698,0.39507
35.024,0.40979
35.31,0.40684
35.213,0.41268
34.448,0.41299
35.336,0.39924
35.287,0.39958
35.093,0.41599
34.696,0.41622
35.205,0.40201
34.596,0.41789
34.03,0.42963
34.917,0.40593
34.211,0.41506
34,0.43047
33.461,0.44004
33.683,0.43244
34.98,0.40131
33.355,0.43773
32.958,0.4519
33.938,0.42789
33.546,0.44071
34.26,0.42487
34.406,0.4253
36.186,0.38225
33.671,0.44058
35.794,0.40418
34.908,0.41399
34.523,0.42294
35.808,0.39539
34.767,0.41487
33.912,0.42682
34.215,0.41957
33.427,0.43648
34.52,0.4273
33.919,0.42858
35.09,0.41101
36.033,0.39149
34.457,0.42608
35.215,0.41353
33.897,0.42969
35.093,0.41684
34.57,0.42502
35.785,0.40608
33.896,0.42965
33.194,0.44478
34.31,0.4188
33.618,0.43647
35.809,0.38635
35.137,0.40579
36.509,0.37982
35.435,0.40618
33.882,0.43476
34.447,0.42643
33.985,0.42674
33.676,0.43638
35.375,0.40839
35.13,0.40817
35.49,0.40067
35.4,0.4058
32.318,0.46755
33.798,0.43323
33.728,0.43346
33.608,0.43167
32.83,0.44867
32.411,0.46105
33.328,0.44457
34.477,0.42251
33.575,0.4391
33.851,0.42957
33.301,0.44722
35.176,0.41487
32.694,0.45325
33.799,0.42909
33.711,0.44065
34.305,0.42758
36.157,0.41645
35.084,0.42943
33.672,0.44115
33.693,0.44056
34.03,0.42793
33.861,0.43547
34.946,0.41679
35.061,0.41487
35.372,0.4067
35.18,0.41112
35.277,0.4147
35.398,0.40576
33.972,0.43009
34.672,0.41823
35.643,0.40167
32.578,0.45781
32.094,0.47061
33.745,0.43506
33.455,0.43466
34.422,0.42103
33.946,0.43546
33.248,0.43878
34.251,0.42985
33.964,0.43852
34.078,0.43253
35.107,0.41408
33.234,0.44564
32.26,0.46721
34.384,0.4292
33.851,0.43236
34.601,0.42153
33.854,0.42389
35.354,0.39434
35.118,0.40363
34.793,0.41111
34.378,0.42094
37.969,0.3799
35.142,0.41166
37.591,0.38808
37.547,0.39074
39.246,0.35365
37.277,0.3905
36.54,0.40433
36.729,0.39545
35.622,0.40229
34.448,0.42886
34.085,0.43317
34.793,0.42125
34.389,0.40784
35.025,0.41333
34.135,0.4213
34.465,0.41603
34.82,0.41113
33.566,0.44406
34.117,0.43078
34.908,0.41088
34.637,0.43093
34.897,0.41855
34.882,0.4082
36.124,0.38106
34.222,0.43286
35.634,0.4083
33.899,0.42493
33.313,0.44324
33.296,0.45406
32.371,0.46062
33.713,0.43557
33.139,0.43919
34.473,0.40708
34.698,0.4096
36.417,0.41348
33.38,0.44344
36.359,0.41313
34.807,0.41142
34.375,0.42333
36.508,0.40888
34.604,0.42217
33.632,0.44745
36.779,0.40764
32.361,0.47357
34.217,0.4245
33.793,0.43081
33.523,0.43695
34.411,0.42147
34.635,0.4174
35.278,0.41414
34.118,0.43309
32.485,0.45352
33.621,0.43099
33.488,0.43598
34.506,0.42441
33.328,0.43461
33.433,0.43396
33.901,0.42024
34.042,0.41929
33.764,0.42394
35.315,0.41235
34.853,0.41485
35.403,0.40783
35.098,0.41282
35.332,0.40874
34.872,0.41842
33.54,0.42911
33.842,0.43015
34.331,0.40965
34,0.41819
33.672,0.43751
34.215,0.42459
34.995,0.40991
33.084,0.45412
33.132,0.45108
33.557,0.44001
38.108,0.37625
34.309,0.41961
35.658,0.42098
34.345,0.42183
33.382,0.43472
33.693,0.43071
34.965,0.41468
33.873,0.42649
33.839,0.42562
35.23,0.40202
36.061,0.38404
35.804,0.3883
34.999,0.41333
36.49,0.37757
36.023,0.38855
34.97,0.4017
36.124,0.38128
34.418,0.41899
33.617,0.43602
35.316,0.40252
34.673,0.41559
33.699,0.4365
34.255,0.42341
33.987,0.43092
35.32,0.3993
34.205,0.43981
34.779,0.41881
35.289,0.40911
34.631,0.41364
34.094,0.42551
33.917,0.43195
34.04,0.43017
33.405,0.44319
32.929,0.43834
32.637,0.45581
33.141,0.44324
33.822,0.4248
34.99,0.41304
34.555,0.40806
35.137,0.40728
35.322,0.40413
34.569,0.42031
34.448,0.42405
33.967,0.41778
33.329,0.44201
34.336,0.41037
35.026,0.41102
34.821,0.41166
33.404,0.43883
33.539,0.43287
33.594,0.42597
36.673,0.39755
37.19,0.39738
33.694,0.42439
32.941,0.44096
32.309,0.45711
34.247,0.42577
33.382,0.4374
33.629,0.42743
34.669,0.41862
34.039,0.4204
34.705,0.4201
33.239,0.43772
34.874,0.41877
33.82,0.42732
34.781,0.40435
32.968,0.44085
34.132,0.42009
33.876,0.42654
34.494,0.41138
33.588,0.42929
33.748,0.4291
33.962,0.42354
33.32,0.43721
34.009,0.43007
33.214,0.44016
34.528,0.42079
37.933,0.38891
34.703,0.4232
33.025,0.44413
35.201,0.4039
34.545,0.42744
35.305,0.41443
35.048,0.41522
34.842,0.41863
34.854,0.42655
33.308,0.44548
35.473,0.40277
35.002,0.39813
33.283,0.43731
33.608,0.42921
33.123,0.43915
33.721,0.42801
33.358,0.43684
34.255,0.42798
35.425,0.41239
33.482,0.43203
33.902,0.43843
34.017,0.43204
34.581,0.40874
33.543,0.4327
33.163,0.44038
33.286,0.43533
33.978,0.42233
33.996,0.42313
32.329,0.46373
33.216,0.44635
34.36,0.42655
33.942,0.43017
32.971,0.44817
34.127,0.42766
33.926,0.42537
33.951,0.42238
36.173,0.37459
36.448,0.38528
33.383,0.43566
33.195,0.44098
34.609,0.40765
34.582,0.41165
32.41,0.46049
34.231,0.42024
34.525,0.40844
33.969,0.43286
34.313,0.41978
34.713,0.43242
35.283,0.4035
33.921,0.43292
34.119,0.43185
34.118,0.42783
35.325,0.39619
34.154,0.42125
34.571,0.4173
35.103,0.40494
35.298,0.41269
35.228,0.41532
34.066,0.42737
35.291,0.40372
35.077,0.40966
33.385,0.45086
34.474,0.42941
35.126,0.40508
34.801,0.41939
35.602,0.40663
34.198,0.42931
35.843,0.39529
35.219,0.40892
34.674,0.42344
34.211,0.42994
33.312,0.45
34.01,0.43168
33.475,0.44974
33.529,0.44482
34.358,0.42424
33.917,0.4381
34.647,0.42751
33.95,0.44218
33.353,0.45221
35.053,0.41137
35.667,0.39928
35.156,0.40626
32.609,0.45351
35.697,0.42452
36.319,0.4108
36.299,0.41139
34.441,0.4133
34.167,0.41943
34.883,0.40423
33.761,0.42758
33.727,0.43257
33.78,0.42811
33.028,0.44502
33.997,0.42425
34.025,0.42153
33.558,0.43602
33.577,0.43612
32.534,0.45778
33.053,0.44778
35.155,0.41529
34.895,0.4135
34.983,0.42005
35.406,0.40775
34.078,0.44046
34.114,0.43195
33.994,0.43023
34.158,0.42768
33.745,0.43661
33.253,0.44903
34.489,0.42366
33.748,0.43582
34.407,0.4171
34.617,0.44164
32.951,0.45713
34.49,0.42447
33.966,0.43638
33.465,0.43645
35.342,0.40754
34.334,0.42758
34.907,0.41876
33.822,0.44119
32.733,0.45803
34.845,0.41041
32.733,0.45756
33.808,0.43524
34.297,0.42065
34.608,0.41084
33.054,0.45038
34.199,0.42739
34.354,0.42346
33.588,0.42456
34.671,0.40836
34.022,0.42319
34.004,0.42464
34.36,0.42005
33.994,0.43674
33.494,0.44336
33.739,0.43696
32.97,0.45613
33.563,0.44005
33.678,0.43409
33.849,0.4324
39.047,0.3605
35.012,0.41263
35.307,0.40109
38.182,0.37768
37.158,0.40222
36.657,0.41359
38.227,0.37915
36.224,0.39513
35.145,0.42001
35.29,0.41244
34.538,0.41117
33.078,0.45591
37.353,0.36751
35.126,0.40052
36.823,0.37527
34.612,0.41019
35.672,0.39832
34.965,0.40066
34.941,0.40191
33.961,0.42516
35.074,0.39667
36.141,0.39364
34.966,0.40287
33.99,0.43502
35.125,0.4072
35.275,0.40825
34.353,0.41602
34.509,0.42248
34.181,0.42095
33.869,0.43023
34.359,0.42435
32.832,0.45452
34.258,0.42435
34.832,0.41167
33.362,0.44555
35.2,0.41464
34.652,0.41002
34.95,0.40705
33.963,0.42849
33.436,0.44097
33.918,0.43526
33.334,0.44721
33.231,0.45186
34.165,0.42405
33.688,0.43758
33.998,0.42875
35.188,0.41628
34.606,0.41735
34.15,0.42423
34.258,0.42557
34.321,0.41695
34.25,0.42589
33.965,0.43182
34.836,0.40965
33.942,0.43582
34.937,0.41114
34.348,0.43629
34.049,0.43189
35.717,0.39639
35.928,0.38923
33.852,0.42798
32.932,0.44225
34.099,0.43401
33.567,0.43346
33.52,0.44864
33.813,0.43873
33.541,0.44544
34.017,0.42766
35.567,0.40441
34.215,0.42241
33.566,0.435
34.758,0.41217
34.592,0.40785
33.015,0.45249
34.005,0.42729
33.8,0.42809
35.013,0.40953
32.949,0.45284
33.993,0.4275
33.28,0.4387
34.157,0.42278
33.295,0.44225
34.31,0.42167
34.209,0.4267
34.404,0.41295
34.78,0.4209
33.831,0.42068
33.404,0.43841
32.771,0.44796
34.811,0.42044
34.264,0.42289
32.877,0.45602
33.976,0.4266
34.422,0.42095
34.81,0.41962
34.927,0.41612
35.228,0.41015
33.942,0.42872
34.759,0.40705
33.877,0.42887
33.783,0.42935
35.227,0.39548
32.832,0.45623
33.238,0.44473
34.761,0.41579
34.549,0.41576
34.302,0.42756
34.371,0.43122
35.411,0.39811
35.47,0.39583
34.704,0.41344
34.327,0.42093
32.81,0.45803
34.851,0.43464
33.888,0.43346
34.212,0.42529
34.766,0.41754
33.617,0.44001
33.575,0.43869
33.754,0.43412
36.279,0.38644
35.539,0.39599
35.636,0.40461
35.398,0.40105
35.576,0.39589
34.967,0.40361
35.65,0.39669
34.35,0.42007
35.003,0.41633
35.768,0.39666
35.366,0.41144
35.634,0.39471
33.568,0.44089
33.894,0.43124
34.728,0.41688
34.234,0.42344
34.639,0.41677
34.386,0.4189
33.354,0.43884
33.846,0.4252
33.825,0.43507
34.645,0.41587
34.056,0.4323
33.902,0.43098
34.18,0.41866
34.539,0.4135
33.756,0.43318
34.82,0.41273
33.895,0.43365
33.242,0.44212
34.013,0.42668
34.414,0.43157
34.286,0.42336
34.281,0.41962
34.122,0.42275
36.454,0.3903
33.157,0.44171
33.679,0.42963
33.876,0.42441
32.51,0.45897
32.868,0.44869
33.92,0.43965
33.17,0.45036
32.892,0.45164
33.537,0.43502
34.964,0.41515
34.219,0.41823
34.526,0.42399
34.129,0.42471
34.029,0.42078
32.949,0.45127
34.057,0.42522
34.023,0.42137
32.496,0.45303
33.206,0.44208
32.823,0.44936
33.864,0.42636
32.533,0.45688
32.52,0.45529
33.274,0.44037
32.512,0.45974
32.486,0.46081
33.664,0.43976
33.175,0.4489
33.178,0.44303
31.688,0.47014
31.931,0.46931
33.233,0.43622
33.029,0.45432
32.507,0.45265
32.007,0.46321
32.191,0.45898
30.6,0.48921
32.013,0.45821
31.41,0.46967
33.219,0.42819
32.189,0.45459
32.701,0.45447
32.495,0.45984
33.429,0.43026
32.698,0.45229
33.324,0.42982
31.582,0.46982
32.349,0.45128
32.069,0.46434
32.58,0.44497
31.962,0.46116
31.103,0.47465
31.464,0.45766
31.552,0.47175
32.15,0.45458
31.178,0.47523
30.598,0.48553
31.409,0.4694
30.577,0.48363
31.752,0.45732
31.437,0.45886
31.704,0.45414
30.953,0.46294
30.596,0.47245
31.341,0.46255
32.22,0.43897
30.105,0.482
30.563,0.47887
31.112,0.46523
31.075,0.48328
29.846,0.49049
31.9,0.45841
30.473,0.46383
29.799,0.48135
31.198,0.45689
29.778,0.49028
29.675,0.48868
30.188,0.4715
30.026,0.46979
29.182,0.4911
29.396,0.48485
30.66,0.46461
28.24,0.51543
29.095,0.49531
27.926,0.51735
29.142,0.48677
27.874,0.5107
28.03,0.5012
29.426,0.4794
27.614,0.52204
28.125,0.50152
27.252,0.52044
26.861,0.52624
28.223,0.51156
27.858,0.50335
26.405,0.53517
27.143,0.51745
27.688,0.50456
26.94,0.51715
27.969,0.50201
27.302,0.51294
26.598,0.52573
25.99,0.53394
27.917,0.50042
27.724,0.49921
27.356,0.49552
27.14,0.4984
26.939,0.50347
26.678,0.50878
27.099,0.50112
26.278,0.52564
26.089,0.51723
26.048,0.51306
25.797,0.52613
26.136,0.52087
25.935,0.51155
25.353,0.52388
26.982,0.49828
26.507,0.51442
26.928,0.49589
24.939,0.52959
25.329,0.52554
25.363,0.52428
25.333,0.52076
25.897,0.50865
26.281,0.50079
25.685,0.51561
26.491,0.49822
26.09,0.50473
25.158,0.5103
25.597,0.50985
25.258,0.50959
26.187,0.49846
25.723,0.49257
25.386,0.50132
24.9,0.50776
24.814,0.51723
25.567,0.49251
25.254,0.49834
26.152,0.49072
25.371,0.49671
24.625,0.50991
24.595,0.51035
25.38,0.49723
24.054,0.51875
24.687,0.5053
24.615,0.5071
25.533,0.49434
24.522,0.50579
25.347,0.49066
24.984,0.49448
25.588,0.49119
24.751,0.49244
25.276,0.48478
25.149,0.4849
24.408,0.4937
24.537,0.49986
24.463,0.50608
24.558,0.49705
26,0.4791
25.243,0.48514
24.64,0.49136
26.003,0.47041
25.171,0.48207
24.569,0.49363
25.131,0.47906
25.384,0.47821
24.756,0.48634
24.283,0.49163
24.98,0.48107
24.633,0.48503
24.373,0.48495
24.842,0.47978
25.212,0.47359
23.502,0.49761
24.825,0.47554
23.919,0.48657
24.383,0.47674
24.367,0.47997
21.379,0.51981
23.33,0.49007
22.433,0.50493
22.571,0.49922
22.602,0.49821
22.702,0.49326
21.945,0.5058
22.649,0.49305
21.433,0.51026
21.173,0.5138
20.036,0.53368
20.199,0.52946
21.377,0.50621
20.903,0.51656
24.508,0.46168
22.399,0.48941
21.3,0.5036
22.114,0.49229
19.77,0.52448
19.151,0.53202
22.202,0.48621
20.392,0.51146
20.73,0.50487
20.228,0.51172
19.603,0.5203
17.23,0.55696
18.481,0.53622
21.368,0.4934
23.143,0.46316
22.689,0.47084
24.469,0.4524
22.348,0.47441
22.443,0.47056
23.299,0.46207
21.895,0.47657
23.337,0.45882
22.491,0.46939
22.041,0.47836
23.431,0.45765
23.384,0.45566
22.6,0.46306
22.277,0.46752
22.411,0.46625
22.173,0.46724
21.537,0.47408
21.093,0.47871
21.083,0.47793
20.824,0.47887
21.484,0.4683
20.095,0.49049
19.988,0.49048
21.664,0.46326
20.596,0.47927
19.568,0.49422
21.365,0.46795
21.345,0.46773
21.075,0.46883
21.956,0.46139
20.563,0.47485
21.317,0.46236
22.812,0.44605
21.037,0.46233
19.713,0.47964
19.441,0.48348
19.47,0.48107
19.512,0.47883
22.443,0.44307
20.637,0.46508
19.57,0.4793
18.888,0.48536
19.08,0.48304
18.994,0.47902
18.807,0.48351
20.034,0.46579
19.592,0.47079
19.324,0.47357
19.375,0.47083
19.346,0.4696
19.505,0.47056
19.336,0.47174
19.225,0.47206
19.189,0.47248
18.866,0.47579
19.497,0.46568
19.33,0.46734
19.607,0.46134
19.394,0.46481
19.294,0.46414
18.982,0.46842
19.446,0.45991
18.477,0.47054
19.341,0.46246
19.99,0.45176
19.716,0.45506
19.56,0.45626
20.273,0.44566
18.888,0.46445
19.229,0.4569
18.797,0.46447
19.009,0.4612
18.992,0.45934
19.129,0.45742
19.056,0.45818
18.212,0.46917
19.001,0.45767
17.512,0.47936
19.2,0.45293
18.441,0.46308
17.653,0.47502
18.639,0.46051
18.467,0.46314
18.247,0.46599
17.91,0.46922
18.609,0.4601
18.429,0.46258
17.693,0.47154
18.012,0.46698
17.452,0.47445
17.657,0.46864
17.89,0.46556
16.496,0.48644
15.973,0.49226
18.101,0.46277
18.157,0.46092
18.037,0.46232
17.387,0.47148
17.56,0.46871
17.307,0.47197
17.579,0.46554
17.431,0.46699
16.72,0.47567
16.565,0.47815
16.647,0.47598
17.357,0.46508
16.847,0.47157
17.383,0.46283
17.144,0.46541
17.092,0.46628
16.577,0.47328
17.246,0.46188
16.202,0.47824
16.968,0.46479
16.937,0.4646
16.979,0.46408
16.755,0.46751
15.245,0.48948
15.665,0.48174
15.405,0.48648
15.864,0.47746
16.327,0.46855
16.221,0.47019
15.986,0.47364
15.616,0.47837
15.887,0.47408
15.607,0.47659
15.385,0.47968
15.479,0.47915
15.35,0.48102
14.506,0.49244
14.108,0.49835
13.8,0.5041
13.208,0.51457
14.822,0.48472
15.199,0.4783
14.607,0.48759
14.395,0.49054
14.182,0.49316
14.193,0.49141
14.37,0.48856
14.286,0.48718
13.985,0.49248
14.627,0.48374
13.915,0.49373
13.849,0.49353
13.831,0.49411
13.549,0.49936
13.692,0.49774
13.378,0.50188
13.357,0.50133
13.166,0.50451
13.048,0.50537
13.281,0.50145
13.486,0.49641
13.493,0.49681
13.522,0.49483
13.205,0.50022
13.066,0.50254
12.924,0.5047
12.834,0.50591
12.587,0.51096
12.392,0.51375
13.028,0.49988
12.605,0.50809
12.22,0.516
11.898,0.52137
12.153,0.515
11.894,0.51856
11.944,0.51601
11.97,0.51523
12.013,0.51271
11.772,0.51624
11.971,0.51302
11.8,0.51562
11.892,0.51279
11.699,0.51718
11.696,0.51688
11.622,0.5162
11.253,0.52421
11.263,0.52347
10.895,0.53167
11.34,0.52051
11.063,0.5265
11.275,0.52067
11.169,0.52339
10.878,0.53023
10.635,0.53472
10.88,0.52929
10.839,0.532
10.74,0.5342
10.642,0.53631
10.975,0.52955
10.933,0.53096
10.808,0.53301
10.658,0.53557
10.706,0.5342
10.938,0.52665
10.533,0.5348
10.576,0.53493
10.531,0.53465
10.652,0.533
10.594,0.53356
10.451,0.53724
10.493,0.53633
10.433,0.53766
10.767,0.52996
10.512,0.53628
9.9741,0.54691
10.77,0.52952
10.725,0.53058
10.699,0.53108
10.81,0.52866
10.505,0.53653
10.702,0.53373
10.372,0.54422
10.394,0.54672
10.581,0.5436
10.465,0.54557
10.503,0.54415
10.598,0.54169
10.514,0.54238
10.347,0.54485
10.24,0.54702
10.599,0.53853
10.326,0.54518
10.241,0.5467
10.362,0.54532
10.159,0.5506
10.17,0.55091
10.267,0.54886
10.301,0.54824
10.234,0.54959
9.1707,0.57597
10.11,0.552
10.336,0.54611
10.222,0.5493
10.747,0.53745
10.824,0.53546
10.515,0.54319
10.623,0.54027
10.758,0.53762
10.839,0.53584
10.566,0.54098
10.461,0.54399
10.756,0.53727
10.598,0.54128
10.677,0.53875
10.852,0.53567
10.388,0.54629
10.624,0.54032
10.434,0.54569
10.37,0.54686
10.318,0.54758
10.276,0.54865
10.285,0.54835
10.287,0.54827
10.59,0.54126
10.375,0.54515
10.544,0.54153
10.345,0.54645
10.574,0.54302
10.631,0.54157
10.599,0.54034
10.611,0.54255
10.295,0.54981
10.554,0.54286
10.627,0.54126
10.299,0.54921
10.484,0.54411
10.346,0.54731
10.548,0.54267
10.366,0.54486
10.382,0.54706
10.396,0.54633
10.459,0.54491
10.086,0.55137
10.184,0.55148
10.079,0.55374
10.045,0.5554
10.004,0.55651
10.158,0.55238
10.205,0.55098
10.157,0.55187
10.337,0.54781
10.163,0.55062
10.153,0.55015
10.036,0.55334
9.9774,0.55381
10.195,0.54855
10.07,0.55238
10.275,0.54683
10.33,0.54537
10.139,0.55087
10.242,0.54784
10.052,0.5528
10.045,0.55284
10.332,0.54444
10.254,0.54583
9.96,0.55289
10.316,0.54498
10.073,0.55207
10.176,0.55031
10.079,0.55261
10.115,0.5515
10.488,0.54338
10.134,0.55037
10.407,0.54503
10.074,0.55159
10.241,0.54833
10.076,0.55007
10.046,0.55319
9.9931,0.55209
10.266,0.548
10.082,0.55282
10.042,0.55387
9.9793,0.55509
9.9473,0.55453
10.05,0.55368
9.973,0.55474
9.2915,0.5663
9.8557,0.5565
9.9025,0.55536
9.886,0.55534
9.8245,0.55765
9.9822,0.55388
9.8782,0.55595
10.02,0.553
9.8172,0.55875
10.101,0.55139
10.107,0.54977
10.199,0.54727
9.9538,0.55339
9.9605,0.55238
9.7805,0.5569
9.899,0.55314
10.089,0.549
10.04,0.55264
9.9087,0.55651
9.9887,0.55488
9.7817,0.55968
9.9767,0.55358
9.8602,0.55654
9.8001,0.55787
10.109,0.54988
9.9517,0.5527
10.09,0.55119
9.9807,0.55412
10.198,0.54836
10.122,0.54786
10.021,0.5508
10.062,0.54998
9.9741,0.55269
10.001,0.55253
9.958,0.55311
10.061,0.55034
10.23,0.54806
9.7085,0.55894
9.5059,0.56384
9.4763,0.56443
9.6745,0.56014
9.5386,0.56257
9.7326,0.55809
9.662,0.55977
9.4229,0.56628
9.7097,0.55968
9.6517,0.56109
9.6846,0.55998
9.7989,0.55711
9.6404,0.56031
10.136,0.5496
9.3603,0.56634
9.5559,0.56224
9.9993,0.55367
9.4999,0.56373
9.5026,0.56345
9.9267,0.55392
9.5007,0.56314
9.7922,0.55564
9.8309,0.55524
9.8385,0.55559
9.7845,0.55695
9.6447,0.55998
9.547,0.56292
9.5622,0.56237
9.7685,0.55633
9.6148,0.56046
9.7443,0.55698
9.6288,0.56087
9.6721,0.56006
9.6676,0.55879
9.8252,0.55535
9.6219,0.56113
9.8074,0.55806
9.6766,0.5617
9.6661,0.56187
9.7289,0.55987
9.9998,0.55299
9.6513,0.56173
10.052,0.5513
9.6248,0.56001
9.7145,0.5599
9.6849,0.56076
9.864,0.55533
9.6452,0.56146
9.3208,0.56712
9.1548,0.57116
9.3622,0.56638
9.1521,0.57219
9.5524,0.56212
9.3145,0.56762
9.3282,0.5672
9.2827,0.56899
9.3896,0.56571
9.5675,0.56125
9.3716,0.56618
9.9147,0.55506
9.8446,0.55509
9.7902,0.55595
9.6544,0.5587
9.5347,0.56311
9.7241,0.55808
9.6972,0.55862
9.4311,0.56544
9.4903,0.56332
9.4429,0.56451
9.3036,0.568
9.6013,0.56016
9.5018,0.56216
9.4389,0.56396
9.396,0.56541
9.3749,0.56643
9.5073,0.56283
9.5044,0.56316
9.3921,0.56635
9.5474,0.56196
9.3727,0.56655
9.1658,0.57125
9.3379,0.56716
9.3375,0.5669
9.4725,0.56239
9.4306,0.56482
9.515,0.56264
9.6548,0.56053
9.484,0.56346
9.707,0.55972
9.4414,0.56485
9.6392,0.56105
9.3227,0.56828
9.2726,0.56944
9.3372,0.56675
9.2799,0.56887
9.2652,0.56903
9.4508,0.56347
9.5728,0.56025
9.6127,0.55972
9.5033,0.5638
9.4266,0.56461
9.5325,0.56272
9.3038,0.56786
9.6082,0.55955
9.3548,0.56581
9.6419,0.55807
9.4937,0.56227
9.5303,0.56142
9.4676,0.56421
9.4789,0.56442
9.7002,0.55842
9.5257,0.5619
9.6777,0.55878
9.5856,0.56027
9.5162,0.56272
9.384,0.56532
9.2822,0.56754
9.2799,0.56761
9.2719,0.56823
9.3519,0.56644
9.6481,0.56065
9.656,0.56057
9.5289,0.56415
9.685,0.55955
9.5161,0.56389
9.6655,0.5595
9.6195,0.55942
9.6329,0.55965
9.5552,0.56153
9.2785,0.56747
9.3529,0.56538
9.0752,0.57238
9.3726,0.56674
9.2926,0.56838
9.2756,0.56883
9.4731,0.5642
9.2356,0.56965
9.3689,0.56611
9.3833,0.56489
9.4048,0.56402
9.3089,0.56665
9.2231,0.56872
9.1696,0.57065
9.1998,0.57061
9.4646,0.56417
9.4455,0.56397
9.4328,0.56421
9.4583,0.56255
9.4189,0.56381
9.2023,0.56952
9.4589,0.56359
9.373,0.56499
9.1576,0.57047
9.3183,0.56695
9.3894,0.56487
9.1136,0.57192
9.4594,0.56282
9.3501,0.56634
9.4306,0.56393
9.1093,0.57222
9.4089,0.56447
9.2734,0.56758
9.3932,0.56394
9.4143,0.56346
9.5156,0.56119
9.1949,0.57016
9.2281,0.56952
9.362,0.56587
9.2316,0.56868
9.1383,0.57135
9.1822,0.56953
9.3047,0.56591
9.2171,0.56741
9.2017,0.56781
9.3484,0.564
9.0898,0.57178
9.2222,0.56844
9.4432,0.56306
9.1604,0.57069
9.0413,0.57465
9.1125,0.57136
9.1383,0.57008
9.3219,0.56537
9.069,0.57209
9.3116,0.5657
9.5787,0.55945
9.358,0.56569
9.2406,0.56789
9.3264,0.56501
9.3464,0.56488
9.1925,0.56865
9.0632,0.57243
9.5149,0.56188
9.4424,0.56484
9.1177,0.57297
9.4536,0.56415
9.2191,0.56988
9.4176,0.56513
9.1,0.57196
9.3893,0.56531
9.4374,0.56231
9.3905,0.56374
9.2059,0.56912
9.3869,0.56474
9.3605,0.56623
9.2665,0.56779
9.2541,0.56968
9.248,0.56817
9.4691,0.56281
9.4199,0.56344
9.369,0.56446
9.307,0.56573
9.2037,0.5682
9.1895,0.56856
9.1409,0.57086
9.1713,0.56965
9.4296,0.56364
9.3318,0.56575
9.3871,0.5648
9.3887,0.5649
9.3505,0.5655
9.3007,0.56684
9.223,0.56914
9.1042,0.57231
9.1233,0.5715
9.2273,0.56859
9.355,0.56542
9.358,0.56558
8.9618,0.57532
9.1349,0.57072
9.1834,0.56927
9.0586,0.5732
9.1153,0.5706
9.3519,0.56612
9.1664,0.56872
9.102,0.57047
9.4464,0.56322
9.1413,0.56947
9.394,0.56541
8.7081,0.58293
9.0413,0.57339
9.1772,0.57006
9.1715,0.56984
9.1298,0.57148
9.1625,0.57034
9.1131,0.57131
9.1154,0.57079
9.1834,0.56826
9.1003,0.57109
9.1081,0.57084
9.0606,0.57256
9.1194,0.57085
9.561,0.56039
9.3198,0.56605
9.3546,0.56601
9.2404,0.56893
9.2765,0.56751
9.3507,0.56523
9.3285,0.56536
9.1974,0.56939
9.2044,0.56904
9.1813,0.56909
9.4973,0.56124
9.2827,0.56633
8.9238,0.57821
9.3174,0.56543
9.4471,0.56136
9.4125,0.56319
9.5374,0.55992
9.4024,0.56339
9.0638,0.57218
9.3946,0.56303
9.4474,0.56189
9.4293,0.56151
9.3244,0.56553
9.3569,0.56451
8.292,0.59384
8.8055,0.57836
8.663,0.5815
8.9874,0.5719
8.6372,0.58374
8.8493,0.5778
9.087,0.57096
8.7972,0.57958
8.629,0.58326
8.8568,0.57771
8.8843,0.57628
9.0073,0.57333
9.1347,0.56935
9.2077,0.56759
9.0944,0.57122
9.0231,0.57313
8.9365,0.57513
8.9029,0.57718
9.261,0.56629
9.2593,0.568
9.3359,0.56608
9.1901,0.57009
9.0436,0.5739
8.9836,0.57384
9.086,0.57101
9.1281,0.56982
9.0042,0.57358
9.0447,0.57154
8.9864,0.57322
9.0949,0.56987
8.9199,0.57428
9.0533,0.57049
9.073,0.57036
8.988,0.57231
9.0057,0.57251
8.9509,0.575
9.0045,0.57393
9.4091,0.56328
9.3561,0.56365
9.2193,0.56712
9.1706,0.56826
9.4404,0.56228
9.169,0.56834
9.2548,0.56528
9.0515,0.57222
8.9932,0.57381
9.055,0.57144
9.0383,0.57208
9.1565,0.57018
9.2242,0.5679
9.1575,0.56942
9.3962,0.56246
9.0471,0.5716
9.279,0.56592
9.2208,0.56761
9.0149,0.57251
9.1211,0.56996
9.3657,0.56323
8.9226,0.57619
9.2349,0.56732
8.99,0.57557
9.0436,0.57179
8.8984,0.57555
9.1024,0.57055
8.9577,0.57557
8.9971,0.5743
8.9761,0.5729
9.2035,0.56801
9.0444,0.57241
9.1518,0.56931
9.2267,0.56587
8.8479,0.57676
8.8317,0.5789
9.1576,0.56856
9.3367,0.56346
9.2057,0.56702
9.376,0.56293
9.4725,0.56024
9.38,0.56322
9.1517,0.56998
9.3272,0.56503
8.9482,0.57527
9.2238,0.56761
9.1535,0.56893
9.3972,0.56288
9.2093,0.56743
9.1747,0.56801
9.0034,0.57295
8.9891,0.5736
9.004,0.57271
9.1279,0.56867
8.9625,0.57311
8.8458,0.57646
9.2073,0.56648
8.7444,0.57874
9.0909,0.56968
9.0965,0.56976
9.3279,0.56379
9.2329,0.56686
8.8128,0.57738
8.9245,0.57569
8.9673,0.57381
9.159,0.56816
9.1117,0.56943
8.9622,0.57302
8.9679,0.57213
9.0555,0.56973
9.0434,0.56963
8.6314,0.58199
8.9181,0.57402
8.6808,0.58127
8.454,0.58832
8.9048,0.57494
8.9137,0.57528
8.8283,0.57716
8.8803,0.57563
8.9485,0.57279
8.9484,0.57263
8.9336,0.57417
8.756,0.57902
9.203,0.56677
8.9804,0.57291
9.3834,0.56195
9.0215,0.57185
9.3276,0.56317
8.9351,0.57473
8.9463,0.57437
8.9872,0.57211
8.9023,0.57457
9.1375,0.56865
9.1379,0.5686
9.1496,0.56857
9.2357,0.56699
9.0527,0.57179
9.0191,0.57216
8.8196,0.57752
8.8622,0.57622
8.7312,0.58001
8.6913,0.58016
8.9211,0.57401
8.9899,0.57241
9.1157,0.56936
8.925,0.57479
8.7637,0.57983
9.1493,0.56678
9.3884,0.56192
9.4059,0.56047
8.9388,0.57076
9.3644,0.56084
9.0251,0.56971
9.3508,0.56169
9.2693,0.56449
8.8172,0.57659
9.0491,0.57097
9.0279,0.5699
9.2358,0.56486
9.1792,0.56746
9.1828,0.56639
9.0494,0.56976
9.0943,0.56821
9.103,0.56871
9.1134,0.56823
9.0861,0.56947
8.9514,0.57345
8.8277,0.57644
8.8558,0.57657
9.1344,0.56895
9.1084,0.56875
9.1687,0.5661
9.0573,0.56884
9.1774,0.56499
9.1488,0.56495
9.1629,0.56406
9.2366,0.56398
9.1215,0.56661
9.1473,0.56523
9.4293,0.55782
9.1179,0.56901
9.0583,0.57092
8.8561,0.57651
8.5675,0.5841
8.6752,0.58016
8.6885,0.57878
8.8078,0.57583
8.7727,0.57648
8.6042,0.58121
8.6994,0.57863
8.7819,0.57669
8.6436,0.5814
8.7617,0.5779
8.6684,0.58052
8.6926,0.57942
9.1333,0.56688
8.9565,0.57406
9.2155,0.5654
9.1883,0.56624
9.4271,0.55896
9.0279,0.56886
9.1557,0.56732
8.7411,0.57514
8.7699,0.57707
8.8037,0.57601
9.1335,0.5675
9.0895,0.56796
8.8989,0.57534
8.6635,0.58141
8.6613,0.57946
8.6191,0.58132
8.7491,0.5777
8.756,0.5772
8.6347,0.58164
8.692,0.58049
8.7311,0.57926
8.7753,0.57819
8.807,0.57747
8.8837,0.57484
9.0016,0.57273
8.9196,0.57508
8.7722,0.579
9.093,0.5692
8.7535,0.57752
9.0525,0.56918
8.8661,0.5747
8.8556,0.57507
8.8915,0.57464
8.7102,0.5795
8.8505,0.57659
9.1339,0.56976
8.874,0.57725
8.8097,0.57798
8.9841,0.5726
8.9085,0.5744
9.1724,0.5667
8.7208,0.57872
8.8994,0.57298
8.8629,0.57437
8.8849,0.57507
8.9721,0.5711
8.9352,0.57282
8.8497,0.57495
9.0156,0.5711
8.7654,0.57605
9.0729,0.56904
8.713,0.57757
9.0689,0.56887
8.967,0.57196
9.1261,0.56792
9.12,0.56877
8.7921,0.57514
9.0179,0.57014
8.8999,0.57372
8.7089,0.57896
8.899,0.57469
8.9982,0.57165
8.9076,0.57393
9.0041,0.57098
8.9977,0.57099
8.8449,0.57542
8.7261,0.57928
8.7412,0.57817
8.8996,0.57295
8.5507,0.58313
8.9405,0.57159
8.9503,0.57156
8.9124,0.57349
8.8337,0.57627
8.8318,0.57583
8.702,0.58044
8.7414,0.57906
8.6329,0.58099
8.584,0.58189
8.7358,0.57764
8.7506,0.57681
8.7315,0.57754
8.6294,0.58032
8.7859,0.57527
8.7976,0.5747
8.5039,0.58234
8.9013,0.57127
8.6242,0.57948
8.708,0.57672
8.5484,0.58192
8.5701,0.58129
8.9119,0.57285
8.7858,0.57577
8.6405,0.57892
8.5839,0.58052
8.6656,0.5784
9.1165,0.5674
8.9332,0.57248
8.8022,0.57561
8.8384,0.57526
8.9593,0.57214
8.8003,0.57608
8.7882,0.57669
8.893,0.57349
8.9531,0.5715
8.8531,0.57453
8.8385,0.57485
8.9222,0.57219
8.7683,0.57772
8.7972,0.57528
8.7893,0.57535
8.6819,0.57899
8.8161,0.5749
8.7213,0.5785
8.8512,0.57472
8.8109,0.57466
8.7497,0.57699
8.6904,0.57915
8.5696,0.58261
8.7716,0.57714
8.5386,0.58026
8.8609,0.57523
8.8578,0.57398
8.6904,0.57753
8.9784,0.57086
8.6411,0.57957
8.7478,0.57576
9.0278,0.56894
8.7463,0.57609
9.0054,0.57018
8.7868,0.57636
8.8024,0.57585
8.4988,0.58735
8.4292,0.5873
8.6415,0.58005
8.8748,0.57348
8.6125,0.57976
8.8721,0.57362
8.7978,0.57406
8.7687,0.5762
8.7909,0.5756
8.7146,0.57756
8.5214,0.58246
8.3979,0.5865
8.9951,0.57072
8.7847,0.57573
8.9452,0.57114
8.7951,0.57563
8.9221,0.57086
8.7453,0.57665
8.691,0.57842
8.8487,0.5742
8.8587,0.57438
8.6615,0.58004
8.8931,0.5738
8.6249,0.58077
8.9928,0.57061
8.9704,0.5702
8.8577,0.57343
8.6756,0.57919
8.8117,0.57512
8.7687,0.57641
8.7663,0.57673
8.793,0.57573
8.5706,0.58166
8.6249,0.57991
8.5796,0.58073
8.7125,0.57636
8.9309,0.57207
8.707,0.57878
8.7521,0.57679
8.7406,0.57775
8.8156,0.5753
8.7344,0.5777
8.6596,0.57955
8.8868,0.57276
8.8157,0.57523
8.6668,0.57962
8.8672,0.57474
8.5678,0.58234
8.8678,0.57349
8.6193,0.58073
8.8089,0.57392
8.7029,0.57712
8.6508,0.5789
8.4709,0.58298
8.7062,0.57672
8.8027,0.57377
8.8848,0.57142
8.8488,0.57245
8.5062,0.58306
8.7343,0.5766
9.05,0.56828
9.0618,0.56811
8.8635,0.57139
9.0602,0.56794
8.5937,0.5807
8.6751,0.57792
8.8376,0.57202
8.6187,0.57817
8.94,0.569
8.9131,0.56989
8.7547,0.57448
8.6727,0.57686
8.924,0.57038
8.5965,0.57953
8.5791,0.58048
8.6213,0.57847
8.6454,0.57751
8.69,0.57668
8.6036,0.57795
8.6175,0.5775
8.618,0.57781
8.682,0.5752
8.7705,0.5725
8.5091,0.58009
8.481,0.58056
8.333,0.58507
8.2911,0.5859
8.197,0.58893
8.3771,0.58228
8.3309,0.58437
8.5287,0.57831
8.3196,0.58448
8.3587,0.58396
8.2099,0.58785
8.3932,0.58203
8.3995,0.58221
8.5263,0.57988
8.4575,0.58158
8.5156,0.57958
8.4102,0.58295
8.34,0.58519
8.289,0.58669
8.3531,0.58399
8.0835,0.59125
8.0894,0.59073
8.309,0.58277
8.144,0.58922
7.7491,0.6003
8.4347,0.58047
8.2457,0.58454
8.2865,0.58364
8.3614,0.58173
8.2973,0.58264
8.3326,0.58152
8.3346,0.58165
8.3264,0.58196
8.3447,0.58205
8.6015,0.57522
8.1766,0.585
8.2274,0.58295
8.3372,0.58003
8.3578,0.57911
8.284,0.57965
8.2868,0.58126
8.2483,0.58193
8.2606,0.58113
8.3483,0.57858
8.3433,0.57879
8.2678,0.58062
8.2939,0.57994
8.2373,0.58172
8.2966,0.57967
8.3096,0.57933
8.351,0.5772
8.2829,0.57688
8.3957,0.57356
8.3685,0.57587
8.3022,0.57583
8.2909,0.57883
8.2375,0.5799
8.0521,0.58341
7.7754,0.59072
7.8208,0.59049
7.8784,0.58818
7.7555,0.59224
8.0081,0.5841
7.8193,0.58945
7.9189,0.58548
8.4242,0.56871
7.7229,0.59101
7.7546,0.58929
7.8608,0.58684
7.7957,0.5891
7.9614,0.58222
7.8983,0.5823
8.0421,0.57771
7.8955,0.58209
7.6942,0.58825
7.7412,0.58638
7.9485,0.58167
7.8296,0.58549
7.9181,0.58113
7.7664,0.58896
7.6899,0.59177
7.6875,0.59128
7.7084,0.58894
7.842,0.58402
7.8416,0.58283
7.5366,0.59302
7.5859,0.5906
7.6578,0.58823
7.776,0.58354
7.8875,0.57798
7.5777,0.59091
7.641,0.58833
7.5255,0.5924
7.5423,0.59055
7.7349,0.58143
7.6755,0.58563
7.4991,0.59066
7.306,0.59796
7.2561,0.60004
7.5023,0.59068
7.5377,0.58873
7.3598,0.59454
7.4532,0.59106
7.3648,0.59229
7.357,0.593
7.3421,0.59253
7.4867,0.58568
7.1255,0.59841
7.1977,0.59467
7.3579,0.58989
7.0978,0.59851
7.0379,0.60104
7.248,0.59248
7.0734,0.59899
7.1884,0.59342
7.34,0.58818
7.3284,0.5882
7.2213,0.59154
7.2401,0.58948
7.2112,0.59062
6.7043,0.60858
6.992,0.59942
7.115,0.59376
6.9583,0.5998
6.8019,0.60431
7.0961,0.59303
7.3406,0.58568
7.1946,0.58964
7.1422,0.58947
7.1976,0.58602
7.0738,0.59069
7.0549,0.59312
6.9705,0.5948
6.9705,0.59311
7.1,0.58897
6.813,0.59748
7.332,0.58206
7.0673,0.58995
6.9846,0.59324
7.1837,0.58617
6.9715,0.59073
7.0777,0.5864
7.0543,0.5864
7.0608,0.58477
7.0367,0.58644
6.9764,0.58802
6.8262,0.59356
6.6325,0.60195
6.5771,0.60138
6.4776,0.60446
6.4242,0.60757
6.5049,0.60317
6.7491,0.59355
6.77,0.59344
6.6111,0.59831
6.6539,0.59589
6.7293,0.59327
6.4695,0.60275
6.447,0.60302
6.4292,0.60298
6.2547,0.60962
6.4174,0.60194
6.3485,0.60328
6.4772,0.59828
6.527,0.59515
6.2358,0.60757
6.6383,0.59128
6.2451,0.60526
6.1761,0.60791
6.2881,0.603
6.3844,0.59898
6.3343,0.59985
6.6066,0.58955
6.5271,0.59245
6.5606,0.59099
6.6008,0.59004
6.458,0.59537
6.4124,0.59701
6.609,0.589
6.4524,0.59487
6.4232,0.59515
6.2829,0.59931
6.2225,0.60113
6.1986,0.60203
6.4237,0.59277
6.4724,0.59089
6.2891,0.59884
6.3206,0.59685
6.5856,0.5857
6.5819,0.58693
6.393,0.59322
6.215,0.59799
6.0712,0.60289
6.449,0.58706
6.2845,0.59351
6.1934,0.59557
6.2797,0.59221
6.1011,0.60031
6.0279,0.60268
5.941,0.60587
5.9605,0.60376
6.3146,0.58977
6.3006,0.59339
6.154,0.59541
6.2124,0.59279
6.6508,0.57418
6.1549,0.59376
6.2841,0.58833
6.2031,0.58832
6.1985,0.5893
6.168,0.59086
6.4355,0.57934
6.3799,0.58094
6.3764,0.58085
6.3603,0.58106
6.3305,0.58297
6.3851,0.57985
5.9497,0.59823
5.7404,0.60678
6.0662,0.59412
5.9092,0.60238
6.4266,0.58205
6.5285,0.57967
6.3393,0.58871
6.2537,0.59147
6.2338,0.59343
6.0706,0.59707
6.301,0.5862
6.2465,0.58957
6.9027,0.56298
6.3979,0.57871
6.7949,0.56438
6.6915,0.57324
6.4797,0.58225
6.648,0.57533
6.6932,0.57312
6.712,0.5721
6.4062,0.58237
6.6173,0.56984
6.5017,0.57564
6.5957,0.57145
6.2751,0.5839
6.1954,0.5884
6.3032,0.58266
6.4761,0.57746
6.5113,0.57565
6.3442,0.58151
6.3394,0.58111
6.337,0.57985
6.4603,0.57349
6.5901,0.56977
6.7598,0.56161
6.3153,0.58174
6.3633,0.58041
6.1062,0.59192
6.0564,0.5934
6.2896,0.58272
6.0172,0.59452
6.1916,0.58701
6.1751,0.58634
6.2694,0.58258
6.1795,0.58532
6.4199,0.5751
6.4582,0.57214
6.3326,0.57785
6.267,0.58116
6.2948,0.57885
5.9793,0.59164
5.9712,0.5925
6.1675,0.58384
6.1674,0.58364
6.5308,0.56911
6.237,0.5811
6.0671,0.58783
6.3954,0.57603
6.4997,0.57079
6.8738,0.55529
6.3881,0.57404
6.3713,0.5729
6.1471,0.58268
6.2154,0.58
6.2705,0.57546
6.069,0.58453
6.1096,0.58161
6.2742,0.57518
6.2269,0.57596
6.1206,0.58208
6.1874,0.58175
5.9818,0.58929
5.7715,0.59551
5.9529,0.5884
5.9465,0.58769
6.1298,0.57976
6.2863,0.57257
6.2594,0.57567
6.1377,0.57887
6.2658,0.57477
6.2614,0.57518
6.7764,0.55499
6.2304,0.57578
6.2754,0.57188
7.0295,0.54477
6.6939,0.55948
7.0443,0.54481
6.9327,0.55031
6.9561,0.54594
6.8868,0.5499
6.6769,0.55858
6.6879,0.55658
6.6206,0.55972
6.5275,0.56559
6.5597,0.56247
6.528,0.56296
6.3542,0.57039
6.4451,0.56382
6.0879,0.57864
6.229,0.57234
6.2011,0.57368
6.2029,0.5759
6.5014,0.56272
6.3521,0.56785
6.4652,0.5598
6.4005,0.56175
6.3088,0.56501
6.3086,0.56558
6.4373,0.56218
6.3254,0.56891
6.4767,0.56264
6.5032,0.55921
6.442,0.5633
6.0287,0.57613
6.3263,0.56383
6.0797,0.57382
6.0946,0.57611
6.0046,0.57865
6.4242,0.55968
6.5204,0.55651
6.0791,0.57414
6.1965,0.56975
6.2633,0.56739
5.9856,0.57895
6.0553,0.57293
5.9574,0.57919
6.0654,0.57416
6.1241,0.5714
6.2287,0.56365
6.0148,0.57547
5.7644,0.58484
6.4058,0.56133
5.8332,0.58121
6.3659,0.55967
6.1716,0.5661
6.1415,0.568
5.8484,0.58122
6.1439,0.56435
6.4334,0.55293
6.1984,0.56222
6.0371,0.57019
6.1811,0.56514
6.3831,0.55496
5.901,0.57505
6.1629,0.56501
6.2274,0.5641
6.4004,0.55768
6.0059,0.57386
6.1433,0.5649
6.5056,0.54948
6.096,0.56559
6.1077,0.56542
6.1964,0.5627
6.0078,0.5722
6.0051,0.57279
6.0602,0.57048
6.0874,0.56668
6.0473,0.56938
6.1697,0.56258
6.0397,0.56935
5.9163,0.57746
6.0943,0.56681
6.1322,0.56299
6.39,0.55363
6.0174,0.57025
6.3585,0.55644
6.346,0.55758
6.3967,0.55427
5.8931,0.57581
6.0946,0.5654
6.5961,0.54642
6.0378,0.57006
6.4427,0.55415
6.3449,0.55827
6.1134,0.56825
6.043,0.57266
5.8449,0.57543
6.1436,0.56602
6.3697,0.55837
6.3532,0.56151
6.4878,0.55443
5.6799,0.59031
5.6778,0.58737
5.856,0.57634
5.8394,0.57805
6.0649,0.56854
6.668,0.5486
6.0197,0.57285
6.1635,0.56688
6.4672,0.55594
6.6756,0.54522
7.0049,0.53327
6.0473,0.5716
6.2322,0.56269
5.9308,0.57603
6.2469,0.56402
6.9303,0.53631
6.8651,0.53965
6.0492,0.57277
6.3558,0.56429
6.1558,0.57115
6.6488,0.54914
6.4199,0.5563
6.1023,0.56908
6.2416,0.56384
6.5843,0.54649
6.4417,0.55629
5.9241,0.57104
5.7669,0.58112
5.973,0.57288
5.8648,0.57568
6.1306,0.56446
5.9484,0.57357
6.1294,0.56772
6.1862,0.56923
5.7677,0.58334
5.9598,0.57647
5.979,0.57552
6.06,0.5708
6.2193,0.56222
6.8534,0.54044
5.8704,0.58012
5.8813,0.58218
6.5527,0.55862
6.3501,0.56391
6.2151,0.56924
5.8765,0.57642
5.8928,0.57492
5.8201,0.57841
5.4825,0.5917
6.3465,0.5572
6.4991,0.55342
5.7199,0.58651
5.8855,0.58025
5.9142,0.58026
5.8519,0.58003
6.6764,0.54652
6.3168,0.56253
6.2095,0.56489
6.3773,0.55535
5.7473,0.58146
5.4721,0.59761
5.6009,0.58775
5.5607,0.59223
5.8544,0.57802
6.3335,0.55713
5.8326,0.58276
6.8315,0.53952
6.1272,0.56715
5.896,0.57676
5.8805,0.57308
5.6943,0.58046
6.2936,0.5588
6.5945,0.54484
7.0754,0.53595
5.8083,0.58255
6.0503,0.57211
5.405,0.60316
5.687,0.58882
6.0687,0.57245
5.8599,0.5801
6.3421,0.55891
6.3509,0.55954
6.2214,0.56419
6.1096,0.56773
5.869,0.58005
6.0725,0.56824
7.0971,0.52641
6.3103,0.56073
5.8968,0.57406
6.3783,0.55742
6.1986,0.5657
6.3058,0.56455
6.1412,0.56689
6.1712,0.56789
6.1885,0.56313
6.4414,0.55433
6.3055,0.56119
6.0958,0.56926
5.8263,0.58034
6.5098,0.55255
6.3584,0.55882
6.3922,0.55799
6.4028,0.55365
6.5824,0.54897
6.5492,0.5476
6.1024,0.56799
6.0877,0.56932
6.1876,0.56165
6.3666,0.55353
6.2917,0.55727
6.2305,0.56313
6.2912,0.55913
6.1441,0.56555
7.1294,0.52772
5.8626,0.57656
5.9283,0.57113
6.1087,0.56658
5.8818,0.57807
6.2448,0.56332
5.6059,0.58863
5.7883,0.58077
6.0765,0.56575
5.9241,0.57194
5.9586,0.57049
7.0731,0.53062
7.0519,0.53485
7.1851,0.52792
5.819,0.57665
5.7471,0.58236
6.0266,0.56873
6.1296,0.56473
6.0638,0.56481
6.5742,0.54727
6.4071,0.55483
6.3481,0.56123
6.2326,0.56782
6.2371,0.566
6.0395,0.5773
6.2851,0.56263
6.6949,0.54633
6.2543,0.56391
6.642,0.55016
6.1969,0.56728
5.3863,0.60101
5.4287,0.59687
6.5641,0.54609
6.0131,0.56842
5.9525,0.57402
5.9279,0.57625
5.7469,0.58651
5.7074,0.58436
6.0887,0.56849
5.8589,0.57704
6.3439,0.55452
6.2377,0.55785
6.0269,0.57381
5.8826,0.58045
5.763,0.58526
5.8808,0.57603
5.6829,0.58605
5.8186,0.57907
6.2717,0.56455
6.2174,0.56552
6.3595,0.5592
5.7648,0.57925
6.0793,0.56554
5.9167,0.57561
6.0563,0.56827
6.1491,0.56399
5.7828,0.58255
6.0774,0.56896
6.1853,0.5657
5.8782,0.57627
5.986,0.57329
6.222,0.56634
6.4663,0.55549
6.3054,0.56323
6.1907,0.56775
6.2407,0.56212
6.4056,0.55554
6.5217,0.54634
6.6989,0.54005
6.2759,0.5614
6.3596,0.55684
6.395,0.55477
6.3515,0.55878
6.2801,0.56334
6.496,0.55648
6.118,0.57157
6.2121,0.56871
6.3736,0.56042
6.2539,0.56318
5.8975,0.57603
6.3744,0.55701
6.1927,0.56401
6.226,0.56157
6.2149,0.56379
6.0928,0.57138
5.9116,0.57708
5.9909,0.57562
6.1299,0.56692
6.0455,0.57231
6.2572,0.55901
6.0737,0.56903
6.18,0.56302
6.2942,0.55809
6.314,0.55835
6.223,0.56475
6.0685,0.57286
6.1993,0.56817
6.1577,0.57026
6.2881,0.56182
5.972,0.57271
6.3506,0.55681
6.3055,0.55613
6.4036,0.55363
6.0961,0.56696
6.1252,0.56653
6.182,0.56594
6.3264,0.56017
6.1,0.5676
6.2097,0.56559
6.2039,0.56141
5.9019,0.57592
5.959,0.57599
5.8996,0.57666
5.987,0.57173
6.1767,0.56155
6.152,0.56661
6.5023,0.55317
5.6929,0.58409
5.9745,0.57352
5.7786,0.58582
5.8212,0.58082
5.9305,0.57471
5.6707,0.58824
5.7938,0.57777
5.5538,0.5868
5.8029,0.57816
5.9165,0.56949
6.7452,0.53779
6.0173,0.56485
6.6935,0.54071
6.732,0.54
5.8284,0.57724
6.7526,0.53971
6.616,0.54566
6.3827,0.55307
6.6843,0.54438
6.5711,0.54632
6.1197,0.56503
5.9683,0.57314
6.3852,0.55652
6.0184,0.57156
5.9325,0.57599
6.4548,0.55589
6.0799,0.56677
5.9562,0.57286
6.048,0.56744
6.6122,0.54421
6.0778,0.56837
5.6625,0.58568
5.7425,0.58236
5.8772,0.57573
5.7979,0.57788
5.7237,0.58202
5.8261,0.57491
6.0991,0.56545
6.3238,0.55772
6.2911,0.55905
6.7173,0.54641
6.6165,0.55021
6.7618,0.54273
6.2283,0.56198
5.8984,0.57713
5.858,0.57486
5.6958,0.58072
6.0956,0.55971
5.6026,0.58513
5.694,0.5818
5.7051,0.57813
5.9196,0.57055
6.1949,0.56108
5.857,0.57486
5.9894,0.57197
5.8695,0.57924
6.4176,0.55768
5.6474,0.59219
5.598,0.59181
5.7123,0.58488
5.5467,0.59247
5.5889,0.58923
5.6657,0.58733
6.055,0.57143
5.7709,0.5868
5.6174,0.59557
5.9929,0.58051
5.6825,0.5924
5.6155,0.59295
7.0276,0.53157
6.9425,0.52937
6.6888,0.54347
6.056,0.5633
5.8876,0.57585
5.7535,0.58871
6.3092,0.56413
6.0131,0.57687
6.1195,0.568
6.0077,0.57095
6.0535,0.56442
6.1545,0.56212
6.8217,0.53519
5.8147,0.57525
6.7749,0.54232
6.6028,0.54768
6.566,0.54747
6.5763,0.54647
5.838,0.57934
5.9654,0.57451
6.7608,0.53985
6.9051,0.53513
5.8359,0.57628
5.9249,0.57252
6.5056,0.54941
6.5253,0.54934
6.2266,0.55966
6.5038,0.54899
6.5713,0.54649
6.3098,0.5586
6.6989,0.54269
6.2971,0.56171
6.3242,0.56128
6.4755,0.5529
6.2237,0.56363
6.5658,0.5492
5.47,0.5928
5.651,0.5818
5.7173,0.579
5.8471,0.5753
5.7647,0.57989
5.9381,0.57343
5.8983,0.5772
5.7916,0.58183
5.6158,0.59244
5.6872,0.58489
5.8841,0.57379
6.8003,0.53662
5.4551,0.59189
6.6528,0.5431
6.3316,0.55934
6.7864,0.53915
6.559,0.5488
6.0683,0.57057
6.7238,0.54208
6.2865,0.55903
6.1453,0.56713
5.8276,0.5786
5.8243,0.57789
5.7222,0.58359
5.7694,0.58387
5.7199,0.58388
5.923,0.57417
6.0328,0.56892
5.6528,0.58458
5.7857,0.57595
6.5237,0.55163
6.3447,0.56123
5.4535,0.59505
5.5818,0.5904
5.5957,0.5881
6.0463,0.56572
6.2127,0.56201
6.0912,0.5617
5.9633,0.57111
5.9805,0.5724
6.1411,0.56661
6.164,0.56871
6.9399,0.53612
6.6019,0.55035
6.2383,0.56207
5.9723,0.57432
6.7383,0.54236
5.8526,0.57669
5.1155,0.61179
5.3802,0.59788
5.3345,0.59834
5.5449,0.58971
5.5333,0.59108
5.7838,0.57887
5.7178,0.57938
6.0872,0.56583
5.9488,0.5702
5.6487,0.58675
5.7696,0.57842
5.6938,0.58647
6.1545,0.56293
6.2518,0.5595
5.4566,0.59347
5.2501,0.60128
5.8369,0.57829
5.5828,0.58959
5.84,0.57957
5.6832,0.58137
5.8548,0.57457
5.8599,0.57728
6.6427,0.544
6.633,0.54385
6.1098,0.56184
5.9668,0.56997
6.0882,0.5638
6.1115,0.56209
5.8193,0.57534
6.1027,0.56432
5.8673,0.57639
5.8872,0.5742
5.8496,0.57929
6.0671,0.56695
5.7795,0.57984
6.0645,0.56589
6.2704,0.55722
5.7205,0.58337
7.2338,0.52646
5.968,0.57203
5.903,0.57303
6.1605,0.5599
6.119,0.56517
5.9848,0.57056
5.7719,0.58062
5.8833,0.57374
5.8409,0.57477
6.9687,0.53195
6.0737,0.56935
5.5145,0.58727
5.4839,0.587
5.9363,0.57
6.0717,0.56351
5.8486,0.57449
5.6513,0.58002
5.741,0.5809
5.6884,0.58255
6.195,0.56128
5.7213,0.58287
6.0414,0.56761
6.0132,0.57103
5.8876,0.5726
5.7544,0.58042
5.8071,0.57981
6.4754,0.55229
5.7871,0.58041
5.7564,0.58018
6.6658,0.54395
6.6385,0.54435
5.7292,0.5836
6.1412,0.56098
5.909,0.57287
5.1557,0.60577
5.1748,0.60555
5.3966,0.59591
5.714,0.58053
5.577,0.58666
5.6316,0.58452
5.7299,0.57715
5.6488,0.58396
5.6675,0.58153
5.5196,0.58791
5.5906,0.58768
5.5841,0.58076
5.9016,0.57378
6.0995,0.56553
6.0448,0.5661
6.0938,0.5624
5.9603,0.57127
5.5284,0.58973
5.9467,0.57027
5.7869,0.57746
5.3582,0.59834
6.2933,0.55883
6.4481,0.55287
6.4108,0.55273
5.4937,0.58919
5.4869,0.59097
5.621,0.58535
5.7173,0.58088
6.1896,0.56366
5.8064,0.5788
5.9818,0.56885
5.807,0.57635
6.006,0.56795
5.9394,0.57126
5.9442,0.57428
5.6683,0.59072
6.3513,0.55689
6.3712,0.55392
5.6651,0.58549
5.8184,0.57599
6.02,0.56585
5.5593,0.59025
5.7517,0.57913
5.7786,0.57785
6.6185,0.54535
5.7443,0.57808
6.9266,0.53012
5.7013,0.58354
6.3376,0.55957
7.3255,0.52508
5.8162,0.5797
6.566,0.55376
7.3069,0.52573
6.7404,0.54014
6.5258,0.54723
7.0634,0.5283
6.9801,0.53356
6.4306,0.55266
6.166,0.55956
5.9628,0.57182
6.3969,0.54622
5.9471,0.57047
5.8054,0.56985
6.0017,0.56969
5.7472,0.58156
5.7256,0.57887
5.7022,0.57799
5.5598,0.58735
5.5692,0.58665
5.627,0.58102
6.0393,0.56572
5.528,0.59053
5.3651,0.59382
5.732,0.57858
5.7441,0.57822
6.2476,0.56226
5.6494,0.58527
6.196,0.56415
5.6409,0.5827
5.8843,0.57261
5.744,0.57907
5.6556,0.58145
5.7786,0.57954
5.548,0.58586
5.3401,0.59595
5.5527,0.58645
5.4839,0.59161
5.3865,0.59663
5.5478,0.58556
5.6895,0.57941
5.5654,0.58436
5.5785,0.5866
5.6784,0.58321
5.4636,0.59433
5.5972,0.58346
5.579,0.58465
6.2415,0.55736
6.8405,0.53434
5.7609,0.577
6.0096,0.56494
5.8026,0.57362
6.3564,0.54929
7.0967,0.52416
6.1209,0.56095
5.9977,0.56626
6.0414,0.56716
6.0802,0.56555
6.2982,0.55706
5.7974,0.57178
5.8115,0.57328
6.1443,0.55913
6.1293,0.56452
5.5454,0.58962
5.8487,0.57329
5.8757,0.57056
6.05,0.5656
6.3692,0.54997
6.1436,0.5604
5.8759,0.57548
5.9624,0.57223
5.9629,0.56959
6.4154,0.551
5.9819,0.56862
5.6078,0.58401
6.7502,0.53882
5.9225,0.57039
5.785,0.57899
6.0065,0.57059
6.0747,0.56703
5.8249,0.57723
5.9729,0.56957
5.9817,0.57186
6.8533,0.53613
6.8085,0.53758
6.8731,0.53466
6.7801,0.53863
6.696,0.54204
6.8118,0.53403
6.0792,0.56492
5.9876,0.56876
6.2694,0.55759
6.5772,0.54741
6.1566,0.56313
5.8985,0.57324
5.7253,0.58261
5.7289,0.58011
6.0205,0.56666
5.9481,0.5705
5.9292,0.57029
6.042,0.56558
5.7571,0.57604
6.2403,0.55495
5.8911,0.57259
6.0721,0.56335
5.8817,0.57201
6.2858,0.55699
6.282,0.55696
5.6421,0.58538
5.7814,0.57663
5.9969,0.5681
6.0053,0.56553
5.9754,0.56827
6.1336,0.56097
6.3096,0.55155
6.9883,0.52792
7.1433,0.52298
7.0444,0.52844
6.5336,0.55125
5.7024,0.58465
5.7213,0.58034
5.7677,0.57971
6.3638,0.55084
5.9056,0.57321
6.5566,0.54692
6.8257,0.53997
6.9853,0.53166
6.8037,0.53927
6.7062,0.54389
6.7578,0.53914
5.849,0.56951
7.0621,0.5275
6.0428,0.56381
5.8689,0.57221
5.8768,0.56973
6.1773,0.55895
7.1506,0.51998
6.0473,0.56206
6.4295,0.54878
6.5367,0.54439
6.1761,0.56129
6.0509,0.57157
6.4475,0.55196
6.4037,0.55472
6.201,0.55525
6.5558,0.54692
5.9096,0.56988
5.7627,0.57816
5.7464,0.58043
5.9448,0.57149
5.8765,0.57637
6.9816,0.53023
6.4174,0.55209
5.9888,0.56954
5.8995,0.57605
6.8574,0.53754
6.2526,0.5548
6.1567,0.55913
5.7067,0.57533
5.6427,0.57866
5.9922,0.56727
5.8664,0.57488
5.7278,0.57938
5.5509,0.58891
6.001,0.56435
5.86,0.57223
5.9438,0.56702
6.1712,0.55398
6.3787,0.551
5.6558,0.582
6.243,0.55913
6.1174,0.56054
5.6952,0.58058
5.8879,0.57285
5.9189,0.56927
5.4913,0.58973
5.7004,0.57724
6.3951,0.54942
5.664,0.582
6.486,0.55187
6.3686,0.55698
6.2852,0.55595
6.2694,0.55959
6.2568,0.55822
6.3577,0.55477
6.1938,0.56047
6.1963,0.55842
5.2989,0.59645
5.8414,0.5728
6.5385,0.54628
5.686,0.58379
6.2396,0.56463
5.559,0.58774
6.5374,0.54667
6.4098,0.55408
6.5199,0.54647
6.2596,0.55606
6.3432,0.55414
5.5867,0.58173
5.8954,0.56756
6.6251,0.54304
6.4349,0.55246
6.5453,0.54696
5.53,0.59009
5.9096,0.57206
5.4501,0.59537
5.7193,0.58121
5.5724,0.58899
6.09,0.56502
6.0508,0.56449
5.97,0.56838
5.9869,0.56646
6.6706,0.53701
6.1014,0.56252
6.6559,0.53484
6.6349,0.54232
6.4537,0.55083
6.5874,0.542
6.7486,0.53837
5.9218,0.5726
5.7704,0.57727
5.7789,0.57757
5.7499,0.5736
5.8382,0.57415
5.8423,0.57416
5.9124,0.57243
5.8599,0.57777
5.9764,0.57545
5.5478,0.59239
5.8608,0.57728
5.8884,0.57443
5.9147,0.57005
5.4424,0.59189
6.3147,0.55156
5.8274,0.57383
5.8525,0.57286
6.4488,0.54672
5.6163,0.58528
6.5822,0.54776
6.3582,0.55614
6.2986,0.55617
5.9446,0.57149
5.9015,0.57123
6.361,0.55557
6.4777,0.55072
5.5056,0.58851
5.4063,0.59363
5.6072,0.58281
5.8351,0.57386
5.7142,0.58489
5.8912,0.57587
5.2119,0.60344
5.4381,0.59275
5.5318,0.58663
5.3361,0.59672
5.3095,0.59502
6.5257,0.54737
6.609,0.54811
5.409,0.59311
5.4436,0.59147
6.013,0.56854
5.7142,0.5815
5.7284,0.58087
6.0444,0.56951
5.8129,0.57761
5.273,0.5977
5.4442,0.59141
5.5777,0.58483
5.3856,0.5923
5.4142,0.59308
5.4653,0.59466
5.4398,0.59323
5.4567,0.59146
5.6085,0.58395
6.096,0.56179
6.6892,0.54015
5.5869,0.58336
5.7393,0.5763
5.5475,0.58632
5.4641,0.59034
6.4469,0.55267
5.1046,0.60691
6.8274,0.53684
6.4428,0.55283
6.4049,0.55407
5.4389,0.58932
5.3077,0.5987
6.4878,0.54878
5.4682,0.59416
5.6826,0.58177
6.1087,0.56161
6.0655,0.56538
5.9476,0.57181
6.4746,0.55337
6.4058,0.55748
5.7785,0.57807
6.0342,0.56763
5.9688,0.57108
5.7057,0.58108
5.3512,0.59543
5.8073,0.57495
5.5424,0.58681
5.7158,0.5753
5.732,0.57839
5.5207,0.5878
5.9575,0.56987
5.5314,0.59003
5.5311,0.59078
5.5583,0.59064
5.7989,0.5768
5.6233,0.58305
5.5774,0.58649
5.7553,0.5767
5.7743,0.57888
5.8364,0.57663
5.952,0.57027
6.4521,0.55146
5.9167,0.57411
5.7403,0.58017
6.3818,0.55729
5.686,0.58597
5.7705,0.58396
5.6531,0.58622
5.8298,0.58167
5.7148,0.58111
5.5549,0.58706
5.6019,0.58728
6.7344,0.53917
5.7726,0.58094
5.6689,0.58856
5.8489,0.57737
6.8322,0.54276
5.7507,0.58446
5.6534,0.58796
5.5023,0.59688
5.3,0.60021
6.4828,0.55444
5.6508,0.58926
6.5097,0.55542
6.6755,0.54843
5.7368,0.58357
5.6428,0.58674
6.5538,0.55183
6.1701,0.56372
6.4351,0.55676
6.1244,0.56572
6.5643,0.55504
5.3426,0.59999
5.6818,0.58695
5.8912,0.57609
5.3908,0.59847
6.008,0.57328
5.8046,0.57936
6.0042,0.57067
5.7542,0.58202
5.6647,0.58727
5.6661,0.58628
5.5384,0.59324
5.7751,0.58264
5.9562,0.57555
5.5302,0.59527
5.8283,0.58173
5.3788,0.60142
5.3666,0.60351
5.6056,0.59177
5.7093,0.58997
5.5563,0.59959
6.0954,0.57197
6.2367,0.56806
5.5379,0.59803
5.7471,0.59037
6.1278,0.57192
5.6105,0.59642
6.501,0.55821
5.7775,0.58763
5.847,0.58192
5.9376,0.58029
5.8187,0.58458
6.036,0.57532
6.0627,0.57489
6.0085,0.57629
5.8128,0.58579
5.9095,0.57873
5.332,0.60258
5.3355,0.60697
5.4015,0.60578
5.4857,0.59841
5.2582,0.6137
5.3728,0.60604
5.3821,0.60285
5.574,0.59726
5.6189,0.59551
5.6769,0.5943
5.5744,0.59888
5.6553,0.59773
5.2397,0.61786
5.5261,0.60161
5.9824,0.5809
5.9121,0.58339
5.8241,0.5844
5.8463,0.58398
5.9209,0.58439
5.7417,0.58969
5.6822,0.59497
5.9419,0.58462
5.6629,0.59509
5.7777,0.5908
6.0223,0.57831
6.2463,0.56608
5.9661,0.57846
5.8784,0.58186
5.9402,0.58232
6.2381,0.57098
5.7641,0.59212
6.0246,0.58109
5.8464,0.58986
5.9408,0.58374
6.3048,0.56831
5.9234,0.58148
5.9354,0.58388
6.1223,0.57622
5.6604,0.59734
5.9112,0.58447
6.1841,0.57255
6.1459,0.57612
5.5818,0.59923
5.9958,0.58542
5.858,0.58929
5.787,0.59424
6.1474,0.57891
5.8933,0.58849
5.7065,0.59589
6.055,0.58243
6.0106,0.58191
6.0447,0.58064
6.1038,0.57624
6.4712,0.56343
6.0338,0.58153
5.981,0.58376
6.1193,0.57724
5.9487,0.58433
6.0801,0.5805
5.9881,0.58671
5.9163,0.59013
6.1481,0.58004
6.2303,0.57635
6.1906,0.57872
6.2331,0.57862
5.8646,0.59318
6.1374,0.58006
6.1597,0.5792
5.963,0.58868
6.1456,0.57839
6.2198,0.57887
6.022,0.58719
6.0853,0.58655
6.1344,0.58367
6.0976,0.5858
6.1773,0.57948
5.9198,0.59236
6.0352,0.58883
6.1884,0.57931
6.0068,0.58852
6.2542,0.57783
6.0002,0.58843
6.0166,0.58949
6.2092,0.58034
5.9923,0.58848
5.8802,0.59309
5.9167,0.59025
5.9891,0.58683
5.8326,0.59425
6.174,0.58186
5.9569,0.59051
5.8292,0.59495
6.0094,0.58802
5.9893,0.58903
5.9302,0.59397
6.09,0.58577
5.8638,0.59611
6.04,0.59071
5.7152,0.60254
5.8639,0.59508
5.8945,0.59368
5.9907,0.58948
5.9859,0.59271
5.784,0.59875
5.9354,0.59284
5.7119,0.60434
5.9212,0.59371
5.7311,0.60478
6.1269,0.58873
5.9614,0.5973
6.1346,0.58942
6.0801,0.59253
6.2197,0.58344
6.1593,0.58978
6.0863,0.59029
6.2437,0.58469
6.1809,0.58948
6.0811,0.59303
6.21,0.58668
6.2593,0.58512
5.7939,0.60255
5.8682,0.59868
6.0787,0.59315
6.2782,0.58529
6.0714,0.59602
5.9428,0.60039
5.8968,0.60242
6.0013,0.59632
6.363,0.58088
6.2347,0.58418
6.2421,0.58093
6.2637,0.58044
5.7338,0.60649
5.7106,0.60837
5.8772,0.60349
5.6586,0.61528
5.5949,0.61454
5.807,0.60738
5.8325,0.60644
5.9581,0.60098
5.9041,0.60195
5.9446,0.6022
5.9815,0.59741
5.8195,0.60434
6.2288,0.58868
6.2071,0.59022
6.2277,0.58914
6.0367,0.59868
6.3308,0.58674
6.4192,0.58199
6.3173,0.58818
6.2919,0.58918
6.2642,0.59033
6.3195,0.58985
6.2453,0.59028
6.088,0.5971
5.8746,0.60478
5.9147,0.60304
5.9236,0.6034
6.0148,0.60097
5.9148,0.60635
6.0321,0.60011
5.9133,0.60663
5.8675,0.60729
5.899,0.60751
6.2978,0.58989
5.9977,0.60178
6.0954,0.59767
5.7517,0.60971
5.6716,0.61424
5.8657,0.60954
6.0686,0.59847
6.2079,0.59388
5.9756,0.60645
6.1719,0.59847
6.0561,0.60493
6.3053,0.59197
6.1246,0.59898
5.8447,0.60973
6.0359,0.60285
6.1019,0.59952
6.0868,0.60146
6.0772,0.60058
6.1214,0.59892
6.2341,0.59532
6.3754,0.58853
6.2175,0.59452
6.1428,0.59723
6.1306,0.59832
6.2595,0.59363
6.1602,0.59851
6.1871,0.59893
6.2564,0.5957
6.4135,0.59011
6.3336,0.59467
6.4114,0.59072
6.2628,0.5967
6.2971,0.59264
6.4159,0.58782
6.3189,0.59125
6.3204,0.59176
6.2494,0.59618
6.4202,0.59083
6.4694,0.59077
6.4007,0.59409
6.3752,0.59332
6.0184,0.60936
6.3033,0.59697
5.9301,0.61113
6.0794,0.60453
6.2892,0.59437
6.2414,0.59533
6.4439,0.58722
6.1334,0.60142
6.357,0.59441
6.4306,0.59112
6.173,0.60454
5.6247,0.62664
5.7831,0.62172
5.972,0.6127
5.988,0.61059
5.9438,0.61229
5.8766,0.61383
5.8106,0.61681
6.0074,0.60825
6.151,0.60358
6.3271,0.5995
6.1981,0.60326
6.2559,0.60511
6.5061,0.59404
6.1076,0.60708
6.1295,0.60876
6.1626,0.60664
6.1149,0.60821
6.055,0.61068
6.1823,0.60546
6.2559,0.60348
6.1904,0.60561
6.2105,0.60544
6.2404,0.60648
5.8785,0.61786
6.3353,0.59962
6.2046,0.60536
6.2605,0.6004
6.0894,0.60816
6.1711,0.60556
6.0752,0.6082
6.3844,0.59702
6.4913,0.59271
6.2264,0.60417
6.2631,0.60311
6.2214,0.60596
6.0656,0.61084
6.3003,0.60222
6.2757,0.60295
6.1198,0.60988
6.1603,0.60709
6.1733,0.60699
6.429,0.59769
6.1894,0.60805
5.8016,0.62526
6.1041,0.61146
6.0054,0.6177
6.2115,0.60937
6.2484,0.60691
6.3167,0.60378
6.6273,0.59481
6.3379,0.60365
6.5877,0.59654
6.3464,0.60374
6.3759,0.60156
6.5389,0.60021
6.7591,0.59148
6.3552,0.60372
6.4834,0.60109
6.5329,0.59791
5.728,0.63051
6.2811,0.60888
6.0799,0.61768
6.2171,0.61133
6.2489,0.60988
6.2949,0.60635
6.3885,0.60542
6.2847,0.60843
6.3308,0.60543
6.4801,0.59904
6.1838,0.60964
6.0247,0.61873
6.3417,0.6067
6.1924,0.61334
6.4477,0.60246
6.3246,0.60785
6.2199,0.61293
6.4009,0.60504
6.3848,0.60674
6.4115,0.60633
6.3146,0.60894
6.239,0.61459
6.5234,0.60204
6.4482,0.60482
6.3255,0.60954
6.6435,0.59683
6.3165,0.61056
6.0126,0.62192
6.5029,0.60133
6.4283,0.60576
6.4279,0.60521
6.4379,0.60512
6.4761,0.60357
6.5395,0.60291
6.5522,0.60114
6.5037,0.60387
6.4261,0.60869
6.4272,0.60825
6.4397,0.60636
6.3002,0.61253
6.3841,0.6098
6.1785,0.61838
6.3977,0.60918
6.3911,0.60952
6.3513,0.61104
6.3577,0.61234
6.2464,0.61724
6.4053,0.61118
6.7559,0.59774
6.6934,0.59984
6.8044,0.59727
6.7159,0.60046
6.5407,0.60638
6.7174,0.59988
6.6962,0.60206
6.7037,0.60147
6.4869,0.60984
6.6466,0.60305
6.5236,0.60749
6.4086,0.61188
6.5465,0.60839
6.3233,0.61614
6.4964,0.60903
6.3765,0.61114
6.4886,0.60824
6.4115,0.61205
6.4087,0.61204
6.381,0.6128
6.2252,0.61732
6.0729,0.62471
6.3049,0.6164
6.0519,0.62834
6.5906,0.60744
6.5329,0.60949
6.3716,0.61598
6.3907,0.61518
6.4289,0.6131
6.5904,0.60652
6.7006,0.60163
6.7053,0.60325
6.6859,0.60383
6.7121,0.60301
6.5945,0.60707
6.5813,0.60863
6.4985,0.61096
6.5866,0.60882
6.4744,0.61437
6.4911,0.61265
6.6074,0.60668
6.5415,0.61201
6.3539,0.61944
6.414,0.6167
6.5208,0.6123
6.3832,0.61735
6.6032,0.60926
6.5459,0.61228
6.4717,0.61612
6.5587,0.61279
6.6868,0.60783
6.5564,0.61238
6.6321,0.60929
6.6102,0.61065
6.6419,0.60888
6.7192,0.60543
6.7284,0.60546
6.4798,0.6139
6.6719,0.6076
6.6829,0.60673
6.9876,0.59557
6.6024,0.60751
6.5684,0.61011
6.7462,0.60505
6.5854,0.61142
6.8105,0.60247
6.5949,0.60859
6.4033,0.61493
6.6514,0.60826
6.8742,0.59974
6.575,0.60766
6.4231,0.6132
6.4379,0.61542
6.5454,0.61249
6.5262,0.61484
6.7077,0.60701
6.4804,0.61506
6.5943,0.61202
6.5406,0.61379
6.697,0.60725
6.5237,0.61337
6.5214,0.61399
6.6298,0.60875
6.6097,0.60965
6.5532,0.61405
6.38,0.61928
6.6195,0.61108
6.7364,0.6066
6.745,0.60648
6.796,0.60496
6.5362,0.61409
6.7875,0.60601
6.6665,0.61005
6.5751,0.61211
6.4853,0.61452
6.5741,0.61121
7.0115,0.59614
6.5534,0.61198
6.877,0.59977
6.558,0.61212
6.8382,0.60426
6.6693,0.61037
6.7095,0.60923
6.7686,0.60665
6.6939,0.60738
6.719,0.60684
6.7839,0.60363
6.7395,0.60705
6.5377,0.61588
6.8447,0.60294
6.7617,0.60619
6.6598,0.61113
6.6984,0.60955
6.6004,0.61357
6.6528,0.61173
6.6152,0.61197
6.6805,0.61069
6.6653,0.61203
6.834,0.60493
6.8197,0.60472
7.165,0.59341
6.9197,0.60088
6.5093,0.61667
6.5764,0.61472
7.2207,0.59149
6.8135,0.60627
6.554,0.61656
6.3978,0.62105
6.4309,0.62062
6.866,0.6066
6.9049,0.60434
6.7649,0.60964
6.8697,0.6043
6.8469,0.60666
6.5388,0.61636
6.7912,0.60862
6.8192,0.60782
6.8129,0.60736
6.6071,0.61485
6.543,0.61986
6.8795,0.60555
6.881,0.6057
6.6019,0.61479
6.6548,0.61304
6.8616,0.60578
6.8153,0.60653
6.8797,0.60305
6.7901,0.60644
6.5879,0.61479
6.7133,0.61294
6.5473,0.6199
6.67,0.61321
6.643,0.61415
6.7711,0.61129
6.6173,0.61581
6.8058,0.60852
6.9059,0.60412
6.8085,0.60827
6.7793,0.60908
6.6929,0.61358
6.7522,0.61217
6.6563,0.61622
6.738,0.6114
6.7887,0.61085
6.8347,0.60756
6.9517,0.6033
6.7932,0.61087
6.9329,0.60425
6.8777,0.60711
6.8149,0.61077
6.9048,0.60717
6.8072,0.61193
6.8335,0.61066
7.08,0.60198
6.7897,0.61224
6.8688,0.60833
6.8704,0.60786
6.8559,0.60986
6.996,0.6048
6.8389,0.60953
6.5517,0.61876
7.0689,0.60195
6.9144,0.60735
6.8349,0.60993
6.6783,0.61483
6.831,0.61024
6.8288,0.61159
6.9444,0.60635
6.985,0.60607
6.6214,0.617
7.3189,0.59448
6.7035,0.61451
6.7225,0.61469
6.9691,0.60603
6.8029,0.61129
7.0201,0.60301
6.9237,0.60722
6.9651,0.60558
6.9791,0.60471
6.9937,0.60552
6.9102,0.60567
7.0734,0.60186
7.1311,0.5997
6.9189,0.60881
7.0849,0.60308
7.0454,0.60427
6.9903,0.60648
6.9985,0.60739
7.0216,0.6062
6.9985,0.60708
7.145,0.60231
7.1256,0.60322
7.0545,0.60403
6.9932,0.60679
6.9886,0.60706
7.1303,0.60215
6.8631,0.61231
7.1777,0.60031
6.9343,0.60949
7.1404,0.60259
7.3115,0.59695
7.0566,0.60531
6.8898,0.6128
6.9761,0.60869
6.9035,0.61057
6.9582,0.60783
7.0708,0.60379
7.0233,0.60625
6.9744,0.60848
7.006,0.60781
7.0608,0.60654
6.9559,0.61016
7.0574,0.60624
7.0466,0.60712
7.0826,0.60503
7.0978,0.60485
7.0778,0.60623
7.0571,0.60634
7.0355,0.60823
7.1123,0.60504
7.131,0.6057
7.1094,0.60754
7.077,0.60769
7.0267,0.6106
7.1287,0.60709
7.1411,0.60533
7.038,0.6094
7.0509,0.60791
7.3019,0.6
7.1054,0.60699
7.1298,0.60572
7.182,0.60336
7.1219,0.60454
7.0412,0.60799
6.8972,0.61294
7.0147,0.60898
6.9666,0.61055
6.8253,0.61568
6.874,0.61506
6.962,0.61138
7.0626,0.60822
6.9605,0.61194
6.9991,0.60996
7.0195,0.60955
7.0816,0.60732
7.0867,0.60742
7.0701,0.60751
7.0253,0.60956
7.1217,0.60569
7.0088,0.60979
7.2164,0.60438
7.1394,0.60597
7.0049,0.61201
7.3135,0.60153
7.2901,0.60286
7.1106,0.60932
6.9708,0.61166
7.1642,0.60488
7.107,0.60694
7.0488,0.60886
6.998,0.61158
7.0383,0.61019
7.1017,0.6088
7.0682,0.60874
7.056,0.61029
7.2361,0.60378
6.968,0.61424
7.0379,0.61167
7.0452,0.61213
7.1131,0.6095
7.2381,0.60393
7.1814,0.60635
7.1489,0.60824
7.1247,0.60856
7.0915,0.6105
7.1292,0.61012
7.2689,0.60423
6.9507,0.61544
7.1728,0.60699
7.0982,0.60997
7.1137,0.60907
7.1348,0.60779
7.1253,0.60858
6.6986,0.62383
7.1125,0.60912
7.0859,0.60971
7.2109,0.60637
7.2034,0.60549
7.1717,0.60687
7.0698,0.61073
7.1567,0.6081
7.2124,0.60565
7.198,0.60785
7.2358,0.60586
7.2834,0.60539
7.331,0.60539
7.2276,0.60851
7.3782,0.60319
7.167,0.61045
7.229,0.60784
7.2589,0.60754
7.2916,0.60575
7.246,0.60556
7.2611,0.60575
7.308,0.60357
7.2584,0.60502
7.1397,0.60909
7.1043,0.6108
7.0522,0.61297
7.1855,0.60929
7.1256,0.61125
7.2076,0.60894
7.1011,0.61298
7.1481,0.61189
7.1529,0.61255
7.1304,0.61251
7.2023,0.61146
7.2392,0.60936
7.2202,0.60995
7.328,0.60587
7.2917,0.60676
7.2351,0.60893
7.2606,0.60824
7.2408,0.60945
7.2377,0.6102
7.2408,0.60935
7.2642,0.60838
7.3163,0.60652
7.0021,0.61715
7.1687,0.61065
7.1103,0.61278
7.098,0.61322
7.153,0.61174
7.1188,0.61192
7.1722,0.60983
7.1425,0.61057
7.0621,0.61478
7.147,0.61106
