19.339,0.48908
14.816,0.57231
8.4283,0.81829
12.623,0.64033
12.995,0.63792
19.698,0.47306
18.839,0.49699
11.954,0.68997
22.76,0.3984
15.137,0.55267
12.427,0.65182
17.321,0.51365
18.512,0.50056
23.739,0.39345
23.596,0.39211
19.423,0.45027
20.167,0.43026
16.613,0.52793
14.524,0.58868
15.314,0.5676
14.584,0.58034
14.714,0.57795
10.796,0.71377
17.032,0.50845
12.259,0.6622
14.269,0.59443
13.836,0.60691
13.826,0.6068
14.701,0.57983
14.528,0.58432
14.589,0.58619
13.93,0.60678
17.092,0.51739
15.933,0.54654
17.02,0.51985
14.384,0.59235
15.888,0.56146
15.352,0.57542
14.565,0.59768
10.397,0.73271
14.037,0.61204
23.968,0.35954
23.744,0.38548
21.076,0.41588
19.733,0.45508
14.544,0.57519
15.634,0.54779
20.246,0.42798
13.221,0.63726
21.26,0.41225
12.114,0.65856
12.614,0.65529
18.115,0.49635
15.867,0.54961
17.796,0.49764
18.695,0.47602
19.886,0.44164
19.449,0.47998
13.259,0.63044
15.127,0.56408
21.123,0.43624
18.263,0.4843
20.435,0.4584
19.241,0.4565
19.435,0.45632
19.882,0.44429
19.147,0.45963
18.516,0.47032
17.382,0.50929
17.676,0.49628
9.7874,0.7495
13.776,0.61979
19.863,0.46117
12.201,0.67498
13.589,0.62209
13.465,0.61929
16.616,0.52683
13.963,0.60961
12.738,0.64363
10.445,0.74041
13.858,0.61092
13.247,0.6346
14.014,0.59882
14.881,0.56682
17.199,0.52478
16.302,0.54945
13.86,0.59284
17.016,0.52826
16.509,0.53607
17.769,0.50866
16.459,0.53851
15.474,0.53656
13.89,0.588
15.603,0.53127
15.389,0.55012
14.918,0.55986
22.33,0.38345
18.04,0.48103
14.96,0.56878
16.599,0.52408
16.568,0.52283
13.999,0.5929
10.209,0.71589
12.788,0.6448
9.7982,0.73334
9.8675,0.73181
8.2133,0.80309
8.7595,0.77082
9.8846,0.72277
10.342,0.70333
9.6738,0.72806
10.545,0.69644
13.225,0.59394
10.766,0.68289
16.421,0.53219
9.3383,0.73779
10.428,0.69062
10.916,0.67683
12.118,0.62952
10.494,0.69622
10.562,0.70807
8.6917,0.77528
9.7925,0.72056
9.2279,0.74826
7.5391,0.83727
7.5901,0.83355
7.015,0.86179
7.8793,0.80635
7.9111,0.80835
8.7076,0.77818
8.6431,0.76857
12.678,0.63911
14.938,0.56371
15.19,0.55268
14.753,0.56885
15.435,0.55263
15.207,0.559
15.574,0.55221
13.844,0.59791
13.864,0.59923
13.721,0.60233
13.053,0.61236
14.016,0.57932
13.025,0.61226
12.5,0.62617
11.514,0.65974
12.434,0.62785
12.836,0.60648
11.791,0.64676
11.238,0.66826
11.414,0.65914
11.44,0.65352
10.996,0.672
12.014,0.63265
12.88,0.60315
12.565,0.61227
12.052,0.62839
13.309,0.58974
13.338,0.59485
12.283,0.62329
14.241,0.56835
13.898,0.56952
14.122,0.57231
13.764,0.57324
12.688,0.60441
13.525,0.57437
13.024,0.58889
12.783,0.59601
14.924,0.54432
14.217,0.56246
14.159,0.55909
15.283,0.53083
13.83,0.57439
13.695,0.57267
14.258,0.55142
15.192,0.52552
13.964,0.55963
13.685,0.56872
13.638,0.56855
13.122,0.58516
13.963,0.55706
14.979,0.53037
12.729,0.59305
12.935,0.58904
14.459,0.54252
12.551,0.59638
13.46,0.56646
13.975,0.5528
14.028,0.54645
13.427,0.56392
13.862,0.55686
11.54,0.63198
12.37,0.61035
11.89,0.62146
13.132,0.57455
13.171,0.5698
14.234,0.54013
14.335,0.53638
13.198,0.56827
13.228,0.56434
14.098,0.53853
12.798,0.58076
12.647,0.58382
12.653,0.58763
13.377,0.56475
13.741,0.5568
13.241,0.57021
12.867,0.57962
13.681,0.55635
14.512,0.52965
13.341,0.56508
12.605,0.58561
13.016,0.57256
13.64,0.55432
12.86,0.58028
13.248,0.56532
12.828,0.57579
12.809,0.57566
13.114,0.56899
12.957,0.57242
12.991,0.57149
12.281,0.59534
12.309,0.59092
12.341,0.59534
12.048,0.60055
12.444,0.58763
12.403,0.59326
12.625,0.58972
12.506,0.58465
12.068,0.60147
12.296,0.59159
11.885,0.60508
12.894,0.57063
12.6,0.5799
12.163,0.59526
12.663,0.57638
11.454,0.61993
12.388,0.58715
11.674,0.60974
12.026,0.60119
12.196,0.59125
12.092,0.59443
11.308,0.62017
11.783,0.60737
11.578,0.61393
11.824,0.60565
13.058,0.56487
11.57,0.61516
11.845,0.60392
11.358,0.62325
12.399,0.5865
11.133,0.63058
12.557,0.58147
12.283,0.59159
12.892,0.57112
13.141,0.56332
12.049,0.59862
12.615,0.57945
12.103,0.59592
13.051,0.56551
12.123,0.59157
11.351,0.62012
11.631,0.61148
11.355,0.61979
12.184,0.58875
11.168,0.62329
11.743,0.60561
11.498,0.61645
11.359,0.61871
11.396,0.618
10.925,0.63337
11.147,0.6257
11.75,0.60311
11.499,0.61616
11.503,0.61332
11.908,0.59941
11.24,0.62169
11.435,0.61546
11.825,0.60356
11.455,0.61352
11.011,0.63083
11.564,0.60804
11.57,0.60841
11.53,0.6082
11.176,0.62324
11.447,0.61106
11.323,0.61565
11.195,0.62041
10.914,0.62932
11.241,0.61703
11.437,0.61535
11.284,0.61705
11.123,0.62374
11.391,0.61669
11.47,0.61354
11.093,0.62822
11.14,0.62769
11.321,0.61712
10.982,0.6314
11.371,0.61457
10.998,0.63009
10.908,0.63266
11.714,0.60226
11.055,0.6273
11.094,0.62465
11.472,0.61247
11.01,0.62932
11.522,0.61029
11.14,0.62509
11.434,0.61431
11.232,0.623
11.003,0.63094
10.868,0.63516
10.934,0.63518
11.778,0.59993
11.012,0.63217
11.28,0.62002
11.095,0.62596
11.156,0.62359
11.042,0.62902
11.232,0.62164
11.184,0.62339
11.784,0.60098
11.256,0.6194
10.674,0.63869
11.757,0.59832
10.86,0.63009
11.128,0.62087
11.551,0.60569
11.307,0.61546
11.342,0.61488
12.377,0.57956
10.991,0.6275
11.27,0.61651
11.676,0.60258
11.596,0.60468
11.907,0.59726
11.991,0.59512
11.458,0.61323
12.365,0.58394
10.767,0.63706
11.987,0.59884
11.656,0.60519
11.302,0.61725
11.241,0.61995
11.633,0.60358
11.476,0.60976
11.237,0.6155
11.399,0.61439
11.49,0.61087
11.414,0.61111
11.315,0.61422
11.9,0.596
11.373,0.6147
11.026,0.62374
10.887,0.62949
11.254,0.62309
11.244,0.62237
11.045,0.62576
11.22,0.62004
11.484,0.61183
11.665,0.60618
11.562,0.6089
11.392,0.61323
11.796,0.60352
11.363,0.61369
11.547,0.60731
11.359,0.61495
11.253,0.61705
11.417,0.61118
11.332,0.614
11.238,0.6178
11.079,0.62231
10.748,0.6365
11.216,0.61887
11.389,0.61235
10.81,0.63197
10.723,0.63697
11.019,0.62541
11.092,0.62233
11.055,0.6237
11.122,0.62067
11.141,0.62233
11.018,0.6273
11.399,0.60886
11.406,0.61051
11.422,0.6107
11.15,0.62175
11.613,0.60397
11.443,0.61466
11.527,0.61353
10.864,0.63255
11.013,0.62713
11.397,0.61713
11.542,0.60787
11.617,0.60852
11.577,0.60687
11.678,0.60211
11.403,0.61133
11.654,0.60232
11.317,0.61466
10.816,0.63115
11.536,0.60825
11.539,0.60439
12.079,0.58836
12.045,0.59082
11.16,0.61958
11.624,0.60489
11.415,0.61203
11.227,0.61657
10.989,0.62882
10.464,0.64316
11.033,0.62849
11.14,0.62443
11.341,0.61543
10.859,0.63396
11.027,0.6281
10.918,0.63065
11.09,0.62394
11.227,0.61821
11.699,0.60222
11.446,0.60862
11.817,0.59958
11.431,0.61428
11.402,0.61552
11.409,0.61233
11.064,0.62384
12.189,0.58567
10.678,0.63914
11.523,0.60739
10.818,0.63256
11.319,0.61353
11.033,0.624
11.08,0.62661
10.983,0.62536
10.995,0.6289
11.152,0.61954
11.019,0.6277
11.477,0.60967
11.089,0.62427
11.209,0.62004
11.155,0.62226
11.043,0.62804
11.3,0.61866
11.576,0.60624
11.679,0.60534
11.633,0.60834
11.686,0.60109
11.626,0.60367
11.631,0.60394
12.071,0.5938
12.083,0.59034
11.893,0.59727
11.735,0.60035
11.86,0.59956
11.732,0.59841
11.456,0.60898
11.305,0.61444
11.4,0.61163
11.092,0.62275
10.894,0.62981
11.364,0.61731
11.184,0.62141
11.258,0.61853
11.02,0.62814
11.355,0.61426
11.577,0.60848
11.292,0.61637
11.007,0.62907
11.122,0.6216
10.942,0.63115
10.68,0.63677
11.033,0.62215
11.279,0.61479
11.67,0.60211
11.198,0.61742
11.264,0.61599
11.148,0.62208
11.484,0.61066
11.121,0.61936
11.524,0.60945
11.362,0.6171
11.671,0.60467
11.633,0.60614
11.386,0.61657
11.853,0.59893
11.537,0.60629
11.292,0.61642
11.284,0.61657
11.178,0.61958
11.378,0.6108
11.143,0.62136
11.367,0.61687
10.945,0.62788
11.382,0.61464
11.414,0.6124
11.482,0.60901
11.531,0.60562
11.417,0.61179
11.391,0.61262
11.28,0.618
11.263,0.61959
11.388,0.61613
11.531,0.60941
11.163,0.61999
11.289,0.61659
11.46,0.6115
11.182,0.61983
10.839,0.63173
11.655,0.60097
10.985,0.62654
10.972,0.62805
11.181,0.61864
11.106,0.62138
11.09,0.62249
11.016,0.62461
10.994,0.62511
11.582,0.60288
11.139,0.62137
11.183,0.61984
11.267,0.61606
11.331,0.61296
11.058,0.62127
10.615,0.63916
11.156,0.62154
11.133,0.61903
11.146,0.62375
11.201,0.62192
11.224,0.61327
10.773,0.63071
11.685,0.60034
11.567,0.60092
11.499,0.6057
11.419,0.6078
12.048,0.58548
11.603,0.60228
12.722,0.56465
11.811,0.59465
11.494,0.60406
11.652,0.60037
11.126,0.6202
10.804,0.63309
11.123,0.62068
11.278,0.61743
11.311,0.61695
11.224,0.62113
11.109,0.62405
11.51,0.60828
11.245,0.61805
11.153,0.62009
11.827,0.59601
11.312,0.61407
11.07,0.62344
10.925,0.62989
11.188,0.61993
11.039,0.6226
10.963,0.62444
11.08,0.62365
11.361,0.61397
11.343,0.61622
11.29,0.61791
11.182,0.62145
10.911,0.62813
11.251,0.61798
10.981,0.6264
11.938,0.59545
11.405,0.6133
11.306,0.61688
11.214,0.61845
11.414,0.61098
10.741,0.63539
11.459,0.60801
10.938,0.63002
11.166,0.62104
12.192,0.58408
11.33,0.61616
11.385,0.60766
11.393,0.60642
12.041,0.58926
13.391,0.55121
12.042,0.58874
11.648,0.60133
11.816,0.59482
12.453,0.58202
11.093,0.61991
11.511,0.60495
11.664,0.59818
12.243,0.5809
11.316,0.61244
11.558,0.60576
11.295,0.61566
11.038,0.62639
11.044,0.62401
11.182,0.62103
11.057,0.62618
10.922,0.62682
11.281,0.61527
11.263,0.61678
11.406,0.61138
11.509,0.60956
10.725,0.63246
10.757,0.63713
11.151,0.61677
11.067,0.62558
11.091,0.62017
10.958,0.62881
11.17,0.61907
11.169,0.61691
11.177,0.61847
10.924,0.62986
11.383,0.61235
11.202,0.61878
11.778,0.59733
11.902,0.59462
11.937,0.59292
11.121,0.62171
11.172,0.6196
11.149,0.6213
11.123,0.62288
11.966,0.5923
10.985,0.62698
11.479,0.61055
11.084,0.6232
11.165,0.61823
12.1,0.58521
11.417,0.61117
12.186,0.58509
12.361,0.58162
11.565,0.60508
11.084,0.62382
11.914,0.59413
11.252,0.61732
11.523,0.60578
11.348,0.61089
11.506,0.60699
11.887,0.59455
12.091,0.589
11.82,0.59996
11.798,0.59811
10.762,0.63063
10.584,0.63816
11.676,0.60166
11.616,0.60204
11.805,0.59576
11.279,0.61384
11.312,0.61308
11.156,0.61807
10.996,0.62528
11.026,0.62527
11.082,0.62277
11.346,0.61665
11.145,0.61979
11.114,0.62303
11,0.62493
11.622,0.6025
11.371,0.61085
12.144,0.58341
11.294,0.61528
12.115,0.58458
10.98,0.625
10.998,0.62562
10.95,0.62631
11.094,0.62256
11.173,0.62021
12.069,0.58641
10.92,0.62682
11.14,0.61843
11.032,0.62437
11.476,0.60829
11.248,0.61457
11.086,0.6237
11.28,0.61768
11.083,0.61859
11.343,0.61056
11.376,0.61545
11.416,0.61106
11.634,0.60258
11.686,0.60023
11.513,0.60736
11.747,0.60069
12.148,0.58539
12.012,0.59005
11.697,0.60004
11.889,0.59311
11.246,0.61674
11.018,0.62455
10.937,0.62707
11.13,0.62073
11.419,0.61261
11.922,0.60045
11.684,0.60678
11.406,0.61329
11.456,0.61334
11.555,0.60879
11.027,0.62471
11.025,0.62656
11.022,0.62261
11.643,0.60225
11.453,0.61055
11.048,0.62118
10.989,0.62407
11.603,0.60244
11.316,0.61175
11.287,0.6121
11.026,0.62123
11.373,0.61221
11.272,0.61264
11.875,0.59698
11.775,0.5963
11.634,0.60187
11.534,0.60696
11.353,0.61446
12.029,0.58948
11.71,0.59917
11.841,0.59729
11.83,0.5964
12.316,0.57787
11.296,0.61623
11.787,0.59849
11.417,0.60927
11.502,0.60733
11.949,0.59215
11.16,0.62043
11.815,0.59795
11.851,0.593
11.857,0.59783
11.755,0.59913
11.459,0.61081
11.454,0.60964
11.388,0.6138
11.211,0.62178
11.284,0.61349
12.084,0.58746
11.141,0.61884
10.927,0.62522
10.996,0.62456
11.945,0.59264
11.645,0.60058
11.057,0.6241
11.506,0.60773
11.572,0.60524
11.695,0.59947
11.231,0.61464
12.165,0.58135
11.046,0.62478
11.362,0.61305
11.301,0.61458
11.277,0.61808
11.057,0.62232
11.552,0.60659
11.63,0.60236
11.452,0.6111
11.103,0.62201
10.819,0.63399
11.087,0.62329
11.417,0.60993
11.175,0.61952
12.31,0.58093
10.974,0.62767
12.26,0.58349
12.458,0.57898
12.587,0.57522
11.785,0.59848
11.383,0.61174
11.06,0.62273
11.327,0.6132
10.837,0.63181
11.505,0.60832
11.229,0.61971
11.43,0.61106
10.981,0.62697
11.199,0.61986
11.211,0.61606
11.005,0.62291
11.168,0.61863
11.46,0.60786
11.56,0.60443
11.177,0.61973
11.253,0.61728
11.768,0.59739
11.015,0.62575
10.637,0.63841
11.182,0.61941
11.591,0.60354
12.226,0.58277
11.311,0.61322
11.785,0.59435
11.269,0.61653
11.835,0.59496
11.207,0.61995
11.631,0.60505
11.375,0.6144
11.442,0.6096
11.497,0.60617
11.438,0.6078
11.274,0.61343
11.387,0.61035
11.836,0.59436
11.484,0.60862
12.112,0.58848
11.076,0.62298
12.337,0.58534
11.847,0.60151
11.058,0.62583
11.513,0.6054
11.651,0.60246
12.292,0.58145
11.727,0.59789
11.709,0.60157
11.346,0.6132
11.378,0.61168
11.294,0.61467
11.351,0.6114
11.47,0.60773
10.968,0.62506
11.231,0.61802
10.984,0.62529
12.064,0.58739
11.056,0.62423
10.66,0.6391
10.905,0.63076
10.797,0.63095
10.887,0.63205
10.991,0.62573
10.696,0.63887
11.444,0.61301
10.916,0.62974
11.379,0.61397
10.845,0.63143
10.758,0.63614
11.007,0.62818
11.27,0.62022
11.229,0.61839
11.036,0.6289
11.374,0.61695
11.016,0.62613
10.877,0.63125
11.169,0.62079
10.825,0.63586
11.098,0.6222
11.102,0.62136
10.56,0.63964
11.255,0.61343
10.998,0.62545
11.16,0.61817
11.39,0.61233
10.761,0.63075
10.959,0.62554
11.139,0.61848
11.421,0.61024
11.144,0.61919
11.178,0.622
11.522,0.60713
10.767,0.63121
11.3,0.61329
11.803,0.59908
11.81,0.59811
11.308,0.61594
10.968,0.62691
10.746,0.63692
10.95,0.62813
12.028,0.59133
11.309,0.61232
11.044,0.62401
11.598,0.60523
11.903,0.59786
11.269,0.61685
11.361,0.61218
10.932,0.62714
11.444,0.61
11.403,0.61134
13.033,0.5612
11.195,0.62062
11.356,0.61242
11.085,0.62504
11.039,0.62519
10.719,0.63802
11.455,0.6088
11.439,0.61067
11.352,0.61222
11.009,0.62513
10.784,0.63448
11.741,0.60165
11.049,0.62299
10.964,0.62494
10.761,0.63139
12.107,0.60071
12.007,0.6079
12.556,0.5815
10.802,0.63533
11.408,0.61252
11.737,0.60028
11.38,0.61589
11.439,0.61555
10.981,0.62779
11.219,0.62009
11.082,0.62559
11.039,0.62788
11.274,0.6186
11.658,0.60686
11.828,0.5929
11.668,0.60094
11.634,0.59978
11.233,0.61454
11.646,0.60186
11.115,0.61759
11.675,0.59839
11.47,0.60892
11.608,0.60425
11.423,0.61149
11.249,0.61527
11.313,0.61548
11.948,0.60765
12.022,0.60226
10.993,0.62705
11.626,0.60519
11.436,0.61267
11.748,0.5982
11.224,0.61749
10.874,0.63137
10.987,0.62499
11.131,0.6223
11.244,0.6153
11.258,0.61565
11.698,0.60054
12.456,0.57646
11.18,0.61848
12.745,0.56685
11.977,0.59149
11.727,0.60004
11.598,0.60447
12.108,0.58732
11.408,0.61224
11.57,0.60448
11.422,0.60941
11.343,0.61191
12.376,0.58278
12.265,0.58317
11.804,0.6005
11.781,0.59844
11.94,0.59329
11.803,0.59923
11.67,0.59984
11.394,0.6085
11.363,0.61436
11.088,0.62075
10.805,0.6339
11.067,0.62311
11.308,0.61213
11.213,0.6181
11.933,0.5952
11.612,0.60273
12.999,0.56155
12.452,0.57324
11.614,0.60153
12.343,0.57861
12.811,0.56139
12.373,0.57775
11.79,0.59515
11.562,0.60439
11.723,0.59922
11.227,0.61665
11.599,0.60466
11.17,0.62496
11.361,0.61294
11.455,0.60985
11.251,0.61496
11.483,0.60812
11.381,0.60949
11.076,0.61999
11.41,0.61244
11.108,0.62343
11.333,0.61144
12.155,0.58956
11.073,0.62375
11.443,0.61297
11.573,0.60374
11.56,0.60774
11.702,0.60263
11.757,0.60072
11.763,0.5995
11.181,0.62015
11.299,0.61402
12.306,0.58371
10.993,0.6269
11.624,0.60602
12.405,0.57849
10.893,0.62901
10.828,0.63428
11.938,0.59358
11.973,0.59462
11.354,0.6144
12.09,0.58788
11.708,0.5975
11.814,0.59645
11.06,0.62185
13.31,0.54626
11.945,0.5901
13.089,0.5545
13.523,0.54126
12.435,0.58034
13.244,0.55111
12.071,0.59015
12.219,0.58137
12.329,0.57829
12.085,0.58503
12.104,0.58471
12.203,0.58111
12.14,0.59014
12.521,0.57688
12.022,0.59301
11.25,0.61693
11.452,0.61001
10.975,0.627
11.229,0.61627
11.341,0.61341
11.491,0.60777
11.954,0.59518
12.743,0.56633
11.998,0.5889
12.782,0.56833
11.137,0.61885
11.977,0.58853
12.558,0.57251
11.314,0.61237
11.789,0.59446
11.465,0.60711
10.907,0.62681
11.377,0.6087
10.862,0.62877
10.821,0.63128
11.886,0.59175
11.251,0.6148
11.15,0.61824
12.305,0.57894
11.962,0.5933
11.537,0.60512
11.762,0.59705
11.718,0.59929
12.618,0.56858
11.378,0.61274
10.593,0.63731
13.197,0.55197
11.032,0.62288
11.966,0.59565
11.623,0.60815
11.705,0.60344
11.119,0.62174
12.142,0.59427
10.941,0.62951
11.089,0.62383
11.065,0.62516
10.873,0.63085
11.522,0.61012
11.515,0.61288
11.25,0.61951
11.375,0.60852
11.768,0.59905
11.028,0.62406
11.146,0.62138
11.385,0.61382
11.149,0.62239
11.449,0.6135
11.629,0.60385
11.36,0.61472
11.734,0.60306
11.23,0.61862
11.379,0.61143
13.896,0.53469
12.402,0.57604
13.261,0.55034
12.709,0.56994
12.684,0.56865
12.399,0.57841
12.795,0.5684
12.167,0.58274
12.85,0.57106
12.37,0.57969
12.908,0.56052
11.695,0.5995
12.457,0.57345
12.466,0.5717
11.771,0.59189
11.792,0.59299
11.883,0.58809
12.224,0.58018
11.945,0.58723
12.099,0.58832
11.633,0.59967
11.46,0.60719
11.596,0.60024
12.047,0.58722
11.543,0.60761
12.091,0.58674
11.93,0.59192
11.451,0.60569
11.866,0.5957
11.918,0.59468
11.979,0.58939
11.829,0.5922
11.769,0.59666
12.597,0.57085
11.592,0.60502
11.927,0.59431
12.656,0.5755
13.252,0.55203
13.089,0.55804
11.942,0.5964
12.896,0.5627
12.407,0.58001
11.985,0.59172
13.205,0.54918
11.491,0.60595
11.636,0.60165
11.869,0.59415
11.969,0.58918
12.001,0.58718
12.481,0.57268
13.178,0.55516
12.846,0.56373
12.389,0.57349
12.184,0.58197
11.96,0.58752
11.878,0.58833
12.29,0.57628
12.683,0.56395
11.926,0.58832
12.957,0.55599
11.269,0.61512
11.697,0.60042
11.46,0.6124
11.316,0.61482
11.764,0.59855
11.837,0.59663
11.624,0.60369
11.461,0.611
11.872,0.59552
11.601,0.60505
13.101,0.55428
11.278,0.61369
11.617,0.60122
11.827,0.59352
10.73,0.63849
11.162,0.61912
11.869,0.59383
11.219,0.61706
11.465,0.60544
11.552,0.606
11.032,0.62411
11.666,0.59811
12.313,0.58048
11.424,0.61032
11.178,0.61617
12.28,0.58198
11.728,0.60347
11.423,0.61194
11.357,0.61583
11.075,0.62266
11.265,0.61588
11.504,0.60777
12.346,0.57889
11.851,0.59301
11.434,0.61292
11.639,0.60456
11.947,0.58938
12.04,0.58761
13.564,0.54059
12.269,0.57883
12.464,0.57533
11.182,0.61334
12.896,0.56155
11.601,0.60069
12.154,0.58158
11.578,0.60199
12.024,0.58722
11.366,0.61121
12.731,0.56455
11.991,0.588
11.583,0.60428
11.95,0.58643
12.186,0.58406
12.283,0.57678
11.364,0.60742
11.947,0.59256
12.042,0.58977
11.095,0.62014
12.451,0.57854
11.797,0.5994
12.3,0.57244
11.356,0.6084
11.753,0.59388
11.713,0.59819
12.802,0.5626
11.604,0.60228
10.872,0.62845
11.91,0.59219
12.074,0.58486
12.179,0.57857
11.278,0.61003
11.235,0.61436
11.658,0.60198
11.291,0.61573
12.595,0.57348
11.865,0.59441
11.818,0.59686
11.451,0.60696
11.596,0.60228
12.623,0.57087
12.128,0.58752
12.034,0.59153
12.371,0.57408
11.796,0.59824
11.608,0.60175
11.908,0.5912
11.172,0.61916
11.875,0.59222
11.495,0.60674
13.037,0.55698
11.703,0.60115
12.087,0.58606
11.351,0.61145
11.23,0.61265
12.042,0.58574
12.394,0.57959
12.956,0.55879
11.619,0.60754
11.816,0.59836
11.837,0.59474
12.079,0.58698
12.393,0.5775
11.749,0.59998
11.917,0.58895
10.959,0.62506
11.275,0.61557
12.162,0.58624
12.536,0.56856
11.506,0.60551
13.323,0.55059
11.454,0.609
13.747,0.53563
11.58,0.60111
12.9,0.56149
12.054,0.58272
13.014,0.55809
11.199,0.6134
11.707,0.59705
11.676,0.59939
11.092,0.61958
11.963,0.59072
11.346,0.61208
11.669,0.60124
12.104,0.58436
11.955,0.5923
11.455,0.61012
12.249,0.58494
12.49,0.57586
11.369,0.61239
11.686,0.60132
11.518,0.60281
11.348,0.61553
12.841,0.55724
12.251,0.58528
12.587,0.57295
11.271,0.61341
11.41,0.60548
11.899,0.59022
11.753,0.59727
11.749,0.59241
11.532,0.60186
11.784,0.59284
11.975,0.58966
11.518,0.60058
14.663,0.50248
13.148,0.54814
12.491,0.56843
12.598,0.56456
12.547,0.56374
11.44,0.59815
12.051,0.57685
11.889,0.58624
11.871,0.58853
11.602,0.59385
12.009,0.5783
12.495,0.56703
12.927,0.55851
12.664,0.56503
11.948,0.5898
13.585,0.54424
12.822,0.56197
11.752,0.58789
12.111,0.57992
12.102,0.57644
12.089,0.5751
12.216,0.57834
11.709,0.59176
12.486,0.5615
12.085,0.57712
12.736,0.55679
11.393,0.60101
11.201,0.61001
11.135,0.61007
11.646,0.59409
11.16,0.61097
10.949,0.61927
11.35,0.59983
12.108,0.57675
11.947,0.58191
12.248,0.5744
12.072,0.57449
12.753,0.55556
12.236,0.57065
11.858,0.58278
11.734,0.58363
11.953,0.57766
12.165,0.568
12.32,0.56703
11.242,0.59816
11.745,0.58319
11.724,0.58257
13.061,0.55004
13.663,0.54065
13.76,0.53965
13.381,0.54554
11.705,0.58326
12.826,0.55365
13.404,0.54675
13.428,0.54289
13.174,0.55118
11.998,0.57706
12.048,0.57643
12.145,0.573
11.896,0.57915
13.476,0.54318
13.953,0.53505
14.013,0.52865
13.171,0.54362
12.537,0.55304
12.191,0.56061
12.18,0.56501
14.077,0.5237
14.177,0.52229
13.51,0.53542
11.812,0.57462
12.301,0.56009
12.58,0.553
12.428,0.5598
14.19,0.52087
13.489,0.53548
13.064,0.53933
12.587,0.55474
12.403,0.55519
12.932,0.5473
14.151,0.51923
13.943,0.51414
12.658,0.54665
12.595,0.54625
12.361,0.55404
12.411,0.55601
13.356,0.53421
13.974,0.52314
13.567,0.52975
12.384,0.55283
12.595,0.5474
12.992,0.53658
12.467,0.54731
12.298,0.5506
14.456,0.50456
13.728,0.52093
13.555,0.52399
13.771,0.51749
12.413,0.54425
14.56,0.50045
14.564,0.49945
14.051,0.51185
14.215,0.50477
12.837,0.53682
13.121,0.53077
12.883,0.53193
12.783,0.53556
12.887,0.53105
13.11,0.52726
12.929,0.53463
14.787,0.49143
12.51,0.5418
12.853,0.52585
12.407,0.54392
12.257,0.54921
12.265,0.54085
12.623,0.53347
12.831,0.53126
12.488,0.53766
12.397,0.54073
12.839,0.52488
13.017,0.52513
12.664,0.52726
13.201,0.52013
12.162,0.54063
12.636,0.52328
12.547,0.53049
12.706,0.52573
12.39,0.53557
12.813,0.51983
12.243,0.53327
12.588,0.52802
11.886,0.54703
11.947,0.54369
12.125,0.53843
12.143,0.53842
12.116,0.53864
12.096,0.53936
12.216,0.53506
12.23,0.53464
12.261,0.53332
12.2,0.5329
12.413,0.5296
12.547,0.52395
12.622,0.52166
12.46,0.52279
12.747,0.51378
13.211,0.50948
12.68,0.5192
13.154,0.50915
13.043,0.50791
13.194,0.50806
13.03,0.51305
13.101,0.50827
12.688,0.5171
13.686,0.49056
13.507,0.50334
13.401,0.50338
13.644,0.49857
14.1,0.48604
13.973,0.49118
13.797,0.49226
14.314,0.4809
14.499,0.47726
14.757,0.46656
14.854,0.4701
14.896,0.46715
14.86,0.46556
14.899,0.46251
15.169,0.45891
14.902,0.4649
15.302,0.45769
15.614,0.45253
15.672,0.45134
15.142,0.45846
16.487,0.43467
15.507,0.44885
16.013,0.43794
15.089,0.45729
15.499,0.44876
15.568,0.44566
15.296,0.45201
15.043,0.45478
15.57,0.44433
15.178,0.44944
15.595,0.44244
15.499,0.44474
15.6,0.43789
15.315,0.44605
15.18,0.44302
16.441,0.42441
16.22,0.42673
16.167,0.42695
15.79,0.43164
15.905,0.4294
16.02,0.42666
16.836,0.41146
16.531,0.41633
16.705,0.41304
19.354,0.37758
17.681,0.39257
17.497,0.39375
19.896,0.36742
16.182,0.41709
17.759,0.39346
17.597,0.40116
15.304,0.43125
15.242,0.43047
18.478,0.38223
18.156,0.38993
18.124,0.39086
17.224,0.40028
17.057,0.39672
14.773,0.43459
16.319,0.42179
16.29,0.42006
15.988,0.42354
15.784,0.42431
16.128,0.41963
15.163,0.43771
15.692,0.42689
15.844,0.42437
17.161,0.40108
16.9,0.40332
16.425,0.41354
15.883,0.41874
16.448,0.40734
15.523,0.42478
15.167,0.42722
14.982,0.4302
15.567,0.41852
15.38,0.4234
14.196,0.44414
14.237,0.44325
15.314,0.41871
15.415,0.4174
15.056,0.43128
14.725,0.43478
14.349,0.43945
14.284,0.44188
12.146,0.47485
12.777,0.46037
15.224,0.4087
11.849,0.47784
15.113,0.42145
14.214,0.43545
15.327,0.40702
15.114,0.41157
15.879,0.3966
15.353,0.40685
15.346,0.41193
15.168,0.41174
14.876,0.42536
15.267,0.42036
14.834,0.42383
13.535,0.45071
13.571,0.44958
13.456,0.45161
13.834,0.44322
13.759,0.44325
13.301,0.45545
13.735,0.4475
13.983,0.44125
13.924,0.44097
13.335,0.44966
13.325,0.45021
14.167,0.43192
12.968,0.45609
13.029,0.44659
12.912,0.44728
12.877,0.44923
13.613,0.43894
13.479,0.43775
13.598,0.43803
13.891,0.43189
14.629,0.41592
14.988,0.39877
13.445,0.44062
14.383,0.41083
13.754,0.4258
14.446,0.41152
14.53,0.40886
13.684,0.42744
13.847,0.42376
13.472,0.43383
13.507,0.43459
13.029,0.44476
13.217,0.43739
12.627,0.44537
13.231,0.43744
13.004,0.43906
12.724,0.44912
12.808,0.44229
12.417,0.45523
12.945,0.42735
12.901,0.43136
12.663,0.4412
12.977,0.42938
13.369,0.42144
12.811,0.43755
11.181,0.47773
11.52,0.46275
12.198,0.44916
12.42,0.44739
13.164,0.42755
13.662,0.41857
12.12,0.45182
12.709,0.43796
12.099,0.45164
12.751,0.43609
11.652,0.46066
10.974,0.47989
11.741,0.4579
12.479,0.44356
11.726,0.44566
11.055,0.47891
12.918,0.43672
11.286,0.47155
10.906,0.4734
11.703,0.46769
11.246,0.47213
11.619,0.46828
11.539,0.4695
11.534,0.46862
11.526,0.45633
11.577,0.45376
11.565,0.4657
12.207,0.43756
11.259,0.47408
11.572,0.46518
11.305,0.47105
11.831,0.46015
11.675,0.46456
11.81,0.46194
11.69,0.46401
11.582,0.4657
11.176,0.47158
11.49,0.4649
11.306,0.46682
10.893,0.47531
11.005,0.47474
10.651,0.48071
10.905,0.47541
9.6685,0.49855
10.454,0.48483
9.6702,0.50015
9.5698,0.50264
10.491,0.47304
9.3892,0.50965
10.583,0.46861
11.018,0.45596
10.196,0.48529
9.568,0.49065
9.616,0.49661
11.456,0.45827
10.732,0.46735
10.155,0.48576
9.3484,0.50523
10.046,0.48305
9.472,0.50258
9.2065,0.51362
9.5595,0.50213
10.307,0.4852
10.489,0.48003
9.4438,0.5018
9.1436,0.50982
10.101,0.48853
11.344,0.45913
9.4091,0.50735
9.6319,0.50374
10.238,0.49018
9.2267,0.51161
9.807,0.48463
12.434,0.41109
10.828,0.46961
10.835,0.47359
9.674,0.49641
9.1512,0.50718
9.6008,0.50048
10.844,0.45297
9.128,0.5082
11.816,0.43396
9.0986,0.51013
9.8199,0.48671
9.968,0.48346
10.455,0.47688
10.273,0.48655
10.248,0.4887
9.999,0.49573
9.7337,0.49971
10.278,0.47447
9.5057,0.50171
9.7448,0.49566
9.566,0.50067
10.404,0.48042
11.007,0.46671
9.3651,0.50628
10.478,0.47897
10.384,0.47457
9.6507,0.48688
9.983,0.4872
10.168,0.47022
10.208,0.46859
9.596,0.49802
9.3137,0.49818
10.011,0.47234
9.8905,0.47684
10.804,0.45429
10.378,0.47323
10.557,0.47053
10.352,0.48136
10.831,0.45921
10.119,0.47961
9.7783,0.49169
10.936,0.45484
10.301,0.47272
10.454,0.45629
10.337,0.46385
10.686,0.45338
10.656,0.46455
10.283,0.48087
10.058,0.47853
10.553,0.47487
10.167,0.47589
10.046,0.48112
10.223,0.47313
10.923,0.45942
9.7432,0.49732
9.6083,0.49937
9.9649,0.47399
10.482,0.47772
9.5081,0.50064
9.8609,0.49563
10.094,0.48744
9.833,0.49659
8.7304,0.51691
9.8606,0.49438
10.606,0.45242
9.2668,0.49494
9.9498,0.4815
10.274,0.4605
12.032,0.42896
11.536,0.43871
11.274,0.44433
8.8336,0.51291
10.852,0.46723
10.631,0.47712
11.032,0.4618
10.506,0.47757
10.98,0.44376
9.3526,0.50356
9.4585,0.50048
8.7139,0.51493
10.386,0.47619
9.7831,0.49185
9.795,0.49211
9.5151,0.50232
9.6195,0.4992
9.3791,0.5066
9.3721,0.50394
9.4304,0.50506
10.562,0.4495
9.2483,0.50797
9.6519,0.49445
10.096,0.48163
9.2677,0.50483
9.2093,0.50785
9.2398,0.49697
10.252,0.47095
10.076,0.47672
9.2652,0.49154
9.7489,0.49603
10.153,0.48006
10.61,0.46321
10.284,0.47225
10.261,0.4759
10.219,0.47331
10.585,0.46273
9.464,0.48726
8.4765,0.52255
9.9483,0.49031
9.4012,0.50703
8.2653,0.53149
9.4795,0.49884
9.4834,0.48741
9.7482,0.47587
9.8473,0.47146
10.516,0.45265
10.791,0.44525
9.8672,0.47143
10.034,0.46726
12.053,0.40683
11.045,0.4527
10.73,0.46281
10.742,0.45534
10.231,0.47092
9.2675,0.50473
9.9464,0.49184
10.013,0.4905
9.2827,0.50279
10.122,0.48909
10.279,0.48651
10.111,0.49197
9.0488,0.51616
9.4559,0.50811
9.5985,0.50196
9.5872,0.50162
9.7693,0.49465
8.2986,0.53058
8.1216,0.52995
9.9424,0.4742
10.26,0.47562
9.9552,0.4817
9.2275,0.50257
8.6629,0.52092
10.249,0.48535
9.0038,0.5151
9.0511,0.51514
8.9424,0.5178
8.9098,0.51881
9.0778,0.51233
9.1479,0.51555
9.9052,0.49421
8.9595,0.51756
9.1979,0.51216
9.9578,0.48953
8.5504,0.52263
8.8305,0.51924
9.7211,0.49964
9.4929,0.50463
9.8628,0.49557
10.072,0.4881
10.196,0.48448
9.5518,0.50454
10.342,0.48195
9.7849,0.49422
8.7238,0.52398
9.82,0.49662
10.095,0.48822
10.247,0.48239
9.8673,0.49433
10.037,0.49299
9.6252,0.50233
9.7211,0.49865
9.7348,0.49874
9.7469,0.48851
9.6399,0.49739
9.5832,0.49971
9.331,0.50468
9.1378,0.51938
9.5764,0.50626
9.4872,0.5059
9.9125,0.49152
9.8156,0.49425
9.8373,0.49608
9.7091,0.50223
9.8867,0.49669
10.17,0.48091
9.8299,0.49576
9.8103,0.49673
9.6542,0.50652
9.8295,0.50337
9.7491,0.50459
10.018,0.4944
8.6789,0.5208
8.9977,0.51762
8.5022,0.52918
10.023,0.4923
9.7569,0.49961
9.1916,0.51572
9.6082,0.5015
9.7321,0.50034
9.6419,0.50172
9.9529,0.4952
9.5683,0.50243
9.6833,0.50035
9.9607,0.49347
8.2017,0.54006
8.9973,0.51966
8.4379,0.53446
7.9612,0.54582
9.182,0.51985
8.2001,0.52655
9.6439,0.49054
7.9889,0.53439
8.059,0.5409
9.4474,0.4987
9.3656,0.49886
8.0816,0.54163
8.2282,0.5363
8.5298,0.526
8.2426,0.53177
7.7168,0.54858
7.9682,0.54228
8.9348,0.51735
8.1614,0.53528
8.753,0.5236
8.6158,0.52191
8.5657,0.52263
9.1855,0.50826
8.567,0.52903
9.1877,0.51744
9.23,0.50996
9.3213,0.50231
9.6459,0.48502
9.0594,0.51111
9.4996,0.49022
10.204,0.46438
10.33,0.45679
10.186,0.46839
9.2908,0.50923
9.1615,0.5173
9.4905,0.50772
9.7431,0.50049
9.3447,0.51115
9.5981,0.50398
9.4864,0.50763
9.3655,0.50625
9.6902,0.50051
9.1409,0.51626
9.6407,0.50207
9.7349,0.50022
9.7422,0.5005
9.5581,0.50642
9.702,0.50445
8.6155,0.52946
10.107,0.49107
9.7332,0.50119
9.9543,0.49519
10.036,0.49413
9.8199,0.49949
9.8434,0.49793
9.9832,0.48841
9.7981,0.50145
9.8462,0.50055
9.8412,0.4984
8.7757,0.51649
9.646,0.49291
8.4318,0.52309
9.1276,0.51001
9.7008,0.49704
8.0308,0.53847
9.2787,0.502
10.116,0.47054
9.7717,0.47478
9.2515,0.49933
9.8606,0.48906
9.6139,0.50284
8.0814,0.53824
9.1858,0.51177
8.2247,0.52839
8.0956,0.53257
8.3127,0.52239
9.9696,0.48253
9.7379,0.48668
9.8094,0.47776
9.9522,0.47439
10.031,0.47335
8.3287,0.52559
8.4441,0.52746
9.4129,0.50604
9.8809,0.49701
9.6079,0.49614
9.905,0.49335
9.9789,0.49223
9.9139,0.49628
9.7766,0.49917
10.668,0.46546
10.34,0.47687
9.7947,0.49668
9.7886,0.49719
9.8563,0.49763
9.3971,0.5106
9.451,0.50534
9.3362,0.51048
9.9888,0.47777
10.081,0.47408
10.845,0.43872
9.8189,0.48459
9.2266,0.51275
9.9187,0.4795
8.7218,0.50881
9.7894,0.48863
9.7416,0.49096
8.1266,0.53251
8.6707,0.51884
8.4902,0.5221
10.19,0.48575
8.4624,0.5266
9.5946,0.50179
9.6451,0.50386
9.9429,0.4942
9.6526,0.49868
9.0925,0.5175
9.4792,0.50633
8.3887,0.52645
8.5687,0.53042
8.7732,0.52551
8.5039,0.53085
8.9533,0.52086
9.4947,0.49258
8.9327,0.51987
9.2244,0.51292
8.7792,0.52786
9.2435,0.51726
9.2208,0.51484
8.5231,0.52952
9.277,0.51133
9.4626,0.50805
9.1743,0.51707
9.1813,0.51719
9.744,0.49806
9.6462,0.50389
9.5394,0.50118
9.4419,0.50977
9.3533,0.51252
9.6798,0.49498
9.7694,0.48433
9.5976,0.49367
10.383,0.46183
9.2433,0.50429
9.3382,0.49789
9.3678,0.49654
9.544,0.49739
9.3746,0.49808
8.9319,0.52513
9.3435,0.50476
9.5046,0.50261
9.9225,0.47734
10.04,0.45705
9.9979,0.46611
8.6116,0.51134
8.8222,0.50579
8.5132,0.51526
8.0413,0.53377
8.3852,0.51954
9.4969,0.48609
9.4579,0.48304
8.9023,0.51046
8.7399,0.51433
8.5194,0.51708
8.4134,0.51698
8.4147,0.52205
9.1417,0.49943
10.529,0.46351
9.986,0.48182
9.6969,0.4775
8.921,0.49869
10.317,0.46662
10.358,0.46664
9.743,0.48165
10.093,0.4798
9.878,0.49206
9.6253,0.50434
9.5269,0.5069
9.2497,0.51219
10.208,0.47917
9.1897,0.51085
9.8948,0.47546
9.2176,0.48752
10.47,0.46103
8.9616,0.49966
9.8047,0.48642
9.8066,0.48605
10.17,0.46842
9.7576,0.48389
9.7351,0.48403
9.5999,0.47987
9.5528,0.49118
10.013,0.47334
9.2833,0.51057
9.558,0.50134
10.349,0.46278
9.1014,0.51615
9.2376,0.5086
9.3312,0.50826
9.8501,0.48316
9.6464,0.48112
9.3741,0.49198
9.3563,0.50387
9.6013,0.50195
9.6297,0.49766
8.5643,0.51956
9.2595,0.50688
9.5749,0.49277
8.6746,0.51521
8.4653,0.51933
8.7174,0.50992
9.8918,0.47604
9.3902,0.50358
9.7541,0.48382
9.5713,0.48479
9.8051,0.48248
10.208,0.47313
10.289,0.47414
9.6244,0.50024
10.164,0.47836
9.6526,0.5036
9.8037,0.4977
9.7217,0.49913
9.6615,0.4989
10.207,0.47014
10.207,0.47555
9.7073,0.49044
8.6047,0.51697
9.9373,0.47991
9.7322,0.49683
9.2658,0.51339
8.9618,0.52048
9.3772,0.50903
9.4275,0.50592
9.4794,0.50388
9.4303,0.50561
9.4163,0.50742
9.3667,0.51134
9.1636,0.51665
8.2591,0.53553
7.3995,0.55768
8.1732,0.53554
8.3967,0.52729
8.435,0.52593
8.5001,0.52378
8.3595,0.52785
9.6169,0.49498
8.5291,0.51894
9.6407,0.49769
9.7768,0.49001
8.5591,0.51224
9.9856,0.4766
9.8216,0.47296
9.4588,0.47591
10.259,0.46149
9.3918,0.49121
10.072,0.4759
9.7194,0.48146
9.6631,0.49564
9.0196,0.51808
7.886,0.5415
8.7986,0.52671
8.2954,0.52616
9.7669,0.48848
9.7519,0.49268
9.7324,0.48853
9.8428,0.49191
9.8507,0.49316
9.7991,0.49118
9.7588,0.49292
9.2105,0.50794
9.1362,0.508
8.9256,0.49268
10.123,0.46848
9.9984,0.46521
8.9029,0.51533
9.0825,0.49213
9.0203,0.49309
7.9802,0.53281
9.8109,0.48688
8.6405,0.50548
9.0238,0.50172
10.401,0.46026
10.529,0.4435
9.1789,0.49019
8.7846,0.51581
10.402,0.46085
8.0038,0.53276
9.882,0.48877
9.8017,0.48674
9.187,0.50904
8.368,0.53268
9.7437,0.48153
9.4403,0.48837
8.9743,0.50202
8.2906,0.52172
9.3843,0.48576
8.7621,0.50771
9.4307,0.48546
10.485,0.46257
7.5511,0.54812
7.4214,0.55467
9.7116,0.48276
8.7013,0.52425
8.6268,0.5247
9.1277,0.51533
9.126,0.50606
9.9245,0.48296
9.6213,0.49975
9.7079,0.4865
10.457,0.45977
9.2146,0.49566
9.7002,0.49234
9.2463,0.50587
9.6248,0.48827
9.6172,0.46857
9.9227,0.47139
9.8807,0.47559
9.2029,0.50453
8.9229,0.50668
8.8984,0.50874
8.8316,0.50727
9.0597,0.49449
9.613,0.48676
9.5542,0.48365
9.8223,0.48111
9.2837,0.49478
9.0044,0.50101
9.8039,0.47003
10.064,0.45891
9.3644,0.48614
9.4142,0.48671
9.925,0.47413
9.3167,0.48331
10.153,0.46865
9.5255,0.49022
9.4479,0.49438
9.8556,0.47917
9.5721,0.49363
7.9834,0.53056
9.5964,0.4814
9.0058,0.50478
8.6634,0.5038
9.9081,0.47614
7.878,0.5331
9.0555,0.51417
7.4642,0.55467
9.6852,0.49034
9.5958,0.49291
9.9265,0.47198
10.046,0.47233
9.3945,0.50741
9.9202,0.48457
9.6478,0.48935
9.2448,0.51303
9.1997,0.50894
9.2636,0.50472
9.4892,0.4919
9.2482,0.5106
9.7004,0.48253
8.1592,0.53385
7.4335,0.55618
9.7137,0.49992
9.8953,0.49523
8.7853,0.50306
9.676,0.48538
9.6424,0.48504
9.8354,0.47909
9.4521,0.48167
9.921,0.46827
9.927,0.48713
9.1079,0.49944
9.3658,0.48681
9.7335,0.4799
10.427,0.44644
8.7021,0.51065
7.9069,0.52716
8.0231,0.52693
9.4076,0.49147
9.2771,0.48924
8.7468,0.50949
9.516,0.48351
10.031,0.46098
9.5897,0.49052
10.438,0.46023
9.9814,0.48061
9.8985,0.48557
8.4929,0.52444
9.1894,0.50748
9.5254,0.49731
9.5984,0.49297
9.0085,0.51974
9.0389,0.51647
9.8728,0.48183
9.9802,0.4822
8.764,0.51099
9.8473,0.4888
10.025,0.46299
9.3959,0.48717
9.7348,0.46624
8.3061,0.51393
8.968,0.50281
9.3364,0.48848
9.3102,0.48131
9.6319,0.47493
9.1912,0.48618
8.5805,0.50791
7.3766,0.55534
7.5916,0.54843
7.5763,0.54636
7.4775,0.55118
6.8992,0.57337
7.3821,0.55703
9.8401,0.48005
10.017,0.4712
8.5312,0.51024
9.167,0.49002
8.0774,0.52713
9.1512,0.50679
9.0564,0.50606
9.2346,0.4908
9.0111,0.49484
9.9599,0.47546
9.7372,0.48049
9.2104,0.49027
9.0253,0.494
9.1921,0.4969
9.0979,0.49674
9.778,0.48252
9.5475,0.49165
9.5623,0.48413
9.5243,0.48376
8.4876,0.5089
7.4633,0.54845
7.9231,0.54041
9.8775,0.48
9.2529,0.48288
8.1838,0.52342
9.282,0.49941
8.2233,0.52407
8.9563,0.51179
7.3571,0.55766
9.0701,0.51717
8.1419,0.5406
7.1128,0.56279
8.0539,0.53911
8.8729,0.52055
9.0229,0.51333
9.5449,0.49473
7.1781,0.5633
7.8085,0.53599
8.1826,0.52203
7.8828,0.5337
8.6732,0.50552
10.249,0.45209
8.8781,0.50292
9.3753,0.50099
9.1702,0.50631
9.6398,0.48268
9.7756,0.47762
9.3628,0.49617
9.2578,0.49373
9.2507,0.50027
9.4938,0.48793
9.0438,0.51474
8.567,0.52388
9.1545,0.50154
8.8255,0.49392
9.5015,0.48441
9.0103,0.49385
8.8946,0.49959
8.8287,0.50497
8.5046,0.51236
8.4342,0.51218
9.4057,0.49913
9.3821,0.50113
9.9198,0.4806
7.9295,0.53414
9.8699,0.46194
9.1195,0.49463
9.1723,0.49604
9.1892,0.48676
8.397,0.50917
9.4789,0.48543
9.7466,0.47925
8.949,0.50731
8.4192,0.51149
8.8712,0.50929
8.8469,0.50338
9.902,0.47623
9.8464,0.47993
9.9457,0.46843
9.1971,0.49712
8.7861,0.50015
8.8273,0.49377
7.9312,0.5341
7.8328,0.54271
8.9618,0.5042
9.2042,0.48687
9.129,0.48547
9.5027,0.47977
8.9652,0.49987
10.04,0.4684
8.5846,0.51229
8.6165,0.53058
8.1782,0.5249
9.4049,0.48675
9.8284,0.47823
9.0632,0.49132
9.1117,0.48711
9.8889,0.47243
7.7464,0.53549
7.4903,0.55567
7.9753,0.52267
7.9993,0.52646
9.0215,0.48945
9.2023,0.5073
9.3737,0.49183
9.7044,0.48338
8.411,0.51542
8.5682,0.50997
8.8099,0.50064
8.2197,0.52127
9.327,0.49174
9.1705,0.49608
9.3075,0.49397
8.8619,0.50956
7.837,0.5282
8.26,0.51768
8.555,0.50714
8.3415,0.5148
8.5508,0.51047
8.7919,0.50367
8.3911,0.52031
8.8611,0.49517
9.5592,0.4759
9.3458,0.48463
10.054,0.46264
8.817,0.50072
8.9228,0.49903
10.031,0.47671
9.6413,0.48054
9.6638,0.47503
9.4453,0.47487
10.048,0.46568
8.6229,0.50156
9.0361,0.48538
9.8795,0.45526
9.8526,0.46828
9.8881,0.47243
8.8565,0.49418
8.4901,0.50878
8.8966,0.48803
8.9403,0.49587
8.01,0.52034
7.9924,0.52835
9.335,0.48719
9.3214,0.49014
8.9968,0.50102
8.6091,0.51264
8.3288,0.53296
9.1414,0.50079
8.5173,0.52725
6.9481,0.57675
8.4623,0.53469
7.4424,0.54918
7.9267,0.53065
9.542,0.48133
9.1118,0.50247
9.2597,0.49184
10.135,0.46538
9.5187,0.48808
8.2123,0.51712
9.1203,0.50879
9.4343,0.49867
7.5762,0.54742
7.9963,0.52757
9.4989,0.4944
9.7237,0.48842
7.0928,0.55936
8.3696,0.52903
7.1873,0.56052
7.0113,0.56715
7.4976,0.55016
8.4936,0.50947
9.8193,0.47733
9.4643,0.49102
8.5943,0.50394
8.0194,0.52548
7.744,0.54079
8.8879,0.50254
9.1848,0.49002
9.3153,0.48636
9.0522,0.48655
9.3883,0.47515
9.297,0.49079
9.3803,0.48768
8.811,0.49941
8.7211,0.52004
8.9993,0.51655
6.6969,0.57713
6.9058,0.56846
7.4418,0.54849
9.3673,0.49998
6.8855,0.56648
6.9524,0.56465
6.938,0.56279
6.794,0.56988
8.8936,0.51337
6.9175,0.56825
7.2066,0.5618
9.1238,0.50709
7.4007,0.55407
8.7741,0.49484
8.0592,0.52439
7.3694,0.55036
7.4944,0.54262
7.1313,0.55994
7.3563,0.55554
7.203,0.56207
7.3119,0.55532
7.2759,0.55557
7.497,0.55123
7.8966,0.52422
9.0638,0.49299
8.9757,0.4933
8.6657,0.49746
9.0855,0.47988
8.2344,0.51331
9.5171,0.48107
7.6416,0.53257
9.4271,0.47769
7.0731,0.5575
6.7663,0.5695
7.1334,0.55768
8.2184,0.51375
8.8983,0.5017
9.2763,0.48863
8.7719,0.4934
6.8847,0.56609
7.4901,0.53132
8.992,0.49667
8.3161,0.50814
8.1366,0.51574
8.2558,0.5118
8.1303,0.50945
8.0773,0.50258
6.5094,0.57061
8.4708,0.50395
7.28,0.54174
5.9873,0.60057
7.2572,0.54081
7.5577,0.52699
8.4624,0.49091
8.3522,0.49854
8.6132,0.48727
8.9536,0.48224
8.9607,0.47473
10.193,0.44044
8.6114,0.4994
8.9352,0.49356
9.0119,0.50131
8.8207,0.50474
8.9202,0.50058
7.4262,0.53405
8.4265,0.49488
8.0038,0.5102
8.1197,0.50637
8.4019,0.49889
8.4689,0.49626
7.9013,0.51344
7.6106,0.5366
7.9701,0.51299
9.4636,0.47098
9.7857,0.46597
7.6544,0.52867
7.7189,0.53226
7.7564,0.52666
7.4907,0.52927
7.1235,0.54027
7.6339,0.53966
6.8929,0.56204
7.8225,0.52651
7.8111,0.53317
7.4519,0.53624
7.4123,0.54236
6.7349,0.56087
8.1041,0.50948
8.5438,0.49918
7.3185,0.54337
6.9171,0.5517
7.0284,0.54718
7.133,0.53596
8.3226,0.50482
7.2092,0.53875
8.322,0.50779
6.2383,0.57602
6.6084,0.55807
6.1612,0.58374
6.8153,0.55333
8.2668,0.50627
7.1751,0.54012
7.9695,0.50096
7.0468,0.53856
7.9767,0.51877
8.1141,0.51979
6.2067,0.57412
6.5191,0.56993
6.0085,0.58514
7.375,0.54204
6.5325,0.5688
7.9587,0.50783
6.1534,0.5688
6.8715,0.53165
8.112,0.51018
6.5746,0.55244
6.1801,0.57312
6.342,0.56705
5.7363,0.58765
7.9045,0.52645
6.088,0.5711
7.8385,0.5105
8.3858,0.4902
6.5492,0.56337
6.5528,0.54902
8.2799,0.49557
7.7741,0.50443
8.1674,0.49705
8.4196,0.49325
6.3507,0.55818
6.7963,0.55621
7.9784,0.51768
7.5294,0.53012
7.5456,0.52736
5.9764,0.58169
8.755,0.49449
7.8477,0.51901
6.1781,0.5731
7.3568,0.53808
7.3036,0.53618
6.2406,0.56917
5.8167,0.58277
7.4217,0.52019
6.6856,0.55605
7.366,0.50646
6.7349,0.55781
7.267,0.52696
7.7828,0.50768
6.6175,0.55653
6.9416,0.54323
7.081,0.54253
6.3201,0.57866
7.056,0.54015
7.5844,0.51277
6.3831,0.57542
5.3757,0.6076
6.7026,0.54134
6.7282,0.54552
5.1454,0.61192
5.9737,0.56914
7.7036,0.52427
5.2881,0.60528
7.0397,0.53589
7.4046,0.51959
7.3196,0.52168
7.2052,0.52358
7.3681,0.5156
5.6869,0.58258
5.5528,0.58961
6.6996,0.53578
5.2856,0.60666
5.4704,0.59628
7.1127,0.53494
5.5606,0.59345
5.5465,0.59049
5.4853,0.5853
7.2129,0.5315
6.8489,0.52779
7.4945,0.50452
6.5226,0.55144
5.8339,0.56928
6.9426,0.53359
5.5338,0.59094
6.1898,0.56268
5.5884,0.58802
5.3175,0.60161
6.2708,0.56473
5.0067,0.61123
5.6359,0.5835
7.9806,0.50864
6.7828,0.53337
6.6539,0.52351
5.852,0.5692
5.6174,0.58508
6.1445,0.55391
5.8391,0.57147
5.476,0.57763
5.0851,0.60925
5.219,0.60655
7.2476,0.52577
5.3423,0.58628
4.9055,0.61332
6.8382,0.51027
7.0096,0.50216
6.9427,0.50688
6.1916,0.54387
5.4258,0.57895
6.5474,0.54515
6.8445,0.53834
4.977,0.60405
4.6259,0.62488
4.4698,0.63176
4.5055,0.63147
4.3498,0.6395
4.716,0.62607
6.3328,0.55572
5.2752,0.60032
5.9152,0.5693
5.9627,0.5481
5.499,0.57673
5.6377,0.56822
5.9558,0.56095
5.1147,0.59372
5.067,0.59089
5.0924,0.59014
5.3455,0.59675
5.7309,0.57008
6.3196,0.5587
4.7257,0.62276
5.6532,0.58196
4.7592,0.6116
4.468,0.62634
4.4933,0.62751
5.4039,0.5684
4.3885,0.62994
4.4903,0.62662
6.0616,0.55411
5.8404,0.57555
5.8292,0.57643
5.2834,0.57236
4.3462,0.6372
5.37,0.58436
5.0998,0.59978
4.6211,0.60865
4.5795,0.61042
4.1862,0.64348
5.6241,0.5715
4.2916,0.63426
4.151,0.6482
4.2341,0.63507
4.7111,0.61187
4.472,0.62727
7.0264,0.53405
6.0046,0.56446
4.0432,0.64761
7.1402,0.52899
4.0574,0.65185
4.2623,0.63973
4.0884,0.64944
3.8925,0.66095
3.8138,0.66356
4.2569,0.63397
3.711,0.66614
5.6164,0.57254
4.9004,0.60788
5.147,0.59499
5.4548,0.56816
4.6159,0.61802
4.2174,0.64116
4.1972,0.64053
6.6283,0.5413
3.841,0.65436
3.9793,0.64921
4.6247,0.60406
5.1194,0.58931
4.4752,0.61893
4.3887,0.62605
5.4042,0.57094
4.3312,0.62417
4.2862,0.63492
4.4673,0.62102
4.3688,0.6266
4.3673,0.62776
4.6074,0.6005
4.6232,0.6005
3.9634,0.64101
4.9329,0.5939
3.795,0.65434
3.7969,0.65191
4.4148,0.60606
4.4656,0.61614
6.2295,0.54588
4.3626,0.62342
4.2903,0.62753
3.9297,0.64763
4.0616,0.63613
3.8576,0.64888
3.5927,0.66797
3.8934,0.65075
5.6065,0.5708
4.7934,0.58652
4.6162,0.60028
5.3365,0.56756
3.9931,0.64425
6.2598,0.53154
3.8673,0.64541
4.8009,0.59949
6.2308,0.53842
7.5606,0.48213
5.2553,0.58436
5.7122,0.56353
3.7476,0.65749
3.6474,0.66456
5.2021,0.59184
6.6899,0.5307
3.6406,0.667
5.1216,0.58292
3.7478,0.65411
3.7925,0.65277
3.751,0.65221
5.7073,0.53902
3.7656,0.64728
5.645,0.54791
4.7003,0.60229
3.7593,0.65488
3.8222,0.65132
3.7711,0.65779
4.0501,0.62907
5.2398,0.56014
4.3386,0.61259
5.0987,0.57778
4.0682,0.62435
3.8424,0.64232
4.0774,0.63012
4.0494,0.62803
6.6642,0.50857
3.6653,0.65897
4.049,0.63282
4.8049,0.57178
4.4131,0.59534
5.8583,0.53092
3.5011,0.66052
3.3537,0.67268
5.0055,0.56158
4.6763,0.60692
3.537,0.66288
4.6023,0.60477
3.6012,0.65602
3.419,0.66768
3.4051,0.67365
3.5389,0.66029
3.5618,0.66171
3.643,0.6537
3.7876,0.6453
3.4863,0.66348
3.4612,0.66292
4.6316,0.58996
3.6007,0.65166
3.6783,0.64239
4.6219,0.5853
5.2955,0.56744
3.7244,0.6392
3.3626,0.67294
3.9063,0.63324
4.9176,0.58285
3.5087,0.65245
3.3347,0.67095
3.4621,0.66796
3.69,0.64865
3.4433,0.66644
5.0927,0.58609
3.3655,0.66766
3.8548,0.63577
3.7219,0.64866
3.7648,0.64237
4.9687,0.56862
4.3285,0.60331
3.4184,0.66204
3.5497,0.6454
3.5346,0.65634
3.287,0.67117
4.3046,0.6177
3.4297,0.66141
3.6127,0.64815
4.7606,0.56608
3.861,0.63321
4.8605,0.58869
4.5536,0.59506
3.4575,0.66539
3.3081,0.67277
3.4877,0.65786
3.7901,0.63703
3.6996,0.63742
3.46,0.66541
3.7489,0.64808
5.3982,0.5592
3.53,0.65169
3.9699,0.63146
3.968,0.61381
3.227,0.67078
3.3055,0.66602
4.6404,0.60489
3.1466,0.68961
3.3304,0.66926
4.5491,0.58429
3.2794,0.67829
3.3613,0.66322
3.3885,0.67021
4.2667,0.60121
3.7461,0.63538
3.2317,0.67588
3.1605,0.68507
4.3444,0.59344
3.6934,0.64167
5.2615,0.54356
4.6323,0.58437
5.327,0.56881
5.2317,0.57412
5.6467,0.5322
4.7283,0.58008
3.4503,0.66065
4.0881,0.62572
5.2126,0.5769
4.1188,0.62412
3.2447,0.67965
4.1424,0.61484
4.2426,0.61855
5.5528,0.55813
5.7682,0.52049
5.3396,0.55182
3.921,0.62371
3.9497,0.63076
3.214,0.68229
3.3792,0.66134
3.2799,0.67411
4.2992,0.61872
3.8391,0.64306
3.0989,0.69187
3.4498,0.66002
3.7722,0.64125
4.4873,0.59536
3.2836,0.67334
4.209,0.61112
3.6166,0.64327
3.1648,0.67922
3.2913,0.67189
3.4755,0.65534
3.4828,0.65699
4.3794,0.5861
3.184,0.67655
3.5279,0.65356
3.2899,0.67123
3.5587,0.65464
3.17,0.68054
3.2236,0.67466
3.5131,0.65422
4.0032,0.61798
4.3442,0.59314
3.9267,0.62877
5.4408,0.56454
5.0037,0.58904
5.296,0.56388
4.1216,0.60768
6.0034,0.53218
4.6208,0.57592
4.4638,0.5894
5.2332,0.55292
4.4829,0.59002
4.3786,0.58898
3.7505,0.63086
3.4767,0.65254
4.6809,0.57487
3.2935,0.67331
3.4114,0.66401
4.5743,0.60406
4.7327,0.58973
4.5897,0.60364
4.9573,0.56744
5.1544,0.55338
3.7581,0.6405
5.8474,0.55254
3.6172,0.6502
4.023,0.61488
3.4065,0.66304
5.6147,0.54876
4.6357,0.58423
4.3035,0.60634
4.6102,0.59316
4.55,0.59219
3.2782,0.67062
3.1802,0.67236
3.4685,0.65637
3.1168,0.68555
3.8011,0.6286
3.3754,0.66694
3.7429,0.62383
3.9832,0.61645
3.271,0.66725
3.4158,0.65453
3.1295,0.67142
3.4965,0.64379
2.8407,0.70569
2.6788,0.7244
5.8904,0.5313
3.1822,0.67636
3.4011,0.65984
3.4795,0.66457
3.1043,0.6812
3.6715,0.64125
3.8144,0.62967
3.3391,0.66712
3.7482,0.63686
3.0344,0.69139
3.0937,0.68576
3.0921,0.685
4.9124,0.55604
4.5597,0.5728
3.2859,0.6731
4.2566,0.59157
3.0792,0.69013
4.0151,0.63787
3.8863,0.62756
3.0005,0.69534
3.4236,0.66328
3.4642,0.65415
3.3262,0.67245
3.2389,0.68358
4.8058,0.58131
3.3885,0.65541
3.9437,0.63145
3.8107,0.6319
3.8621,0.62412
3.6012,0.64074
3.341,0.66086
4.6164,0.56754
5.2539,0.54426
3.2606,0.67015
3.7861,0.63738
4.0557,0.61797
3.3067,0.6685
4.1222,0.62337
3.1643,0.68159
3.512,0.65782
3.1645,0.68587
5.5884,0.52138
4.7481,0.57215
3.1395,0.68153
3.1112,0.6846
3.943,0.63425
4.322,0.5978
4.2534,0.62462
5.2469,0.55623
4.5572,0.58179
3.3694,0.66502
2.9443,0.7037
3.2483,0.67453
3.852,0.61849
3.6976,0.62996
3.5713,0.64523
3.2073,0.68094
2.9538,0.70491
4.0963,0.62062
3.7027,0.64491
4.2428,0.61581
3.5819,0.64986
3.5896,0.64474
3.5165,0.63894
3.0798,0.68721
3.4988,0.65785
3.0871,0.67962
3.0632,0.6831
2.8175,0.70073
4.3009,0.60222
3.5858,0.64279
3.9741,0.63726
3.451,0.65526
3.809,0.64674
3.9656,0.62034
3.1645,0.678
5.8332,0.52756
2.9833,0.69731
3.1213,0.6769
3.0641,0.6877
3.9576,0.6283
3.6056,0.64709
5.0218,0.5852
4.7202,0.56572
5.546,0.51295
3.4373,0.65525
4.2295,0.60624
4.4046,0.60125
3.1756,0.68408
4.87,0.58456
4.5212,0.60033
4.4944,0.60222
4.5837,0.59535
5.6936,0.55518
4.713,0.59597
4.6124,0.60154
3.3172,0.66244
3.1546,0.67872
3.0868,0.68767
3.0455,0.69518
2.7914,0.71227
2.9751,0.68951
3.9135,0.63747
3.8208,0.63829
3.0177,0.69451
3.2106,0.67953
3.0726,0.68402
4.9971,0.57962
4.3785,0.59917
3.125,0.68193
3.0621,0.68798
3.043,0.68921
2.8372,0.70363
2.8138,0.70962
3.4791,0.65175
5.8057,0.55196
4.0765,0.60806
4.8071,0.5939
4.3113,0.62099
5.3261,0.57178
3.4754,0.65691
3.5251,0.66008
3.7468,0.63376
3.1778,0.67775
4.9456,0.58359
3.5753,0.65152
3.4321,0.65843
3.3893,0.65874
4.1588,0.60286
4.3642,0.60011
3.2716,0.66801
2.9308,0.69697
3.731,0.63412
3.2709,0.6691
3.2211,0.67134
4.0134,0.61239
4.1061,0.60418
3.563,0.64993
3.3531,0.661
3.287,0.66562
3.3897,0.67122
4.3195,0.61359
3.3019,0.67263
3.3054,0.67451
4.0657,0.62078
3.7538,0.64125
3.2246,0.68589
3.7211,0.64603
4.4608,0.57847
4.127,0.62166
3.0366,0.6884
3.171,0.67412
3.3584,0.66759
3.4582,0.66784
2.9286,0.70184
3.3826,0.6632
3.1923,0.67808
3.3541,0.66393
3.6567,0.63538
3.4776,0.64899
3.3984,0.66268
4.5626,0.59466
5.0231,0.55032
3.8688,0.62666
3.971,0.6181
4.4674,0.59182
3.0388,0.68674
4.9529,0.58235
4.5257,0.59798
6.3495,0.52936
6.4652,0.50332
5.8857,0.52353
3.2783,0.67158
4.3818,0.59362
4.185,0.59932
3.0057,0.69191
3.1843,0.67509
3.5198,0.64548
2.9759,0.69323
3.295,0.67695
3.4018,0.66174
3.6733,0.63469
3.5998,0.64527
3.5746,0.65437
3.106,0.69081
3.5706,0.64509
3.0024,0.69176
3.4451,0.6573
4.1356,0.61775
3.5909,0.65369
3.4177,0.64973
3.8898,0.63077
4.0564,0.62727
6.0829,0.52321
4.1161,0.60537
3.0801,0.68362
2.8957,0.7007
2.9046,0.70315
4.2649,0.5943
3.8622,0.62818
3.2472,0.66619
3.1371,0.68357
3.0654,0.68458
3.4019,0.66442
4.0707,0.61426
4.649,0.56945
5.3278,0.53015
3.7577,0.62595
2.9448,0.6928
3.0334,0.68779
3.5732,0.64897
3.6239,0.64455
3.507,0.65213
3.5835,0.65256
2.8658,0.70444
4.6551,0.57138
4.7506,0.57643
4.9827,0.56824
4.3853,0.60186
3.5744,0.63993
3.9714,0.60699
3.615,0.63867
3.0144,0.68997
3.1246,0.67638
3.4895,0.6564
3.7665,0.63295
3.7801,0.63576
3.2161,0.67676
4.1968,0.60902
4.7481,0.59785
2.7321,0.71377
3.7593,0.6261
4.7529,0.56268
2.9722,0.69057
3.3668,0.66479
3.6639,0.6292
4.5504,0.57505
4.5698,0.57754
3.5,0.6527
3.2328,0.67136
5.4551,0.54657
4.6169,0.59188
3.8993,0.61338
3.1375,0.67523
4.1607,0.61552
3.2966,0.66588
3.2761,0.66802
3.9618,0.62463
4.6729,0.58348
4.2202,0.60741
3.6483,0.63961
4.4331,0.58239
4.2595,0.59742
3.4976,0.66075
3.2704,0.67505
3.7903,0.62916
5.0058,0.56987
3.6762,0.65152
3.6267,0.63745
3.1333,0.66928
3.5172,0.65238
4.1531,0.6022
3.2718,0.66576
3.0001,0.6869
3.9785,0.61495
2.9488,0.69275
3.6558,0.63018
3.0858,0.67764
3.5565,0.64302
3.9397,0.6269
4.0761,0.62215
3.0599,0.68783
3.1169,0.68041
3.1354,0.67579
4.7465,0.58895
5.4044,0.55803
5.8926,0.5398
3.4484,0.6566
4.798,0.5723
4.0863,0.60466
3.4314,0.65054
5.1852,0.56661
4.8326,0.55411
3.2065,0.67056
3.3364,0.65946
3.8439,0.63434
3.7862,0.62959
4.2213,0.59242
2.8502,0.70257
2.8485,0.70467
4.3573,0.5903
6.6405,0.47909
4.1516,0.61275
3.1191,0.67925
3.6162,0.63645
3.2144,0.67282
4.6445,0.57016
3.6556,0.64129
3.7801,0.62805
3.6437,0.63895
3.6988,0.63326
3.6483,0.63791
4.2477,0.6092
3.1662,0.67625
3.0887,0.68327
3.2321,0.66753
3.8137,0.63452
3.4586,0.65562
3.5351,0.64195
3.2035,0.672
5.4157,0.54914
4.437,0.60757
4.6503,0.59344
4.3687,0.60966
3.1671,0.67226
2.9565,0.69505
2.8354,0.70034
3.337,0.65845
2.8952,0.69804
3.5553,0.63579
3.6725,0.63015
3.3453,0.66066
3.0051,0.69136
3.114,0.6824
3.5615,0.64611
3.9041,0.61852
3.4619,0.65007
3.7349,0.62585
5.7117,0.51679
5.0096,0.54452
3.5135,0.65488
3.3597,0.66029
4.0488,0.60842
4.826,0.55643
4.1592,0.60869
3.18,0.67542
4.1349,0.60843
3.5241,0.64299
3.271,0.665
3.0394,0.6852
3.4843,0.64965
4.0243,0.60687
2.9515,0.69207
3.1642,0.66983
4.3897,0.5876
4.1316,0.60374
5.5518,0.53997
3.2119,0.68026
3.3098,0.66974
4.3587,0.60332
3.9048,0.619
4.2734,0.59333
3.9086,0.6182
3.3288,0.66056
3.259,0.65954
5.2048,0.53508
4.4989,0.59107
4.1585,0.60734
4.3366,0.5972
4.5125,0.58582
3.181,0.67451
2.8772,0.69122
2.9178,0.69653
3.2049,0.67835
2.7872,0.70994
3.2203,0.66936
5.5457,0.54275
3.0608,0.69339
3.7543,0.63134
4.5991,0.56607
3.1375,0.67274
2.9121,0.69839
4.1491,0.61178
4.2956,0.60809
3.6645,0.6425
4.5839,0.59416
4.8071,0.56328
3.4553,0.6505
3.6184,0.63504
4.4912,0.58672
4.9093,0.57026
4.9936,0.55822
4.7592,0.57215
4.4478,0.60444
3.6015,0.64856
3.1718,0.6799
4.7645,0.59344
3.8697,0.62708
3.1993,0.66749
3.1738,0.67042
5.4206,0.51506
3.355,0.65372
3.0893,0.68532
3.197,0.67433
3.6051,0.63776
3.3191,0.66424
4.4856,0.59596
4.6479,0.55827
4.6873,0.57385
3.8996,0.62323
3.7415,0.62925
3.6288,0.63414
4.4278,0.58167
3.8479,0.62769
5.6925,0.53983
5.5937,0.54749
5.1041,0.56593
5.2146,0.5614
3.0901,0.68446
3.0319,0.68974
3.2385,0.67281
4.45,0.59507
4.1378,0.61812
3.8727,0.62154
3.9434,0.60898
5.8572,0.51595
3.4472,0.65131
3.0311,0.6787
5.4015,0.55634
6.2126,0.52889
4.3775,0.60847
3.1258,0.68019
4.3209,0.57756
4.0246,0.61539
2.9343,0.6932
3.0848,0.6795
3.0517,0.68983
3.2657,0.66878
3.0518,0.68752
4.2273,0.60347
3.1886,0.68046
4.8495,0.58744
3.7562,0.62484
4.0553,0.60411
3.1208,0.67753
2.875,0.6996
3.9374,0.6088
4.0323,0.59878
3.9265,0.63284
5.6846,0.54986
4.7611,0.56438
5.0305,0.54285
2.7828,0.70597
2.9393,0.69764
3.5715,0.63537
4.7362,0.5594
3.905,0.61719
4.348,0.58389
3.4494,0.64639
3.7914,0.63012
4.4775,0.57728
4.7556,0.56316
3.3227,0.66402
3.2788,0.66724
3.264,0.67191
3.0118,0.69476
3.1906,0.67801
3.0654,0.68319
3.8929,0.61909
4.5354,0.5823
4.801,0.5555
3.4166,0.64864
5.4432,0.52395
4.571,0.58479
5.0391,0.54796
3.7149,0.63196
3.9215,0.61493
3.0191,0.6911
4.8009,0.57675
3.5063,0.64576
3.1431,0.67975
3.6355,0.63913
3.6577,0.64186
3.2018,0.67072
3.2878,0.659
3.3885,0.65805
3.3435,0.66164
4.2535,0.60369
3.9531,0.62724
3.2222,0.66625
4.2258,0.59924
3.9671,0.61482
3.7612,0.63599
4.1813,0.59437
3.2895,0.66342
3.462,0.65274
4.558,0.57569
5.4245,0.51908
3.8148,0.61952
3.5643,0.64148
3.1567,0.67727
3.11,0.68068
4.7259,0.59499
3.9577,0.63461
5.2789,0.56154
3.9194,0.62604
4.3798,0.60681
4.048,0.62652
4.11,0.62256
3.3801,0.65983
4.5956,0.5856
4.6166,0.59423
3.22,0.67353
3.5462,0.66088
3.1694,0.67246
3.7981,0.62215
5.1717,0.54748
4.7763,0.58771
2.8457,0.69722
3.0908,0.67908
3.8934,0.62367
4.4059,0.60141
3.013,0.68236
3.8533,0.6263
5.0181,0.55273
3.8524,0.62808
2.921,0.69966
4.7114,0.57861
4.7046,0.56064
4.2047,0.59261
4.174,0.59947
5.175,0.55628
4.0153,0.60531
3.4237,0.65659
4.0608,0.60921
4.264,0.59207
5.5554,0.52632
5.6658,0.51243
6.7741,0.46761
3.7554,0.63021
3.6423,0.63699
4.3138,0.59591
4.0056,0.61171
3.017,0.68974
3.9476,0.61496
3.2945,0.67012
3.6606,0.64835
4.2176,0.60875
3.7853,0.63768
2.8019,0.70966
3.2806,0.66493
4.7398,0.56867
3.7369,0.62827
4.2553,0.59381
6.0571,0.49908
5.0078,0.55542
3.0467,0.69011
3.0737,0.6845
3.5443,0.64429
3.4793,0.64411
2.9851,0.68822
2.8857,0.69614
2.8218,0.70204
3.1877,0.67409
3.6163,0.63718
3.1378,0.68364
3.0956,0.68713
6.1283,0.51864
3.7796,0.6252
3.5881,0.63345
4.5408,0.57251
3.48,0.64467
3.1733,0.6737
2.8318,0.7046
2.9353,0.69569
5.5311,0.53573
3.7569,0.62453
3.6766,0.63321
4.1488,0.60336
3.976,0.62663
2.6435,0.72407
4.7819,0.59231
5.4266,0.56774
4.7378,0.5714
2.9802,0.69051
2.8959,0.6982
2.7237,0.70743
2.9244,0.69556
3.0123,0.69086
3.1504,0.67153
3.335,0.66481
3.2904,0.66599
4.393,0.58999
4.0965,0.60071
5.1832,0.53742
4.401,0.58701
5.5005,0.55893
3.876,0.62759
4.4335,0.58506
4.2001,0.62094
4.7176,0.58559
4.2156,0.61883
5.171,0.56988
4.7999,0.58657
2.9926,0.69166
3.8112,0.62542
3.4044,0.66072
3.1249,0.67911
3.9864,0.6048
3.7541,0.62142
3.5852,0.64214
3.8943,0.61794
3.5863,0.6445
4.4974,0.58106
3.5936,0.63834
4.1228,0.60654
4.3897,0.58316
3.5397,0.64713
3.8487,0.61926
3.7115,0.62896
3.7802,0.62787
3.3583,0.65895
2.9581,0.69026
3.249,0.66449
4.5744,0.5833
4.5451,0.59834
3.2455,0.66442
3.9761,0.61571
5.7182,0.5182
5.2128,0.54645
3.2509,0.67435
2.9817,0.69142
4.2959,0.58713
5.7199,0.52806
3.3155,0.65256
3.0795,0.67865
2.839,0.70128
3.5472,0.64981
3.4072,0.66105
3.3667,0.66116
3.0564,0.68808
3.9625,0.62904
2.9038,0.69626
2.8827,0.69839
3.0426,0.68636
3.0431,0.68136
3.1687,0.66953
2.9272,0.70143
3.125,0.68175
4.4308,0.58896
4.6159,0.57528
4.0354,0.60714
3.7102,0.62443
3.0172,0.68613
4.2572,0.60611
4.199,0.60379
3.2386,0.66939
3.1165,0.68278
4.6062,0.58885
3.9773,0.61537
4.9678,0.55357
3.816,0.62458
3.986,0.61107
4.2932,0.59267
4.7471,0.56517
3.8249,0.6227
4.0451,0.602
4.24,0.59907
6.0966,0.52824
4.0065,0.60536
4.4655,0.57611
3.1152,0.67506
4.7554,0.57161
3.2389,0.66504
3.6995,0.63604
2.6755,0.72107
6.0589,0.5344
4.7886,0.56439
3.9179,0.61956
4.3797,0.60426
2.7134,0.71258
3.4625,0.64263
3.1448,0.67054
4.0198,0.61846
3.7206,0.63767
4.8927,0.58287
3.4774,0.6583
2.9614,0.68818
3.3591,0.65885
3.2201,0.66009
2.751,0.7088
4.2608,0.59147
3.81,0.61991
4.1793,0.6127
3.9617,0.63733
5.4334,0.54662
3.7806,0.64358
2.9929,0.69178
2.7386,0.71287
3.8779,0.61625
3.1866,0.669
2.9827,0.68831
3.1941,0.68146
2.7147,0.71636
3.2585,0.66082
3.3739,0.65507
3.3065,0.66111
5.3364,0.57003
4.0448,0.6134
3.9113,0.62745
2.678,0.71722
3.4203,0.65791
3.9623,0.62693
3.565,0.64283
3.8867,0.6218
3.304,0.66074
3.0329,0.68728
2.9568,0.69394
4.0525,0.62571
3.4679,0.64819
5.5264,0.54135
4.3188,0.6139
4.4128,0.59954
4.383,0.5829
4.7949,0.56643
3.523,0.65432
3.2123,0.67559
5.5613,0.56203
4.3841,0.58236
3.0196,0.68672
5.6854,0.53494
3.2795,0.67663
4.3715,0.58502
5.7245,0.51113
3.2227,0.66223
2.8455,0.70374
4.591,0.58481
3.593,0.64389
3.2949,0.66863
3.0531,0.68341
2.9527,0.6927
3.9631,0.61664
3.517,0.6537
3.7942,0.63283
3.1449,0.6799
4.0942,0.62517
4.5329,0.58681
4.4973,0.59139
4.1939,0.62355
3.5464,0.64537
4.9029,0.5487
4.1098,0.60756
4.3024,0.60881
4.0404,0.61674
4.7118,0.57987
5.2976,0.55428
5.2626,0.55446
3.9207,0.62965
4.1113,0.60837
5.3444,0.54087
3.167,0.68023
4.0928,0.61721
3.5715,0.64778
3.8412,0.62896
3.1306,0.68816
3.1552,0.68848
3.9847,0.6292
4.2728,0.59779
3.1703,0.67592
3.102,0.68316
3.8784,0.63491
3.8158,0.63804
4.231,0.62053
4.8511,0.58759
3.7955,0.6368
4.4817,0.58635
3.2569,0.67484
3.3358,0.6645
5.0176,0.56242
4.527,0.59433
3.5074,0.64687
3.3357,0.66255
4.4571,0.61064
4.6889,0.60105
4.431,0.61629
4.1967,0.60414
5.0248,0.56643
3.2709,0.67441
3.0084,0.6948
5.638,0.51733
5.2711,0.54901
3.4192,0.66889
4.062,0.61289
4.6282,0.57668
4.971,0.5512
4.0277,0.61704
3.4474,0.66382
3.4056,0.66856
3.3333,0.67448
3.6048,0.64882
3.5904,0.64554
4.4176,0.60633
5.2599,0.54071
4.6786,0.57689
4.2728,0.59598
3.7734,0.63271
3.5768,0.65311
4.6515,0.59323
3.3396,0.68221
3.6646,0.64878
5.7131,0.53724
4.8311,0.57206
4.2713,0.60433
5.2666,0.55548
3.6659,0.64921
3.4125,0.67076
3.9009,0.63495
3.8174,0.64055
3.4977,0.66422
3.8682,0.6459
4.1775,0.62277
2.9699,0.69894
3.7687,0.64475
4.0314,0.63281
3.4832,0.67031
4.3667,0.60614
4.4642,0.59449
4.3245,0.6059
4.0909,0.62316
4.1959,0.62117
5.1129,0.58205
4.4505,0.59338
4.4345,0.58681
4.3977,0.61516
3.7617,0.64458
4.0191,0.64168
3.4665,0.66775
3.7054,0.64692
4.2634,0.61123
3.8919,0.64371
5.6196,0.56551
4.8034,0.59281
4.4614,0.61313
5.1924,0.5827
5.7634,0.54545
4.7203,0.585
4.7753,0.58517
4.4495,0.6011
3.9198,0.63497
3.5285,0.66457
4.8558,0.57878
4.5524,0.60207
5.5556,0.53183
4.3391,0.59684
4.7722,0.58149
3.5799,0.66285
5.3767,0.5702
3.5952,0.66496
4.2332,0.61351
4.4449,0.60319
4.4539,0.60373
4.4124,0.60539
3.6908,0.65202
3.3476,0.67805
4.3015,0.6189
3.9292,0.63694
3.5257,0.66491
3.5012,0.67104
3.6512,0.66049
3.8965,0.6334
3.9243,0.63858
3.8874,0.63992
5.6144,0.54477
3.8342,0.6551
5.4909,0.5656
4.3221,0.61861
5.7278,0.54243
4.8356,0.58939
4.824,0.5905
4.3463,0.62654
5.14,0.58121
4.258,0.6211
4.792,0.59117
3.5757,0.66334
3.9945,0.63147
4.2959,0.61739
3.5753,0.66662
4.5404,0.60661
4.189,0.62957
4.052,0.63651
4.3422,0.60951
5.5697,0.55362
4.4163,0.60298
4.2909,0.60847
3.734,0.64891
4.0887,0.62781
4.7325,0.5973
3.2805,0.69217
4.2911,0.62153
3.5112,0.67114
4.7094,0.60214
4.4351,0.61903
4.5564,0.61006
4.4063,0.61527
4.7325,0.5923
4.5939,0.59634
5.1668,0.56984
4.4312,0.61515
4.6796,0.5933
4.9796,0.5814
4.7234,0.59299
4.4103,0.61448
4.701,0.59566
4.5077,0.60805
3.9165,0.64571
4.0007,0.64659
3.9276,0.64501
4.2262,0.6261
3.5762,0.66684
4.0456,0.63232
4.4838,0.61257
4.3904,0.60917
5.1107,0.56901
6.7591,0.5167
4.9935,0.57723
5.0617,0.58001
5.1163,0.57803
5.049,0.5856
4.4673,0.61502
4.7739,0.59751
4.5766,0.60565
5.3006,0.56878
4.883,0.60017
4.4725,0.61317
4.3213,0.61896
4.732,0.59181
4.7749,0.59021
4.8106,0.59465
5.1236,0.58459
4.111,0.65049
4.5139,0.61783
4.2015,0.62933
5.0433,0.57557
5.1603,0.57945
4.125,0.6403
4.505,0.61377
4.7752,0.60532
4.3401,0.62808
3.9926,0.65251
3.8669,0.6553
4.2428,0.62927
4.228,0.63007
4.2944,0.62109
5.9134,0.53715
3.8979,0.65308
5.535,0.56885
4.6099,0.61241
4.3776,0.6291
4.46,0.62076
4.4598,0.61949
5.2467,0.57735
5.0049,0.58999
4.8233,0.59551
4.7213,0.59657
4.825,0.59114
5.3648,0.5725
4.8896,0.60371
4.8282,0.61019
5.2429,0.58719
5.2362,0.57816
4.6048,0.60581
4.0593,0.6529
5.0874,0.59078
5.5132,0.56263
5.1028,0.57442
4.8491,0.59492
4.7501,0.60282
4.0353,0.64632
4.1093,0.64804
3.5447,0.68454
4.6882,0.61174
5.1514,0.5815
4.3756,0.6312
4.4889,0.61683
4.1016,0.63899
4.991,0.58995
4.933,0.59252
4.729,0.60388
4.2874,0.63182
4.6068,0.6118
5.0735,0.58854
4.997,0.59461
5.0494,0.59133
5.1831,0.60146
5.1361,0.59761
5.6347,0.56948
5.0425,0.58984
4.5567,0.61502
5.5994,0.56362
5.2062,0.58074
5.5556,0.57415
4.4127,0.63432
5.3829,0.58124
5.1127,0.58806
5.5961,0.56934
4.9608,0.59705
5.0267,0.59204
4.6613,0.61187
4.7235,0.61535
5.7779,0.56157
5.1962,0.58646
5.2233,0.58903
4.8468,0.60627
5.1545,0.58504
5.394,0.57149
5.382,0.58504
4.9965,0.60494
4.9912,0.59592
5.4293,0.5771
5.6941,0.56255
4.5923,0.61668
5.1718,0.58781
5.2201,0.58979
6.4028,0.54035
5.2853,0.59167
4.9273,0.607
5.0672,0.59778
5.2076,0.59128
5.1396,0.59379
5.2566,0.58628
5.6777,0.57055
5.5177,0.58284
5.5613,0.56938
4.6762,0.62236
5.1482,0.6002
5.1184,0.60022
5.3607,0.59462
5.4814,0.59182
5.0811,0.59804
5.7774,0.56452
5.6995,0.5683
5.7779,0.56578
4.7081,0.61534
6.0786,0.55118
5.4116,0.58104
4.9007,0.60459
5.7666,0.56861
5.1589,0.60332
5.026,0.60812
5.0287,0.60752
4.9401,0.60948
4.6047,0.62758
4.6461,0.62892
5.7212,0.58296
5.509,0.59237
5.0145,0.60503
4.6446,0.62169
5.0376,0.60153
4.6853,0.62073
5.3711,0.59882
4.9179,0.61568
5.0996,0.60445
5.4631,0.58621
5.6683,0.57747
5.2701,0.59839
5.3168,0.5917
6.194,0.56236
5.1686,0.59723
5.2818,0.5966
5.9812,0.56775
5.4519,0.59238
5.956,0.56232
5.3756,0.59336
5.3468,0.59167
5.2738,0.59074
5.618,0.58305
5.6936,0.58065
5.2056,0.60618
5.8566,0.5717
5.3449,0.60104
5.6236,0.57619
5.4615,0.58312
5.5033,0.58081
4.872,0.61133
4.7947,0.61846
5.2764,0.59372
5.2516,0.59779
5.2616,0.59573
5.2807,0.5928
5.528,0.58736
6.5308,0.55178
5.385,0.59622
5.1077,0.60808
5.3833,0.59439
5.1339,0.60337
5.4275,0.59653
5.4341,0.58968
5.6555,0.57645
5.8358,0.5734
6.6502,0.54828
6.7553,0.55119
5.671,0.58312
5.1839,0.60243
5.1635,0.60385
5.1526,0.6057
4.9296,0.61578
5.1242,0.60888
5.3403,0.5956
4.9723,0.61482
5.4628,0.59087
5.4812,0.59205
5.4866,0.59511
5.2506,0.60238
5.4317,0.59184
5.2992,0.60132
5.1778,0.6075
5.261,0.59943
5.0944,0.61149
5.2248,0.60334
5.3507,0.59939
6.2866,0.55622
6.3355,0.5506
5.6471,0.57838
5.4337,0.5937
5.3326,0.6012
5.958,0.5717
5.7017,0.58088
5.2891,0.60668
4.9751,0.61974
5.402,0.59829
4.9559,0.61559
5.6077,0.58126
5.4676,0.59494
5.6559,0.58785
5.3872,0.59908
5.459,0.59423
5.7519,0.58429
5.9439,0.57348
5.4087,0.59834
5.129,0.61695
5.3832,0.59708
5.024,0.6151
5.0994,0.61409
5.105,0.61828
4.8574,0.62902
4.6967,0.6423
5.1992,0.61278
6.6029,0.55306
5.551,0.58486
5.5658,0.59521
5.5129,0.59794
5.2958,0.60802
5.2376,0.60535
5.2869,0.60373
5.0772,0.62184
5.3469,0.60826
5.96,0.57185
5.3612,0.60948
5.6162,0.59585
5.6587,0.58832
5.748,0.58731
5.5991,0.59002
5.4476,0.59974
4.8765,0.62678
7.0837,0.53862
6.6839,0.55596
5.7736,0.5852
4.723,0.63655
4.5563,0.64644
4.8979,0.63095
5.6688,0.59632
5.556,0.59992
6.36,0.56239
5.576,0.59409
5.8903,0.57661
5.5202,0.59385
5.635,0.58663
5.1665,0.61536
5.1012,0.62009
5.983,0.5773
4.6227,0.64318
5.4824,0.59733
5.1535,0.61001
5.5447,0.59522
5.7406,0.58514
5.2824,0.61078
5.6875,0.59052
6.5104,0.55968
7.1884,0.53339
5.8396,0.58819
5.8583,0.5876
5.6382,0.59339
5.4258,0.60542
5.6234,0.5937
5.5541,0.59653
6.2579,0.56031
5.3507,0.60473
5.4941,0.60299
5.1794,0.61462
5.2109,0.61553
5.8868,0.59047
5.9715,0.58198
5.2147,0.61424
5.4109,0.60517
5.0009,0.62622
5.6137,0.59524
5.7815,0.58447
5.6961,0.58767
6.1915,0.56595
5.7436,0.59172
5.0337,0.62719
5.5703,0.59792
6.5932,0.55697
5.5729,0.59614
5.4634,0.60361
5.7905,0.5897
5.2949,0.61116
5.3209,0.60801
5.2693,0.61892
5.7025,0.59509
5.6095,0.60044
5.0689,0.63074
4.7361,0.64424
4.7849,0.64162
5.4711,0.6024
5.1731,0.61979
4.9448,0.63261
5.2419,0.6152
5.5264,0.60009
5.0065,0.62751
6.0959,0.57533
5.4224,0.60526
5.8851,0.58598
5.9299,0.58212
5.1688,0.6186
5.2794,0.62434
4.5861,0.6552
7.5557,0.52915
5.6305,0.59066
5.0937,0.62455
5.4579,0.60789
5.9711,0.58343
5.8081,0.59083
5.1163,0.62528
5.4593,0.60679
5.0893,0.62797
5.4425,0.61399
5.3883,0.61076
5.5687,0.59868
5.5374,0.60294
5.4174,0.60807
5.1175,0.62478
5.7254,0.60489
6.148,0.59107
6.3203,0.58587
5.8418,0.59054
5.9941,0.58159
5.8794,0.58554
6.2183,0.57626
4.6451,0.64954
4.9248,0.63405
5.0615,0.62977
5.6978,0.59496
5.6874,0.60265
6.2026,0.5904
6.303,0.57563
4.8407,0.64411
4.9895,0.63663
5.279,0.61549
4.8731,0.64234
6.068,0.57903
5.4133,0.61262
5.6189,0.60086
6.5619,0.56385
6.2712,0.57287
6.0841,0.59235
5.3326,0.61572
6.5829,0.56353
5.2227,0.61575
5.2918,0.61471
5.1607,0.62216
5.9357,0.58692
6.3321,0.58
6.5954,0.576
7.1581,0.55126
6.2133,0.57188
5.0254,0.62952
4.8869,0.63889
7.5778,0.52807
6.22,0.59381
5.3543,0.61472
8.0505,0.52617
5.7266,0.59776
4.8368,0.64688
5.4628,0.60908
5.3426,0.61557
5.8391,0.59375
5.6971,0.59857
6.0287,0.58518
6.3307,0.57219
6.5642,0.55863
5.8825,0.58626
5.3707,0.61596
5.1962,0.62398
5.0773,0.63077
5.3913,0.61221
5.1588,0.62798
4.7095,0.64893
5.0906,0.62929
4.8182,0.64401
4.9598,0.63868
4.727,0.65047
4.9452,0.64037
5.0138,0.6359
5.1697,0.62797
5.7258,0.6031
6.4949,0.57261
5.9498,0.59782
5.9845,0.59137
5.6721,0.59765
4.9964,0.63246
4.8809,0.64095
5.5232,0.60811
6.2569,0.58101
6.9855,0.55005
6.6159,0.56688
6.792,0.56112
6.9957,0.55881
4.6295,0.65818
7.3981,0.53739
5.2501,0.62394
5.1931,0.62538
5.3012,0.61881
5.3108,0.61842
5.5671,0.61181
5.4228,0.6192
5.1909,0.63091
5.3113,0.62412
5.1003,0.63117
5.3998,0.61754
5.2691,0.62182
5.1326,0.62744
6.4289,0.57093
6.5905,0.56439
6.0203,0.59091
5.8199,0.60977
7.1001,0.56253
5.9388,0.59417
5.8159,0.59494
6.5963,0.56756
6.2467,0.58104
6.3361,0.57672
6.1134,0.59848
5.8572,0.60121
4.6591,0.65674
5.4519,0.6108
6.8245,0.55673
5.4833,0.61176
5.5116,0.61194
6.3983,0.57829
5.9112,0.59617
6.7856,0.57005
6.1657,0.59767
4.7057,0.66278
6.1737,0.59637
6.5686,0.58244
6.5492,0.57137
5.9894,0.58322
5.0912,0.63036
5.2649,0.62212
5.3104,0.62382
4.9827,0.63618
6.6301,0.56453
5.2293,0.62305
5.0681,0.63404
5.345,0.62304
5.1832,0.62814
4.9738,0.63859
5.8219,0.59698
6.0876,0.58356
6.4727,0.58079
7.0654,0.56467
8.5005,0.50889
6.6388,0.56428
5.163,0.62745
5.0678,0.63201
5.303,0.61941
6.4664,0.57136
6.1858,0.58433
5.6969,0.60568
6.8699,0.57193
6.1322,0.5911
5.6417,0.61139
5.3889,0.62315
5.7345,0.61024
6.6067,0.57871
5.0051,0.64078
7.1037,0.55769
5.952,0.59328
5.4527,0.6147
5.332,0.62061
5.4251,0.61592
5.5223,0.61608
4.6979,0.66633
4.5337,0.67427
4.8588,0.65071
5.8589,0.59819
5.613,0.60685
5.3199,0.62112
5.0675,0.63261
5.1928,0.63001
5.5932,0.61473
6.7217,0.56997
6.0622,0.60004
6.2795,0.58016
5.8725,0.59347
5.8082,0.59814
5.0935,0.6319
5.0985,0.6339
5.9366,0.59515
5.9977,0.59667
6.6902,0.58576
4.6867,0.6671
4.8659,0.66018
4.9692,0.64574
6.0546,0.59177
5.0684,0.63623
5.2418,0.63139
4.8016,0.65629
4.8108,0.65566
6.2317,0.59782
5.7124,0.60762
5.8006,0.60719
6.4386,0.5832
6.2805,0.58556
5.6124,0.60712
5.0814,0.63328
5.5315,0.61332
5.9601,0.59656
6.5143,0.58867
4.5268,0.67866
5.0838,0.64866
5.0447,0.64762
7.1662,0.56485
7.1838,0.56249
7.924,0.54056
8.0669,0.53497
7.8575,0.54814
8.2278,0.52471
6.5884,0.57131
6.0991,0.58904
6.7801,0.55967
6.7979,0.56348
6.7813,0.56503
5.8351,0.60252
7.5765,0.54098
7.4484,0.5554
6.1099,0.60713
6.5644,0.57919
5.8673,0.59874
6.6116,0.57139
5.9031,0.59515
5.8405,0.6075
5.0294,0.64874
4.9799,0.65111
5.2964,0.6291
6.3899,0.59297
5.1749,0.63875
5.4822,0.61624
5.3616,0.62177
5.3429,0.62448
5.8548,0.60074
6.0286,0.60167
5.141,0.65026
5.2335,0.65006
5.3889,0.64142
5.6354,0.61312
5.7271,0.60686
5.1947,0.63105
6.9788,0.56077
5.6413,0.61077
5.3292,0.63509
4.8817,0.66026
4.7674,0.659
6.9595,0.5622
5.2519,0.6345
5.6304,0.62449
5.8011,0.61828
4.7899,0.65707
7.5565,0.54862
7.4623,0.54632
7.2769,0.55801
7.5491,0.55294
