57.827,-0.083082
68.114,-0.066093
63.421,-0.053968
60.99,-0.061231
65.215,-0.054045
61.123,-0.065451
61.772,-0.068783
57.139,-0.077736
65.231,-0.063384
55.907,-0.075537
56.345,-0.073207
56.185,-0.068723
60.925,-0.063898
60.771,-0.061236
60.956,-0.062597
55.829,-0.066414
60.959,-0.060226
56.495,-0.071961
56.963,-0.078073
56.776,-0.071928
55.353,-0.060584
56.682,-0.074789
57.173,-0.081588
58.874,-0.098163
58.647,-0.09005
57.411,-0.075006
59.015,-0.073693
59.404,-0.062911
58.76,-0.058242
59.88,-0.072513
56.067,-0.065301
56.254,-0.065181
55.305,-0.051162
56.537,-0.066523
55.587,-0.05836
55.187,-0.056269
55.622,-0.045092
54.619,-0.040354
55.522,-0.04341
54.339,-0.034775
55.482,-0.050812
55.085,-0.047377
54.804,-0.045565
54.363,-0.043155
55.278,-0.047972
55.495,-0.05106
54.173,-0.030932
53.853,-0.034793
66.222,-0.046933
65.129,-0.033854
56.714,-0.050531
55.415,-0.043451
55.025,-0.039579
54.882,-0.034975
53.774,-0.028273
51.498,-0.0085774
51.187,-0.00031467
50.089,0.0038228
48.458,0.025018
47.634,0.032574
48.34,0.025429
47.509,0.033477
47.012,0.037801
46.826,0.038745
46.403,0.043514
45.63,0.047608
45.423,0.052663
44.656,0.058079
44.348,0.058344
46.182,0.050696
44.509,0.059739
45.337,0.048724
44.607,0.056182
46.237,0.058606
44.226,0.05925
43.701,0.062987
44.546,0.055221
44.963,0.050825
44.397,0.055809
44.304,0.056403
44.483,0.060047
43.844,0.06313
44.864,0.051006
44.459,0.054383
44.088,0.060764
43.296,0.07023
42.445,0.077674
44.107,0.060537
42.247,0.080006
42.546,0.073951
43.68,0.073039
43.778,0.060936
42.456,0.073882
43.945,0.068601
44.769,0.058292
42.688,0.068509
42.484,0.080354
43.636,0.070533
43.909,0.064232
43.387,0.073897
43.944,0.059629
44.229,0.060352
43.494,0.068884
43.479,0.063639
43.29,0.067271
42.22,0.078907
42.327,0.077968
41.739,0.085748
42.178,0.072501
41.763,0.076384
42.416,0.069454
42.101,0.075313
42.081,0.072682
42.559,0.066617
42.926,0.069137
40.636,0.087881
41.698,0.0734
42.187,0.070621
41.986,0.074184
42.039,0.072605
41.403,0.078424
42.667,0.066242
42.648,0.067528
42.744,0.066472
42.398,0.071726
41.729,0.07449
43.064,0.066403
43.182,0.063424
42.799,0.066892
43.315,0.064598
43.576,0.059519
44.043,0.061954
42.53,0.06574
42.267,0.067461
42.066,0.071959
41.956,0.07405
41.699,0.075204
42.786,0.061073
42.231,0.071187
42.941,0.064352
43.848,0.060658
44.441,0.055996
43.325,0.066065
42.457,0.070709
43.343,0.06872
44.052,0.059613
43.862,0.05893
41.457,0.077497
44.046,0.057111
43.849,0.060772
41.832,0.071952
43.458,0.064477
44.116,0.058523
43.806,0.059642
44.194,0.055518
42.896,0.068903
42.307,0.077976
40.208,0.087638
42.276,0.070572
40.947,0.084733
45.612,0.061526
42.818,0.060915
42.031,0.06915
41.795,0.071873
41.995,0.072956
41.97,0.071461
42.038,0.070402
42.958,0.06524
42.682,0.071785
42.593,0.072215
41.914,0.080079
42.693,0.070638
43.398,0.063433
42.965,0.069323
43.001,0.06548
42.701,0.070608
42.109,0.076528
42.458,0.073285
42.318,0.071626
42.158,0.075665
42.664,0.069585
43.31,0.062068
41.804,0.079264
41.598,0.074342
40.75,0.082396
42.941,0.070264
43.553,0.063231
43.37,0.062356
43.058,0.06801
43.568,0.061857
42.629,0.075418
41.023,0.07951
39.256,0.096262
40.055,0.08822
41.309,0.075789
40.807,0.083016
41.438,0.075552
41.142,0.079579
41.329,0.078814
42.158,0.068527
41.861,0.071131
43.417,0.060204
41.212,0.078251
40.926,0.080332
40.847,0.084831
40.941,0.087542
41.374,0.080558
42.525,0.074269
41.142,0.081526
41.669,0.07677
42.084,0.071574
41.392,0.081218
42.927,0.065369
42.563,0.067701
47.983,0.057145
42.029,0.075368
40.178,0.093232
40.795,0.089516
41.086,0.083595
39.672,0.09427
41.264,0.08823
38.761,0.099677
42.362,0.073878
39.176,0.095829
40.14,0.090918
39.59,0.095746
39.334,0.094184
41.408,0.075812
39.671,0.089847
39.491,0.092018
38.547,0.10004
38.944,0.097432
40.458,0.085572
38.206,0.10599
37.195,0.11626
41.606,0.084645
35.034,0.13822
39.216,0.099884
40.24,0.088925
40.639,0.08773
42.191,0.075769
42.935,0.067167
42.396,0.073454
42.519,0.0722
41.343,0.08414
39.634,0.10321
39.888,0.10162
40.705,0.092703
41.295,0.086879
40.854,0.089742
41.743,0.078747
40.788,0.089271
41.044,0.09046
40.568,0.094111
39.238,0.099358
40.588,0.094414
42.607,0.079948
42.325,0.083238
40.063,0.092114
42.13,0.082658
41.173,0.079931
42.327,0.075557
42.619,0.074115
40.163,0.089406
40.18,0.093435
40.676,0.096255
41.919,0.078913
41.75,0.080698
42.269,0.073928
42.016,0.077205
40.694,0.092191
42.13,0.075894
41.437,0.087022
42.116,0.077676
43.334,0.066491
42.939,0.069142
40.524,0.08114
40.769,0.085111
41.73,0.07441
41.771,0.073679
40.735,0.083566
43.217,0.070762
41.434,0.075348
42.154,0.071707
40.779,0.083478
41.293,0.076438
41.773,0.071376
40.812,0.081983
42.297,0.0727
43.055,0.063649
46.779,0.052776
43.332,0.063868
43.642,0.060765
43.473,0.059863
43.755,0.056115
42.605,0.068204
44.492,0.048076
43.231,0.059475
43.687,0.057337
43.123,0.065044
43.997,0.065612
45.218,0.055847
42.411,0.070147
42.468,0.068125
43.176,0.065213
42.768,0.073652
44.234,0.066608
42.877,0.067193
43.273,0.065815
40.59,0.089824
40.404,0.09272
40.969,0.082647
41.55,0.078581
42.043,0.069766
42.732,0.067424
42.892,0.062494
44.094,0.056566
44.156,0.053221
43.376,0.064657
42.437,0.065595
40.968,0.082886
42.723,0.061634
39.971,0.097322
37.235,0.13063
40.212,0.098922
41.751,0.085788
39.495,0.11027
40.993,0.10127
40.288,0.10195
42.432,0.077545
44.857,0.062843
44.984,0.061548
45.922,0.048857
45.824,0.056027
46.878,0.045092
46.985,0.044896
46.188,0.060312
46.776,0.048925
45.431,0.071367
46.738,0.049451
45.904,0.055571
45.85,0.065788
46.575,0.047497
46.642,0.040758
47.72,0.038094
47.442,0.032985
47.424,0.043544
47.102,0.046729
49.468,0.065802
44.899,0.078906
45.416,0.067439
45.542,0.071214
45.416,0.071278
44.921,0.069233
46.155,0.05261
44.872,0.063239
45.703,0.060612
45.797,0.054475
45.458,0.054622
45.385,0.062408
44.169,0.10164
44.592,0.078768
43.981,0.085636
44.241,0.090757
43.594,0.10262
44.133,0.082255
46.286,0.062669
43.475,0.072549
45.11,0.057881
44.994,0.054408
45.038,0.059745
45.053,0.066716
43.761,0.081564
44.509,0.072147
44.313,0.063443
44.391,0.061485
44.082,0.065885
43.131,0.080345
43.939,0.069149
43.545,0.073152
43.104,0.077262
43.696,0.081605
43.024,0.088875
41.761,0.1071
40.393,0.12538
40.224,0.12911
41.638,0.10692
41.044,0.11107
40.413,0.12326
41.24,0.11378
40.756,0.1245
39.496,0.13885
39.567,0.14009
40.353,0.13171
40.262,0.12824
37.892,0.16989
40.04,0.13194
39.215,0.14292
39.781,0.1366
39.102,0.14972
38.457,0.15674
38.301,0.16087
38.827,0.15993
38.085,0.16901
37.36,0.18299
38.032,0.16815
38.42,0.1699
37.047,0.19172
36.087,0.20487
35.831,0.21242
36.729,0.19764
35.506,0.22387
34.798,0.23746
34.973,0.22677
36.296,0.20972
35.935,0.21689
35.138,0.23015
34.481,0.23747
35.582,0.22206
34.708,0.23652
34.721,0.2344
34.686,0.25081
33.055,0.26884
34.147,0.25067
32.042,0.29618
31.484,0.3094
33.461,0.26944
32.258,0.29377
31.211,0.31704
30.783,0.32204
31.566,0.306
32.199,0.294
33.321,0.27153
32.752,0.27762
31.665,0.30285
33.549,0.27275
32.83,0.2856
32.286,0.29445
30.746,0.31421
30.417,0.32715
32.887,0.28715
32.839,0.28521
31.798,0.30152
32.507,0.28831
31.215,0.32195
31.01,0.3092
31.389,0.32041
31.865,0.31105
39.816,0.25512
28.96,0.34974
30.579,0.33802
29.905,0.35501
31.631,0.30253
30.85,0.3283
31.481,0.31157
32.711,0.32186
23.319,0.45211
31.086,0.30705
30.753,0.31861
29.95,0.33113
30.215,0.33006
29.958,0.33191
29.251,0.34612
30.282,0.33902
30.427,0.32921
30.019,0.33791
30.591,0.32212
29.611,0.34065
30.039,0.33973
30.672,0.33122
30.5,0.33174
30.341,0.3424
30.641,0.32772
29.023,0.35175
28.516,0.36946
28.529,0.37095
30.005,0.35223
30.654,0.34347
29.677,0.35006
29.26,0.36323
29.335,0.35351
29.262,0.35205
29.46,0.3554
29.332,0.36005
29.513,0.3481
30.356,0.34611
30.106,0.33914
29.726,0.344
28.113,0.3724
29.053,0.36522
27.762,0.37677
28.839,0.36858
30.112,0.3488
30.065,0.35698
28.573,0.37594
28.719,0.36617
30.14,0.34883
30.331,0.33918
29.972,0.34438
30.617,0.34556
29.137,0.35618
29.202,0.35595
28.794,0.36525
30.609,0.34186
30.124,0.34522
29.299,0.35773
29.756,0.36083
29.457,0.35701
29.283,0.36387
29.442,0.36162
29.029,0.36521
5.662,0.93744
28.818,0.36746
29.402,0.3675
5.5437,0.93875
28.503,0.37388
30.604,0.34492
30.061,0.35038
29.319,0.37057
30.464,0.36438
29.723,0.36464
31.05,0.36004
29.538,0.36611
29.52,0.36351
28.544,0.37322
28.903,0.36746
28.348,0.376
30.105,0.35066
29.654,0.35326
29.983,0.35813
29.487,0.36394
27.712,0.38524
28.753,0.36896
29.978,0.35948
29.435,0.36184
29.231,0.36426
28.763,0.3702
29.276,0.36161
29.253,0.36421
28.6,0.37461
29.135,0.36957
33.181,0.33129
28.777,0.37215
29.657,0.36106
29.019,0.37176
29.108,0.36175
28.02,0.38503
28.204,0.37512
28.187,0.38093
28.57,0.38051
28.193,0.37765
28.776,0.37621
29.117,0.37427
28.318,0.37602
28.427,0.37668
28.45,0.37427
25.784,0.41282
28.318,0.37483
27.876,0.38029
27.772,0.38299
28.393,0.3782
26.02,0.40878
28.352,0.38843
27.182,0.39475
26.534,0.40154
26.328,0.4057
27.508,0.38862
26.323,0.4057
26.284,0.4066
27.206,0.39345
27.045,0.3959
27.189,0.39192
27.379,0.39594
27.13,0.39607
28.805,0.36996
25.725,0.4242
27.524,0.39605
27.405,0.3962
27.104,0.40078
21.392,0.49464
21.272,0.50226
25.06,0.43366
24.561,0.4407
26.228,0.40786
24.233,0.44138
26.218,0.41513
26.342,0.42013
25.894,0.42012
25.554,0.42375
25.408,0.4249
26.7,0.42102
25.683,0.42255
25.996,0.42386
26.117,0.42163
26.632,0.41585
25.295,0.4269
25.601,0.42755
25.923,0.42344
25.998,0.4203
25.896,0.4177
25.65,0.42235
26.28,0.41925
25.474,0.42118
25.838,0.42273
25.557,0.42224
24.342,0.45222
24.253,0.44761
25.592,0.42541
24.065,0.45336
25.8,0.42662
25.315,0.43061
24.17,0.45328
27.38,0.39884
27.57,0.39856
26.819,0.40478
25.018,0.43404
26.465,0.41886
25.635,0.42717
25.874,0.42555
25.734,0.4256
24.011,0.45287
25.483,0.43356
25.147,0.4344
25.225,0.43281
25.415,0.43114
25.581,0.43213
20.264,0.5211
24.27,0.44391
25.496,0.42725
24.976,0.43313
25.116,0.4317
26.498,0.40888
24.891,0.43545
25.39,0.43311
24.492,0.44197
25.406,0.43081
24.809,0.43752
24.893,0.436
24.774,0.43823
23.359,0.45837
24.907,0.43516
24.644,0.43959
24.495,0.44286
24.268,0.44633
23.794,0.45322
25.741,0.42396
25.222,0.42696
23.421,0.4557
21.773,0.48343
24.995,0.43107
23.374,0.45855
25.272,0.42691
25.372,0.42536
25.654,0.42376
23.974,0.44851
23.557,0.45356
24.931,0.43204
25.061,0.43159
23.843,0.4517
23.931,0.45634
24.141,0.44764
18.288,0.55051
24.997,0.43244
25.48,0.42702
23.292,0.46236
25.419,0.42737
25.406,0.42764
20.165,0.51944
24.399,0.44095
23.744,0.45329
18.491,0.55113
18.454,0.55035
24.63,0.4379
24.915,0.43789
23.511,0.46023
23.511,0.46086
24.155,0.45439
24.94,0.43223
24.232,0.45686
24.822,0.43735
24.657,0.43811
22.858,0.46733
22.271,0.47737
21.618,0.48965
24.017,0.44623
23.874,0.45137
23.324,0.45758
23.819,0.45247
24.047,0.44941
23.763,0.44986
24.439,0.44994
24.433,0.44546
22.404,0.47712
23.955,0.45361
23.323,0.46051
23.79,0.45829
17.256,0.58135
23.572,0.45993
22.141,0.47864
23.285,0.46509
23.039,0.46606
23.396,0.46226
23.063,0.46253
22.988,0.46398
23.766,0.45955
23.485,0.462
23.351,0.46215
23.233,0.46511
23.37,0.46268
24.028,0.45963
24.383,0.45667
23.918,0.45934
21.941,0.49426
23.815,0.45959
23.648,0.46383
22.595,0.48398
24.419,0.45978
23.4,0.46595
22.022,0.4932
22.755,0.46917
22.105,0.48932
23.079,0.47037
22.043,0.48994
21.804,0.49234
22.251,0.4862
22.94,0.46987
22.114,0.49034
22.829,0.47042
22.962,0.47125
22.759,0.47264
21.538,0.49465
22.533,0.4755
23.251,0.47295
23.848,0.46581
23.036,0.47121
23.507,0.46614
18.372,0.56242
22.19,0.49268
22.709,0.4847
18.394,0.55983
22.637,0.48813
23.718,0.46616
22.406,0.48955
22.259,0.48961
21.472,0.50154
22.583,0.48205
22.614,0.48313
21.439,0.49508
23.094,0.47359
21.804,0.49753
21.746,0.49893
30.742,0.39118
22.762,0.47515
22.24,0.49142
21.376,0.50918
23.214,0.47065
22.028,0.48012
22.647,0.47778
22.508,0.47998
23.815,0.46696
22.736,0.47559
23.026,0.49209
22.548,0.48004
22.907,0.47818
22.882,0.47552
22.885,0.47599
22.636,0.4769
22.609,0.47792
20.417,0.51849
23.231,0.47176
22.319,0.48762
23.145,0.47444
22.808,0.48543
23.717,0.46913
23.817,0.46908
24.099,0.46766
23.174,0.47513
23.215,0.47852
24.45,0.48573
22.774,0.47569
20.504,0.51147
21.583,0.50034
20.639,0.51225
21.963,0.48629
20.694,0.51072
20.454,0.51299
17.093,0.58619
21.001,0.50643
20.882,0.50795
16.74,0.5913
21.397,0.5003
20.844,0.50802
21.983,0.48646
21.939,0.48828
22.268,0.48325
22.202,0.48475
21.659,0.48852
22.467,0.48341
22.089,0.48588
21.653,0.49008
22.272,0.48334
21.995,0.48525
20.834,0.50788
22.046,0.48658
21.378,0.49582
22.745,0.47997
21.109,0.50244
21.212,0.49987
21.488,0.49542
21.82,0.49466
22.177,0.48963
21.532,0.49316
22.2,0.48955
21.499,0.49549
21.798,0.49264
22.41,0.48379
21.904,0.48659
21.24,0.49538
22.091,0.48353
22.161,0.48582
21.664,0.48835
21.831,0.48875
21.606,0.49054
23.127,0.47558
23.254,0.4723
22.824,0.47583
22.203,0.48207
22.105,0.48382
21.112,0.49807
25.931,0.43698
22.081,0.48553
21.508,0.4959
21.168,0.4997
21.982,0.49217
21.509,0.49755
21.081,0.50286
21.178,0.49858
21.689,0.49337
21.36,0.49803
21.787,0.49309
21.726,0.49148
21.595,0.4932
22.016,0.486
21.947,0.48961
21.833,0.48913
21.266,0.5001
22.176,0.48667
19.242,0.53666
21.69,0.49102
21.593,0.49524
14.726,0.63804
21.552,0.49362
20.786,0.50596
21.555,0.49561
20.74,0.50747
21.099,0.5032
21.089,0.50156
21.378,0.50025
21.327,0.49631
20.986,0.5004
21.251,0.49413
21.085,0.4974
21.144,0.50104
21.967,0.4901
20.66,0.51086
22.126,0.49127
18.177,0.5598
21.093,0.51086
20.291,0.51798
21.112,0.50585
22.254,0.48914
22.4,0.49027
21.209,0.50441
22.743,0.48317
22.635,0.48605
19.539,0.53329
21.914,0.49275
23.634,0.4606
22.264,0.49245
20.087,0.52353
21.584,0.49452
20.514,0.51025
21.088,0.5046
21.596,0.50054
21.488,0.50119
24.712,0.43808
21.647,0.49557
17.144,0.59114
21.396,0.49492
21.469,0.49397
21.696,0.49178
21.826,0.48617
21.931,0.48535
21.73,0.49157
22.03,0.48627
21.469,0.49532
20.828,0.50745
22.397,0.48601
22.252,0.48511
21.817,0.49161
21.089,0.50454
16.935,0.58807
22.645,0.47469
21.717,0.49599
20.11,0.5137
21.449,0.49969
22.201,0.48855
20.672,0.51012
19.877,0.52914
21.554,0.49533
21.187,0.50411
20.416,0.51622
20.907,0.50555
20.081,0.51711
20.719,0.50728
20.524,0.51039
20.65,0.50852
20.912,0.50375
21.377,0.50251
21.897,0.48999
20.95,0.50357
21.137,0.50297
21.212,0.49605
22.04,0.48861
20.907,0.50408
21.329,0.49781
21.701,0.49691
20.967,0.50277
22.16,0.47798
20.986,0.50287
20.943,0.50242
20.898,0.50421
22.152,0.48332
21.131,0.50052
21.394,0.49203
21.343,0.49876
20.836,0.5055
21.183,0.49898
21.249,0.50197
20.754,0.5085
21.229,0.49991
20.795,0.5084
20.981,0.50594
21.111,0.50233
22.201,0.49044
18.75,0.54947
21.339,0.50321
21.136,0.50271
20.722,0.50685
20.703,0.50846
20.824,0.50749
20.649,0.50892
20.882,0.50553
21.045,0.50467
20.719,0.5075
21.321,0.50071
20.675,0.50845
16.944,0.58605
22.411,0.47776
21.105,0.50169
21.587,0.49829
21.7,0.49359
21.755,0.49576
22.008,0.49018
21.796,0.49445
21.392,0.49938
21.794,0.49594
21.616,0.49843
16.667,0.58971
21.551,0.49754
21.487,0.50022
21.429,0.50048
20.825,0.51194
21.621,0.50114
21.479,0.50043
21.284,0.50276
21.638,0.499
21.416,0.50211
20.072,0.52584
21.58,0.49827
21.57,0.49884
21.967,0.49607
22.066,0.49454
20.392,0.5204
21.101,0.50426
20.243,0.51807
20.891,0.50651
20.644,0.51264
20.419,0.51614
20.254,0.51891
20.705,0.51215
21.245,0.49543
20.08,0.52181
21.191,0.50379
20.421,0.51412
20.828,0.50584
21.514,0.5042
21.065,0.50845
21.66,0.50013
21.79,0.5014
21.538,0.50088
21.712,0.50057
21.412,0.50167
21.426,0.50433
20.913,0.50912
20.866,0.51126
20.823,0.51146
21.49,0.50515
22.475,0.48147
21.755,0.49769
21.521,0.49918
21.533,0.50354
21.533,0.49782
21.428,0.49626
22.845,0.4731
21.775,0.49427
21.708,0.49447
21.551,0.49762
22.366,0.48297
21.331,0.50426
22.006,0.50155
21.202,0.51005
20.584,0.5169
20.779,0.51509
22.443,0.49292
22.048,0.49711
22.134,0.49324
21.782,0.49958
22.207,0.49565
22.876,0.48842
21.97,0.50011
21.382,0.50698
15.696,0.61105
19.528,0.52924
15.845,0.60514
20.342,0.51842
20.448,0.51998
20.182,0.52201
19.73,0.52912
19.807,0.52705
20.344,0.5174
21.245,0.49932
20.149,0.52315
20.214,0.5192
20.647,0.51172
20.778,0.50559
21.054,0.5017
19.419,0.5373
19.694,0.5337
19.184,0.54322
19.683,0.52495
19.782,0.52621
19.819,0.52694
20.344,0.51609
19.787,0.52485
20.35,0.51526
20.282,0.52164
20.756,0.51279
22.35,0.49163
20.055,0.5295
21.156,0.50497
22.016,0.49687
20.601,0.51253
21.118,0.50755
21.168,0.50969
20.72,0.5137
20.326,0.51674
20.155,0.51938
21.517,0.50252
21.06,0.50941
21.136,0.50648
21.29,0.50136
21.254,0.50539
20.798,0.5112
21.191,0.50532
20.769,0.5092
20.822,0.50847
21.376,0.50264
21.737,0.50238
21.697,0.50323
20.806,0.51495
20.366,0.51913
21.585,0.50424
20.719,0.51614
21.278,0.51255
20.876,0.5172
19.953,0.52692
22.542,0.49489
21.214,0.51053
21.539,0.50905
21.724,0.50732
21.321,0.50798
20.741,0.51178
20.562,0.51259
20.511,0.51282
20.683,0.51387
21.553,0.48957
20.105,0.52123
20.64,0.51806
20.944,0.51501
20.427,0.52119
21.411,0.50944
21.111,0.50837
21.46,0.50909
21.194,0.51253
20.443,0.51599
20.845,0.51534
20.858,0.51215
21.147,0.51007
20.776,0.51465
20.7,0.51183
20.705,0.51122
20.534,0.51396
22.341,0.48374
21.216,0.50829
20.952,0.51224
21.232,0.51307
20.646,0.51618
21.737,0.50622
21.189,0.51186
21.081,0.51396
21.119,0.51126
21.017,0.51195
21.14,0.50956
20.845,0.51313
20.668,0.51593
20.719,0.51482
21.117,0.50837
20.694,0.51581
21.006,0.51247
20.796,0.51601
20.11,0.53375
21.287,0.51097
21.248,0.50941
20.621,0.51602
29.654,0.41513
21.057,0.51163
21.105,0.51157
20.773,0.5186
21.892,0.50311
20.387,0.51952
20.713,0.51546
20.517,0.51788
20.527,0.51552
21.394,0.51002
20.346,0.52448
20.54,0.52037
21.303,0.51042
20.65,0.51987
20.34,0.52354
20.089,0.52567
20.464,0.52216
19.958,0.51857
19.821,0.5285
20.356,0.52048
20.43,0.51949
20.827,0.51681
20.658,0.5179
21.294,0.51
20.66,0.51932
20.789,0.51842
19.827,0.52771
20.624,0.52082
20.158,0.52712
20.252,0.52228
20.704,0.51491
20.374,0.52196
20.292,0.52364
20.475,0.52015
21.125,0.51163
20.95,0.51359
20.805,0.51614
20.755,0.51448
21.292,0.50627
21.079,0.50971
20.863,0.51079
19.869,0.52762
20.378,0.51913
20.141,0.52187
20.016,0.52393
20.229,0.51985
20.262,0.52001
20.376,0.5183
20.493,0.51789
21.413,0.49781
21.538,0.49556
19.425,0.53047
19.815,0.52756
19.669,0.53523
20.315,0.52029
20.139,0.52173
20.674,0.51747
20.184,0.52118
21.131,0.50971
21.092,0.51077
21.707,0.50377
19.965,0.52488
19.777,0.52872
18.848,0.55096
20.108,0.52614
17.713,0.57529
19.957,0.52865
20.538,0.52142
19.225,0.53897
17.889,0.57438
19,0.54983
17.982,0.5719
21.227,0.51134
19.842,0.5367
21.011,0.51234
21.078,0.51439
20.539,0.52479
20.863,0.51687
21.059,0.51565
20.408,0.51914
19.677,0.53097
19.486,0.53342
20.98,0.5053
20.422,0.51377
19.814,0.52995
21.159,0.50318
20.193,0.5211
20.43,0.51987
20.387,0.52044
18.921,0.53899
19.17,0.53609
21.056,0.50048
19.207,0.53626
19.461,0.53334
19.534,0.53291
19.092,0.54539
19.662,0.52851
20.398,0.51553
19.979,0.52584
21.014,0.50531
20.411,0.52113
20.979,0.51606
20.46,0.5229
20.88,0.51501
21.011,0.51236
20.59,0.51813
21.328,0.50053
19.566,0.52874
21.079,0.50666
19.22,0.53837
19.092,0.53856
19.514,0.5348
20.903,0.50781
18.518,0.55004
19.952,0.52966
14.97,0.63019
17.567,0.57655
18.508,0.55124
19.282,0.53977
19.007,0.54321
15.12,0.62449
18.133,0.55857
19.145,0.54197
18.668,0.54325
19.588,0.52967
18.129,0.55506
19.574,0.53086
18.455,0.55371
26.687,0.43434
19.977,0.52259
19.626,0.52591
19.964,0.5216
18.524,0.5506
19.03,0.54196
19.258,0.53254
19.648,0.52919
19.758,0.52715
17.617,0.56643
18.635,0.54582
18.263,0.55711
11.669,0.71032
14.374,0.64127
17.736,0.56465
16.687,0.58235
17.152,0.57552
17.045,0.57797
17.15,0.57669
17.04,0.57334
18.056,0.5572
19.116,0.53347
16.16,0.59404
17.784,0.56106
16.895,0.58053
17.808,0.5587
18.025,0.55776
18.117,0.55526
17.872,0.55926
17.571,0.56576
16.524,0.5866
16.323,0.59123
17.724,0.56037
16.73,0.58222
16.843,0.57843
16.857,0.57838
16.357,0.58767
15.904,0.59762
13.365,0.65819
13.021,0.66472
15.993,0.59395
13.69,0.64865
13.842,0.64605
14.637,0.63032
13.389,0.65632
16.202,0.59212
16.474,0.58423
16.756,0.57988
12.94,0.66778
16.205,0.58807
16.364,0.58535
15.878,0.59489
15.693,0.59791
15.793,0.59594
15.826,0.59539
15.28,0.60691
15.254,0.60854
14.7,0.61685
13.742,0.63956
13.903,0.63533
14.181,0.6264
13.803,0.63409
13.932,0.63266
13.794,0.63335
13.543,0.64145
13.593,0.64051
13.518,0.6411
13.201,0.64724
13.159,0.65025
13.068,0.65193
13.388,0.64267
12.865,0.65359
12.72,0.658
11.432,0.69152
11.959,0.67466
12.541,0.6599
12.22,0.67022
12.489,0.6625
12.856,0.65192
12.466,0.66021
12.408,0.66247
12.78,0.65271
12.626,0.65342
11.808,0.67655
13.311,0.63662
12.107,0.66609
13.066,0.64048
9.2436,0.75842
11.811,0.67443
11.38,0.68215
11.352,0.68653
10.512,0.71023
10.424,0.71132
10.9,0.69362
10.857,0.69523
11.247,0.68219
11.153,0.68496
11.047,0.69012
11.391,0.67904
11.68,0.66628
10.494,0.69996
10.714,0.69743
11.223,0.68025
11.092,0.67905
10.517,0.6967
9.5107,0.73065
9.7698,0.71865
10.543,0.68541
7.9402,0.77736
10.927,0.67785
10.598,0.68392
11.039,0.66726
10.785,0.67746
8.3129,0.75666
9.7642,0.70273
9.1756,0.72338
9.2147,0.72315
9.9693,0.69987
10.584,0.67514
10.004,0.68879
9.7148,0.70018
10.59,0.6812
10.731,0.66916
10.049,0.67847
9.7287,0.69594
9.1386,0.72122
9.8639,0.69336
9.6661,0.68954
9.9513,0.6832
9.6377,0.70039
10.023,0.68744
10.771,0.65225
9.6587,0.68569
10.164,0.67072
8.5752,0.73334
10.089,0.66899
9.701,0.67796
9.2353,0.69232
9.1789,0.69723
10.181,0.66229
10.475,0.64596
10.41,0.64741
10.177,0.65765
9.3344,0.68871
9.6404,0.66753
10.522,0.63954
6.7713,0.76805
8.9331,0.69594
8.8305,0.69484
9.386,0.66934
9.408,0.67382
8.7541,0.69922
8.3748,0.71315
9.8436,0.65256
9.782,0.65844
8.7612,0.69512
8.5132,0.70592
9.517,0.66377
8.8549,0.67877
8.4217,0.69792
8.0127,0.71393
8.4278,0.69114
8.7273,0.68286
8.3567,0.69518
8.3099,0.70139
9.274,0.67059
9.8487,0.64734
8.8818,0.67838
9.2476,0.66764
8.5222,0.69364
9.3582,0.65593
9.3742,0.65689
8.816,0.67767
8.5728,0.68758
9.0737,0.66352
9.3344,0.65512
8.82,0.67416
8.9363,0.6742
5.1875,0.82063
9.2473,0.65778
9.4224,0.65111
9.0911,0.66506
9.2858,0.64756
9.6521,0.63987
9.3371,0.65144
8.1825,0.69413
8.5622,0.67188
9.0317,0.6529
9.2914,0.65071
8.2392,0.68946
8.6024,0.66483
8.2395,0.68141
8.1859,0.68443
8.0609,0.68283
5.3398,0.7953
8.2183,0.6794
7.8343,0.69468
7.7377,0.69984
8.5637,0.66747
8.2334,0.67754
7.7218,0.69575
8.2261,0.68106
8.9799,0.64982
8.615,0.66231
8.6199,0.66324
8.1663,0.67898
8.9447,0.64426
8.937,0.64736
8.0265,0.679
7.7223,0.69165
8.2466,0.6676
8.3802,0.66286
8.3147,0.66862
6.492,0.73439
7.6417,0.68733
7.6078,0.68976
7.3528,0.70307
7.7123,0.68636
7.5157,0.69425
7.4237,0.69649
7.3234,0.70064
7.7924,0.68127
7.7365,0.68092
7.1836,0.70557
7.4012,0.69386
7.5695,0.68556
8.0299,0.66876
7.4395,0.68932
8.024,0.66569
7.8925,0.6719
7.5717,0.68385
7.6024,0.68204
7.5926,0.68388
7.1888,0.6957
7.7175,0.67593
7.5112,0.68445
7.2291,0.69536
7.8309,0.66985
4.92,0.795
7.4161,0.68544
7.7049,0.67442
7.5784,0.67601
7.4197,0.68179
7.2407,0.68884
7.3918,0.68007
7.8448,0.66594
7.4868,0.67686
7.431,0.67831
4.6663,0.80269
6.9675,0.6989
7.0858,0.69132
6.9318,0.70053
7.582,0.66997
7.3534,0.6797
7.3759,0.67576
7.7106,0.6603
7.0592,0.68726
7.1208,0.67743
7.0713,0.6798
7.267,0.67633
7.5762,0.66095
6.6538,0.70192
6.4554,0.70939
6.8552,0.69051
6.8983,0.68392
6.8415,0.68666
6.4719,0.69985
6.628,0.69825
6.8356,0.68635
6.9541,0.68013
6.6929,0.6941
6.7333,0.68784
6.6657,0.69094
6.9954,0.67794
6.6056,0.68469
6.3861,0.70115
6.9259,0.67272
7.085,0.66822
6.3779,0.70208
7.0966,0.66438
6.7393,0.68213
6.5775,0.68762
6.4977,0.69094
6.4157,0.6953
6.1602,0.69855
6.3642,0.69246
6.3327,0.69699
6.6403,0.67786
6.5386,0.68434
6.7633,0.67742
6.5164,0.68415
6.2996,0.69484
6.1641,0.70209
6.263,0.69332
6.4295,0.68869
6.4664,0.68424
6.6166,0.67819
6.7391,0.67753
6.5039,0.67803
6.274,0.69105
7.5546,0.63825
6.1953,0.69261
6.1228,0.6977
6.6947,0.66648
6.2,0.68961
6.119,0.69736
6.4308,0.68
5.8397,0.70368
6.4774,0.66433
6.3405,0.68197
5.3365,0.72641
6.6774,0.66569
6.5578,0.67692
6.3829,0.68106
6.5048,0.6685
3.6834,0.81587
6.4455,0.66773
5.9104,0.69538
5.4632,0.71981
5.571,0.7084
6.5129,0.67079
6.0611,0.6899
6.4457,0.66946
6.2798,0.6807
6.7087,0.65341
6.2588,0.67905
6.2669,0.67932
3.4129,0.83483
6.406,0.67314
5.9351,0.69359
6.3205,0.67441
6.3622,0.67333
7.0533,0.63772
6.169,0.6807
6.1924,0.68177
6.4538,0.66545
6.8659,0.6533
6.5166,0.66119
6.2212,0.67421
6.1106,0.68067
6.3622,0.66514
6.2461,0.67109
6.4901,0.65543
6.0726,0.67635
6.0833,0.67802
6.8624,0.64477
6.5074,0.66069
6.228,0.67237
6.0993,0.67445
6.3595,0.66706
6.599,0.65295
6.1195,0.67488
6.2964,0.66829
6.5785,0.65487
5.9245,0.68092
6.3397,0.66627
6.2809,0.66707
6.4029,0.6653
6.6961,0.65139
6.3428,0.6651
6.2627,0.66929
6.2882,0.66639
6.34,0.66751
6.547,0.65289
6.378,0.66167
6.317,0.66686
6.6691,0.65072
6.3068,0.66313
6.5128,0.65369
6.3933,0.66011
6.1731,0.66786
5.9295,0.67507
5.7292,0.68783
6.3186,0.66182
6.2449,0.665
5.7046,0.69057
6.3151,0.66225
6.1198,0.67227
5.9079,0.68215
6.1493,0.66979
6.0736,0.67418
5.8139,0.68073
5.8149,0.67923
5.915,0.67857
5.9568,0.67478
5.8631,0.68189
6.2792,0.66424
6.0918,0.67154
6.2346,0.66608
10.398,0.54743
6.2726,0.66248
5.7448,0.68352
6.2559,0.66246
5.9673,0.67457
6.6461,0.64555
6.3106,0.66031
6.042,0.67307
9.3868,0.5715
5.991,0.67593
6.5273,0.65309
5.875,0.67906
5.7127,0.68592
6.1856,0.66492
5.8286,0.68153
6.3314,0.6592
5.5557,0.69171
5.8436,0.67877
5.9068,0.67473
6.0027,0.67147
5.8176,0.67844
5.9127,0.67579
5.8351,0.67951
6.0402,0.67045
6.1206,0.66987
6.1402,0.66628
6.043,0.67234
5.8183,0.67945
6.2105,0.66326
6.0568,0.67013
6.3347,0.6579
6.1919,0.66317
6.1593,0.6652
6.2358,0.66185
6.4142,0.65422
4.0682,0.76657
6.3624,0.65634
6.2139,0.66358
6.4281,0.65505
3.9662,0.77523
6.2261,0.66282
6.131,0.66702
6.1745,0.66368
6.165,0.66496
5.8639,0.67784
6.2534,0.65973
6.0314,0.66976
6.4579,0.65154
6.2471,0.6611
6.2492,0.66085
6.6489,0.64253
6.3241,0.65739
5.9773,0.67144
6.0016,0.66895
6.1041,0.66483
6.2117,0.65935
6.316,0.65541
6.1907,0.66262
5.8279,0.67757
10.05,0.55517
5.9845,0.6726
5.7169,0.68334
6.1054,0.66654
6.2225,0.66084
5.8644,0.67392
5.9166,0.67193
5.8671,0.67298
6.1254,0.66356
5.9288,0.66972
5.7245,0.67866
5.8539,0.67454
5.7314,0.6804
6.0397,0.66646
6.0661,0.66512
5.9182,0.6706
5.8073,0.67541
5.8218,0.67574
5.9431,0.66917
5.8593,0.67372
6.0644,0.66416
6.2612,0.65625
6.0257,0.66591
6.1372,0.66161
6.3685,0.65258
6.0643,0.66364
5.9764,0.66812
6.1643,0.65929
6.2866,0.65397
5.8177,0.67351
5.9901,0.66553
6.2571,0.65372
6.1781,0.65706
5.4968,0.6828
6.1067,0.66167
6.077,0.66304
6.206,0.65743
5.7136,0.67554
6.0319,0.66532
5.3047,0.69257
5.8677,0.66917
6.0779,0.66313
5.8872,0.67144
6.2805,0.65502
5.8265,0.67288
5.4865,0.68774
5.9904,0.66465
6.003,0.66497
5.3458,0.69477
5.3582,0.6953
5.3914,0.69289
5.3144,0.69568
5.4181,0.69052
9.3592,0.56769
9.5976,0.56125
9.7,0.55784
5.9589,0.66818
5.7498,0.67752
6.1343,0.65893
5.8863,0.66875
5.9998,0.66558
9.7713,0.55588
6.1745,0.65758
5.7386,0.6748
5.4354,0.6892
5.7067,0.678
5.8574,0.67236
6.279,0.65452
6.1063,0.66204
6.3554,0.65079
6.2529,0.65438
6.1166,0.66164
5.6625,0.67803
5.5849,0.68249
6.15,0.65919
5.5915,0.68226
6.3184,0.65112
5.6801,0.67991
5.707,0.67776
5.9184,0.66952
5.8672,0.67047
5.8659,0.67032
5.423,0.68944
5.3389,0.69429
5.5255,0.68445
5.6553,0.67895
5.2775,0.69767
5.3847,0.69197
5.5033,0.68583
5.7048,0.6788
5.2896,0.69273
5.6093,0.67858
5.7472,0.67362
5.5417,0.68218
6.1544,0.65731
5.6593,0.67732
5.8396,0.67294
5.8452,0.67326
5.2971,0.6987
5.8072,0.67341
5.8443,0.67107
5.8942,0.66986
5.9954,0.66452
5.8748,0.67071
5.4695,0.68501
5.7345,0.67582
5.5941,0.68111
5.3555,0.69052
9.4287,0.56543
5.8271,0.6726
5.501,0.68577
5.5718,0.6812
5.6755,0.67969
5.9963,0.66673
5.7355,0.6759
5.7554,0.67419
4.4312,0.74797
4.405,0.75035
4.4821,0.74638
4.469,0.74675
4.495,0.74526
5.5009,0.68773
5.6276,0.68106
5.6617,0.67948
5.6249,0.68019
6.2744,0.65402
6.2196,0.65308
6.2475,0.65343
5.9057,0.66749
6.3553,0.64983
6.4506,0.64751
5.6162,0.68241
6.3291,0.65242
5.9562,0.6681
5.5998,0.68097
6.2553,0.65364
5.6752,0.67641
5.2018,0.70069
6.1806,0.65418
6.3455,0.65117
5.978,0.66589
5.2764,0.69823
5.5093,0.68596
5.4486,0.68985
6.126,0.66139
5.3239,0.69565
6.0872,0.66443
5.1878,0.70246
5.6312,0.68074
5.9432,0.66866
5.818,0.67065
5.8798,0.66631
6.1587,0.6564
6.0116,0.66274
6.302,0.65086
6.498,0.64496
5.9458,0.66626
6.4852,0.6431
5.9374,0.66738
5.6934,0.67736
5.8232,0.67288
5.7779,0.6774
6.2586,0.65563
6.1976,0.65814
5.6563,0.68082
5.7413,0.67665
5.7313,0.6773
5.5982,0.68362
5.8366,0.67299
5.8575,0.6719
5.745,0.67677
5.9252,0.66883
5.736,0.67673
6.1211,0.66204
5.9923,0.66715
5.8203,0.67347
2.9628,0.83721
5.9223,0.6687
5.7955,0.675
5.7095,0.67609
5.6829,0.67606
5.9515,0.66453
5.665,0.67555
5.6927,0.67426
5.8035,0.67183
5.8619,0.67208
5.9343,0.66814
5.9468,0.66758
6.0841,0.66191
5.7564,0.67539
5.9212,0.66723
5.9073,0.66871
5.9234,0.6678
5.8035,0.67358
5.9618,0.66637
5.9256,0.66752
6.1162,0.65794
6.1815,0.65836
5.9344,0.6698
5.64,0.67851
6.5888,0.6424
6.6075,0.63591
6.0663,0.6613
6.0047,0.66381
6.4688,0.64452
5.8047,0.67281
5.5505,0.68093
5.5522,0.68301
6.0362,0.66328
6.4657,0.64332
5.9022,0.66717
6.3057,0.65024
6.4317,0.64612
5.7332,0.67549
6.0943,0.65927
6.2298,0.65374
5.59,0.68057
5.5936,0.68207
6.0541,0.66133
5.4537,0.68727
5.56,0.68199
5.8992,0.66702
5.7297,0.67515
5.9047,0.66679
5.5678,0.68308
5.4764,0.6874
5.5865,0.68267
5.9506,0.66812
5.8793,0.67074
5.5748,0.68318
5.5361,0.68495
5.9688,0.66729
5.8743,0.67066
6.3197,0.64851
5.6396,0.67785
5.8215,0.67097
5.6153,0.67891
5.5672,0.68173
5.8049,0.6706
5.8179,0.67311
5.6614,0.67808
5.5862,0.68289
5.9549,0.66566
5.9777,0.66552
5.951,0.66454
6.2847,0.65536
6.0987,0.66232
6.2126,0.65249
6.363,0.64807
5.665,0.67922
6.4544,0.64498
5.7903,0.67306
5.4751,0.68649
6.4125,0.64756
5.2827,0.69512
5.9235,0.66582
6.255,0.65341
6.2186,0.65388
6.0351,0.65843
6.0797,0.66017
6.1075,0.6576
6.0211,0.66415
6.1407,0.6614
6.039,0.66442
5.9999,0.66626
5.9532,0.66703
6.1907,0.65625
6.0546,0.66312
5.3637,0.69346
5.6652,0.67609
5.7142,0.67471
5.4395,0.68559
5.4924,0.68171
5.7312,0.67586
2.4384,0.88503
6.2774,0.65278
5.3485,0.69117
5.3502,0.6911
6.0563,0.65886
5.4842,0.68533
5.3659,0.68998
6.3248,0.65284
5.8528,0.67262
5.8775,0.67166
3.8872,0.77499
6.106,0.66102
6.0595,0.66033
6.031,0.66231
4.1218,0.76438
5.8437,0.6673
5.8113,0.67207
5.5122,0.68497
5.8585,0.66862
5.3417,0.70694
9.1676,0.57394
6.1643,0.65815
9.7742,0.55695
6.1289,0.65888
6.1296,0.6566
5.6931,0.67539
5.8144,0.67265
1.8322,0.94778
5.7644,0.67572
6.2012,0.656
6.4035,0.64698
5.9031,0.66675
6.1761,0.65466
5.9378,0.66637
5.3024,0.69462
6.2089,0.65734
5.2724,0.69448
5.3365,0.69169
5.7523,0.67443
6.0419,0.66022
5.4102,0.6853
5.8989,0.66625
6.228,0.65548
5.9617,0.66395
5.7191,0.67497
6.2121,0.65474
6.1742,0.65668
5.6011,0.68151
5.4538,0.68908
5.9722,0.66588
5.6648,0.68054
5.5667,0.6828
5.8426,0.6715
5.8843,0.6693
5.7734,0.67475
5.6923,0.67243
5.6137,0.67666
5.7015,0.67221
5.8248,0.66567
5.605,0.67566
5.9097,0.65772
5.9632,0.662
6.2908,0.6519
6.0965,0.65669
6.3902,0.64636
5.8015,0.6691
5.796,0.67205
5.5555,0.68103
5.9453,0.6631
4.9254,0.70772
6.2883,0.65091
6.438,0.6423
5.6697,0.67456
6.1112,0.6562
6.1447,0.65583
5.794,0.67042
6.2111,0.65228
6.1155,0.65677
5.7852,0.66624
6.0953,0.66007
6.0856,0.66036
6.1491,0.65803
6.2968,0.65242
6.1511,0.65864
5.4547,0.68475
6.3402,0.65119
6.3658,0.64833
5.5648,0.68278
5.5807,0.68355
6.1877,0.65712
6.2274,0.6558
6.0422,0.6573
6.0447,0.6603
6.1279,0.65648
6.1195,0.65873
5.601,0.67928
6.2335,0.65266
6.1293,0.65698
6.3772,0.64311
5.8645,0.66989
6.2534,0.65187
6.0384,0.66057
6.2714,0.64986
3.6581,0.78499
5.5846,0.6789
5.4371,0.68645
3.5697,0.78818
3.4916,0.79687
3.4586,0.79873
5.8312,0.67073
6.4886,0.64327
6.2954,0.6507
6.361,0.64914
6.4127,0.64236
6.1124,0.65595
6.3799,0.6483
6.0544,0.65916
5.9224,0.66541
5.2996,0.69064
6.2819,0.65172
5.3659,0.69019
6.1393,0.65402
5.4556,0.68406
6.2405,0.65083
5.4308,0.68231
5.2038,0.69422
4.709,0.71632
6.1741,0.65652
5.9141,0.66648
5.8932,0.66588
5.7832,0.67205
5.96,0.6649
5.9035,0.66557
5.5873,0.67853
5.5212,0.68164
5.887,0.66387
6.057,0.65816
6.3782,0.64675
6.0931,0.65855
5.8762,0.66781
6.1475,0.65493
5.9518,0.66429
6.9789,0.62679
5.9903,0.66199
5.901,0.66679
6.1562,0.65583
6.1767,0.65462
5.9675,0.66365
6.0335,0.66043
6.0674,0.65846
6.0624,0.65837
9.4127,0.56138
9.6676,0.5541
5.933,0.66251
9.5438,0.55715
9.6754,0.55328
9.418,0.56131
9.654,0.55488
9.6697,0.55451
9.7193,0.55345
8.9756,0.5713
9.9482,0.54567
9.7653,0.55186
5.8246,0.66907
5.9058,0.66563
5.498,0.68039
5.9659,0.66055
5.7606,0.67039
5.3778,0.68534
5.5374,0.68039
5.7162,0.67194
5.3704,0.68323
5.3212,0.68764
5.8699,0.66457
6.0424,0.65926
5.8589,0.66805
5.672,0.66996
5.5492,0.67732
5.6132,0.67555
5.3078,0.69123
5.7525,0.6745
8.7654,0.5774
9.1253,0.56773
6.1022,0.6587
6.3834,0.64569
6.4999,0.64135
4.128,0.75807
5.9261,0.66308
5.1647,0.69483
5.5809,0.6745
5.9917,0.6627
5.4536,0.68027
6.1107,0.65594
5.3375,0.69057
5.6059,0.67249
6.0815,0.65942
5.9583,0.66548
6.1318,0.65771
5.4674,0.68215
9.443,0.56024
9.3987,0.56237
9.4599,0.56069
5.6712,0.67379
5.9846,0.66217
6.357,0.64659
5.4384,0.68265
5.5647,0.67783
6.0191,0.65558
5.2102,0.69407
5.9532,0.66326
6.273,0.65185
6.4398,0.64619
6.0547,0.65909
6.3471,0.64899
5.5875,0.67971
6.2385,0.65202
5.2708,0.68863
5.3267,0.68851
6.1785,0.65631
5.7762,0.66767
6.2771,0.65249
6.1836,0.65412
5.9803,0.65893
6.2923,0.65004
6.41,0.64541
6.1428,0.65285
6.0823,0.65737
6.1354,0.6535
6.4243,0.64472
5.6784,0.67544
6.2727,0.64872
6.4223,0.64441
5.3629,0.68
6.3512,0.64443
6.5439,0.63817
5.94,0.66255
6.4251,0.64337
5.8229,0.66985
5.8838,0.66681
6.3132,0.6486
6.4387,0.64186
6.1433,0.65552
5.7594,0.67111
5.9799,0.66296
6.2546,0.65269
6.4446,0.64529
6.2867,0.65196
5.673,0.67454
6.1008,0.65723
6.077,0.65589
6.3377,0.64434
5.922,0.66142
5.8385,0.66616
5.3099,0.68642
6.1423,0.65554
7.2276,0.61264
5.8263,0.66891
6.0031,0.6612
5.4587,0.68446
5.4165,0.68181
10.753,0.52618
6.6777,0.63378
6.0668,0.65702
10.617,0.53168
5.8382,0.66618
10.438,0.53597
5.7633,0.66539
5.113,0.6953
9.7824,0.5542
10.692,0.52918
10.34,0.53959
6.5242,0.64057
6.6731,0.63435
6.4696,0.64035
6.1341,0.6532
6.4871,0.64346
6.5691,0.64098
6.5608,0.63896
6.3523,0.64735
6.735,0.63348
6.3596,0.64747
6.5073,0.64171
6.7372,0.63125
10.857,0.52649
5.9675,0.66328
5.8401,0.66591
6.1029,0.65727
6.7145,0.63261
6.2359,0.65084
6.5249,0.64243
5.7508,0.66794
6.0369,0.65908
6.2245,0.6555
6.4427,0.64462
5.329,0.6872
5.6759,0.67468
5.616,0.67955
5.9369,0.65898
6.2508,0.64859
5.2915,0.69095
6.4527,0.64211
6.1414,0.65434
6.0749,0.65844
4.9018,0.70802
6.0663,0.65912
6.1801,0.65444
6.111,0.65616
2.5094,0.87397
4.6842,0.71597
5.3418,0.68343
5.7968,0.66588
5.0716,0.69784
6.3851,0.64271
5.5033,0.68061
6.4101,0.64585
2.521,0.87265
5.8168,0.66815
5.4825,0.67729
5.3106,0.6869
6.3133,0.65046
5.8055,0.66609
5.8318,0.66651
5.8054,0.6658
6.2426,0.65229
6.5181,0.63902
6.7895,0.62923
9.4128,0.56139
10.397,0.53719
6.404,0.64464
6.4062,0.64454
6.6049,0.63475
6.1356,0.6564
6.1175,0.65802
6.2713,0.64962
6.4719,0.64267
6.4944,0.64068
6.4938,0.64086
6.3171,0.64846
6.6074,0.63444
6.3911,0.64429
6.5511,0.63512
6.1613,0.65438
5.9108,0.66292
9.6348,0.55365
9.0768,0.57026
9.6451,0.55308
5.307,0.6934
8.8662,0.57857
9.3415,0.56282
9.2375,0.56593
6.3412,0.64598
6.2526,0.65117
6.4017,0.64504
6.4103,0.64188
6.1396,0.65422
6.2306,0.65072
10.098,0.54364
5.334,0.69154
6.4622,0.63819
6.5082,0.63968
6.1669,0.65301
6.4332,0.6439
6.3579,0.64701
6.268,0.64626
6.3499,0.64441
6.5236,0.63994
9.528,0.55523
6.0088,0.6596
5.5792,0.67225
6.4159,0.64428
6.5812,0.63632
6.2623,0.65116
6.1839,0.65586
6.4381,0.64225
6.3614,0.64646
6.2986,0.65016
6.5868,0.63573
6.4364,0.64284
6.8832,0.62144
6.0507,0.66065
5.4578,0.68822
6.0977,0.65497
5.7594,0.67361
5.4787,0.68073
6.1933,0.65347
5.7714,0.67122
6.3622,0.64202
5.697,0.67464
5.9037,0.66567
6.2127,0.65154
6.099,0.65597
6.0305,0.66023
6.1124,0.65608
6.3449,0.64763
6.2677,0.6482
6.5629,0.63744
6.2335,0.65042
6.3185,0.64633
6.3879,0.64477
5.9347,0.66216
6.1545,0.65495
6.3287,0.64858
6.3434,0.64749
5.2302,0.69125
5.3457,0.68393
4.7638,0.71414
5.4648,0.68387
5.7073,0.66952
5.3331,0.68995
5.4331,0.68588
6.2019,0.65085
5.2304,0.69145
5.52,0.67974
5.456,0.68547
5.6435,0.67716
6.3658,0.64581
6.5502,0.6377
6.4432,0.64077
6.2611,0.64992
5.6912,0.67058
6.2239,0.648
6.1988,0.65208
6.438,0.63986
6.1968,0.6538
6.0627,0.6582
5.405,0.67976
6.2389,0.64988
6.6691,0.63245
6.2491,0.65055
6.3727,0.64836
5.4918,0.67729
4.8232,0.70895
5.4193,0.68038
5.3492,0.68271
4.8426,0.71016
5.3193,0.68283
5.3417,0.6827
5.3096,0.68621
5.4405,0.67672
6.3479,0.64752
6.3376,0.64802
6.5222,0.63968
6.4259,0.64467
5.454,0.67807
4.4991,0.72473
4.5064,0.72793
4.6826,0.71529
5.7786,0.66612
6.0614,0.65427
6.0478,0.65606
6.0426,0.65496
5.9612,0.66018
5.4172,0.6837
4.9785,0.69942
5.2407,0.6929
6.381,0.64394
5.6312,0.67293
6.2288,0.65026
6.658,0.63143
6.0688,0.6554
6.4613,0.64218
6.5442,0.63739
6.2517,0.65082
5.973,0.65588
5.8965,0.66127
5.5787,0.67855
5.4137,0.68304
5.2438,0.69343
5.5737,0.67269
6.154,0.65173
5.9249,0.65881
5.5537,0.6739
5.6263,0.67393
5.6955,0.67016
5.7665,0.66965
6.0239,0.65873
6.2426,0.65017
5.4981,0.68084
6.4095,0.64233
6.3666,0.64337
6.4593,0.64035
5.8221,0.66474
6.4023,0.64347
5.5154,0.67979
6.3129,0.64535
6.3462,0.6446
5.869,0.66183
5.886,0.65954
5.525,0.67043
4.8691,0.70251
4.8684,0.70422
5.1106,0.6899
5.7285,0.6672
5.9447,0.65612
5.94,0.657
5.5333,0.67465
5.0498,0.69162
5.7041,0.66758
5.8507,0.66207
9.4687,0.55808
5.7114,0.66394
5.7947,0.66298
6.0709,0.65377
6.2053,0.64815
5.2215,0.68462
5.5795,0.66645
5.5886,0.66866
5.1426,0.68534
5.6713,0.66542
5.7523,0.66144
5.9953,0.65104
5.9886,0.65631
6.3261,0.64205
6.2471,0.64422
4.9203,0.69625
5.1028,0.6862
5.0768,0.68889
5.1745,0.68362
5.1487,0.68588
6.2473,0.64133
4.8807,0.70425
6.1189,0.64657
5.6956,0.66311
5.6729,0.66344
9.4643,0.54749
5.7147,0.661
6.0621,0.648
5.7047,0.66202
9.2768,0.55295
9.2441,0.55542
9.62,0.54453
9.0539,0.55961
6.2881,0.6371
5.6193,0.66365
5.6283,0.66478
9.7037,0.54511
6.1241,0.64434
5.9404,0.65212
6.0069,0.64688
6.2449,0.63713
6.1237,0.64279
5.8635,0.6533
5.7929,0.6559
6.14,0.64019
5.9388,0.65076
5.8051,0.65388
8.9576,0.55865
6.009,0.64179
5.3068,0.66991
6.297,0.63316
6.2447,0.63445
6.0708,0.64214
6.3602,0.628
6.3103,0.63108
6.3958,0.62491
6.2549,0.63191
6.2506,0.62925
6.3192,0.62629
6.1088,0.63459
6.0514,0.64006
6.3305,0.62843
6.485,0.62152
5.7984,0.65035
6.2053,0.63107
6.0854,0.63733
6.2827,0.62989
6.3648,0.62653
5.8521,0.64933
6.4234,0.62396
6.3114,0.62867
6.0534,0.63988
9.0948,0.5517
5.7697,0.65036
6.018,0.63835
6.0878,0.63455
5.9036,0.64233
6.1097,0.63333
5.3642,0.66452
8.6934,0.56019
5.1427,0.67669
6.3118,0.62489
6.2551,0.62792
6.1447,0.62995
5.7598,0.64798
5.787,0.64734
5.3881,0.65974
5.9793,0.63581
5.2893,0.6662
6.1155,0.62831
5.9231,0.63698
5.4988,0.6529
6.1306,0.62832
5.4538,0.65799
5.3696,0.66037
6.0828,0.62912
5.9448,0.63794
5.8543,0.64037
5.8931,0.63851
5.441,0.65748
5.296,0.66648
5.6418,0.65059
5.9454,0.63342
5.9978,0.63232
4.9647,0.68059
9.023,0.54745
5.0903,0.67518
5.0605,0.67626
5.8223,0.64217
5.644,0.65079
6.4689,0.60119
5.6164,0.6518
6.1865,0.62457
5.7456,0.64448
6.0024,0.63197
5.9712,0.62966
5.4206,0.65
6.0543,0.62716
5.3669,0.65242
6.152,0.6215
4.457,0.70074
5.6383,0.64317
5.7347,0.64088
5.6642,0.64214
5.6155,0.64468
5.9609,0.62354
5.3198,0.65858
4.9769,0.67299
5.9358,0.62843
5.1151,0.66459
5.9035,0.62804
5.6749,0.6399
5.5985,0.64563
5.7164,0.6395
5.3183,0.65845
5.7374,0.63849
5.5252,0.64765
8.3247,0.55803
5.5518,0.64423
7.5434,0.58249
7.7185,0.57511
8.237,0.55722
5.2435,0.65458
7.5836,0.57515
5.8081,0.63069
4.8364,0.67641
8.5311,0.55124
5.6154,0.64048
5.6246,0.63904
5.6637,0.63685
5.6543,0.63764
8.1393,0.554
6.0281,0.61131
7.8019,0.568
7.9853,0.56082
7.9476,0.56089
4.5877,0.68313
4.6975,0.67367
4.3623,0.69559
4.1563,0.70261
4.7224,0.67615
8.635,0.54663
4.4928,0.68249
4.3045,0.69447
4.5297,0.68316
8.4052,0.54799
8.8144,0.53751
8.2962,0.55225
5.2129,0.65289
4.9272,0.6637
4.8756,0.66605
5.7571,0.6125
4.926,0.66489
5.2938,0.64857
4.67,0.67434
4.8936,0.6636
9.0658,0.52486
8.4906,0.542
5.3549,0.63846
4.9978,0.65676
5.151,0.65371
5.2518,0.64974
5.2248,0.64977
5.3965,0.64051
5.3615,0.64067
5.4087,0.63763
5.5066,0.63307
5.4308,0.63694
5.0015,0.65619
5.417,0.63806
5.3827,0.63923
7.9678,0.55659
4.8474,0.66536
5.1093,0.65462
4.6422,0.67415
5.5881,0.61908
8.4701,0.53976
5.0936,0.65044
5.1499,0.6455
6.4304,0.5666
5.0515,0.65069
2.0342,0.8696
1.7939,0.89332
5.1866,0.62839
7.7984,0.56086
5.273,0.64377
8.3682,0.54368
5.144,0.64738
4.7076,0.66979
4.5279,0.67669
4.0204,0.70222
4.9898,0.63995
4.1149,0.69343
4.0602,0.69964
4.6962,0.66687
4.715,0.66359
5.192,0.64303
5.0908,0.64789
4.9211,0.65531
5.1267,0.64678
4.7842,0.66631
5.0032,0.65214
4.9794,0.65146
4.8749,0.65547
4.9371,0.65189
4.9229,0.65174
4.7775,0.66076
2.5056,0.8139
4.7962,0.66233
5.1448,0.6451
5.233,0.6381
5.283,0.63694
4.95,0.65459
4.8551,0.65496
4.7751,0.66103
4.9408,0.64521
4.3531,0.67989
3.9125,0.70158
3.9728,0.69692
4.1635,0.67452
4.5297,0.6719
4.6233,0.66208
4.7227,0.65979
4.4793,0.67203
4.4921,0.67214
4.5479,0.67036
4.6585,0.66375
4.947,0.63501
4.2873,0.68153
4.4437,0.67073
4.3292,0.67695
4.3295,0.67885
4.588,0.66716
4.6885,0.66087
4.3824,0.67559
4.6432,0.65663
4.5754,0.66717
4.4824,0.67249
4.7062,0.65876
4.5081,0.66954
4.2215,0.68409
4.1659,0.68704
4.0405,0.69381
4.078,0.69086
3.6809,0.71703
4.7454,0.64764
4.5288,0.66116
4.3693,0.67637
4.714,0.65677
4.4928,0.66842
4.7985,0.64355
4.0745,0.68863
4.2043,0.67982
3.7385,0.70631
3.5809,0.71923
3.4551,0.7302
6.7511,0.58187
7.0054,0.57179
7.1735,0.55908
7.0619,0.56882
6.7935,0.57907
7.1081,0.56655
7.133,0.56052
7.1348,0.56572
3.7329,0.70405
3.9004,0.69202
4.4302,0.66785
4.6267,0.65991
3.1911,0.74663
4.6409,0.65587
4.4437,0.66792
4.1508,0.68229
4.4449,0.66629
4.3585,0.67221
4.2332,0.67449
4.3079,0.67007
3.9427,0.68902
4.3104,0.66977
3.0725,0.75389
3.7976,0.70452
3.9596,0.69226
4.0472,0.687
3.7751,0.69925
4.3102,0.67072
3.6091,0.71036
3.9938,0.69054
3.4521,0.72031
3.9497,0.68945
3.9375,0.69065
3.9825,0.68646
6.082,0.60276
6.2616,0.5952
6.0238,0.60471
4.482,0.65918
4.266,0.67375
4.0257,0.68153
4.3161,0.6696
3.6143,0.69922
3.7791,0.69618
3.448,0.71807
3.5722,0.71053
5.2946,0.58633
4.4571,0.66099
3.8084,0.69618
4.1982,0.67608
4.2068,0.67584
3.9358,0.69009
4.0313,0.68586
4.1508,0.68026
3.8927,0.6942
4.1662,0.68082
3.9497,0.6906
3.9876,0.68823
3.9348,0.69184
4.0525,0.68167
3.4387,0.71647
6.2701,0.5897
6.02,0.59819
4.4512,0.65714
3.944,0.68786
3.9199,0.69029
4.1255,0.68034
4.1902,0.67587
4.1877,0.67692
4.33,0.6692
3.9851,0.67352
3.9985,0.68754
3.98,0.6879
4.246,0.669
4.4823,0.65484
4.5034,0.65244
4.2354,0.67576
6.2503,0.59152
4.4548,0.6589
4.2863,0.66912
4.2373,0.67211
4.3731,0.66218
4.2137,0.67551
4.1784,0.67575
4.0217,0.68603
6.0205,0.60134
5.894,0.60532
4.0128,0.68564
5.9766,0.60285
6.2294,0.5915
5.7884,0.6121
6.058,0.599
5.6952,0.61326
6.4225,0.57655
6.1482,0.59234
6.0915,0.59535
4.111,0.67732
4.074,0.67921
3.6072,0.71222
4.1901,0.67533
4.0742,0.68278
2.0551,0.83682
3.86,0.69552
3.9938,0.68624
3.895,0.69265
3.8563,0.69298
3.9482,0.68793
3.9032,0.69015
4.3223,0.66247
1.9288,0.85478
6.0318,0.60137
3.5693,0.70934
3.5129,0.71181
6.2799,0.58709
4.2575,0.66885
4.1563,0.67682
3.9062,0.6907
4.005,0.68528
4.1174,0.67699
4.0376,0.68007
6.1379,0.59225
4.0679,0.67972
3.9383,0.69036
3.8562,0.69523
3.887,0.69283
3.7855,0.69786
3.972,0.68153
3.5386,0.70777
4.0322,0.6812
3.8751,0.6946
3.2596,0.73216
3.9697,0.68799
3.8677,0.69326
4.2421,0.66947
4.203,0.67304
4.2119,0.67338
4.1527,0.67906
3.8213,0.69647
3.9412,0.69049
4.2458,0.66869
4.1473,0.67305
4.1303,0.67408
4.0048,0.68374
4.0848,0.67873
4.0664,0.68029
5.6245,0.61476
4.3032,0.66597
3.1556,0.73682
5.9025,0.60139
5.7194,0.61113
5.6666,0.61479
3.9511,0.68816
3.8399,0.69245
5.6044,0.61473
5.6771,0.61121
5.645,0.61305
5.6618,0.61192
3.9205,0.68644
3.9224,0.68756
3.9512,0.68591
4.0158,0.68331
3.6619,0.7027
4.0787,0.67863
3.9077,0.68898
4.1691,0.67304
3.67,0.70144
3.7338,0.69773
4.2342,0.66811
3.3477,0.7261
3.7362,0.7029
3.2861,0.72814
3.4131,0.71725
5.7589,0.60837
4.2977,0.65543
3.3245,0.72691
4.0609,0.68152
6.1052,0.59488
3.2389,0.73332
5.8708,0.60258
3.5331,0.70749
3.3954,0.71767
4.0021,0.68181
3.3018,0.7309
4.1522,0.67691
4.1135,0.67889
4.9325,0.60965
3.9792,0.68753
3.5965,0.70751
3.4981,0.71541
3.4847,0.71365
3.8757,0.69041
3.7645,0.69512
3.9049,0.68705
4.3164,0.66481
3.573,0.70788
3.8865,0.69119
4.0412,0.684
3.6635,0.70439
3.7275,0.69855
3.6501,0.70436
3.6893,0.70117
3.5449,0.71197
3.2101,0.73271
3.526,0.7115
3.504,0.71152
5.5815,0.61527
3.349,0.71841
4.3259,0.66404
4.0692,0.67784
3.3329,0.72046
3.2312,0.7292
3.3432,0.72107
4.0802,0.67783
3.3486,0.72005
3.3293,0.72059
4.0619,0.67876
4.0224,0.6816
4.2836,0.66637
5.7146,0.60891
5.7842,0.60624
5.7761,0.60696
5.8051,0.60642
5.6432,0.61372
5.8353,0.60281
3.9964,0.68044
4.1648,0.67066
4.1339,0.67244
3.2024,0.72682
3.7154,0.69567
4.1273,0.67134
4.0364,0.67853
4.0206,0.6798
4.2826,0.67006
3.5835,0.70825
3.663,0.70142
4.1753,0.67065
4.0289,0.68119
4.0003,0.68113
3.4018,0.71718
3.5794,0.7066
3.5541,0.70497
4.0082,0.68262
3.8914,0.68599
3.8688,0.68875
4.048,0.6814
4.0339,0.67943
3.5312,0.71061
3.6491,0.70186
3.5957,0.70542
3.5371,0.70964
3.5018,0.70988
3.6392,0.7018
3.8217,0.69252
3.7069,0.69923
3.9216,0.6866
3.8633,0.6889
3.7399,0.69787
3.8166,0.69044
3.7951,0.6937
3.7858,0.69539
3.9615,0.68604
3.605,0.70614
3.8149,0.69244
3.7154,0.6972
3.5124,0.70942
4.1029,0.6745
4.1135,0.67548
4.059,0.68064
3.9093,0.68942
3.9728,0.68536
4.0549,0.67954
3.9176,0.68614
3.6286,0.70299
3.6073,0.70349
3.8366,0.69154
3.858,0.69086
3.9107,0.68692
4.1608,0.67403
3.9755,0.68579
4.2617,0.66644
3.9315,0.68853
4.776,0.61931
3.9251,0.68657
3.2655,0.72601
3.297,0.72274
3.359,0.72096
3.5244,0.71344
3.5997,0.70663
3.5223,0.71211
4.1642,0.67327
4.1407,0.67432
3.9829,0.68297
3.8917,0.68667
3.9283,0.68559
3.848,0.6913
4.0098,0.68009
3.9483,0.6829
3.7191,0.69407
3.8222,0.69145
3.7149,0.69794
3.8812,0.69056
5.7093,0.60577
5.5329,0.61602
5.4972,0.61699
5.5768,0.61346
5.3821,0.62272
5.7492,0.60684
5.7625,0.60647
5.5355,0.61824
3.983,0.6827
4.0628,0.67816
5.5879,0.61253
4.1189,0.67461
4.0475,0.68147
1.3398,0.94177
5.8319,0.60465
5.7442,0.60785
5.4863,0.61669
5.5977,0.61119
3.8954,0.68496
5.712,0.60694
3.9076,0.68635
3.7992,0.69499
3.5603,0.70745
3.6882,0.69906
4.0909,0.67765
4.0563,0.6785
4.2117,0.66693
3.5641,0.70355
3.5454,0.70389
4.0923,0.67503
3.7123,0.69496
3.5559,0.70675
4.0488,0.68036
3.6432,0.70071
3.5567,0.70761
4.1693,0.67088
3.2435,0.72818
3.5168,0.71045
4.5255,0.63761
3.4692,0.71347
4.0663,0.67676
3.993,0.68187
3.4761,0.71099
3.9975,0.68029
3.3843,0.71644
3.2759,0.72604
3.4691,0.71187
3.4451,0.71222
4.1133,0.67333
4.2164,0.66705
4.0128,0.67932
4.1448,0.67213
4.0955,0.67508
4.0742,0.67742
3.9543,0.68416
4.107,0.67472
3.9808,0.6824
4.0237,0.67952
4.0739,0.67518
4.0598,0.6768
4.1375,0.67106
3.5276,0.71061
4.1646,0.67266
4.2339,0.66788
4.2298,0.66875
4.1332,0.67291
4.1766,0.66944
4.0367,0.67806
4.2801,0.66148
4.0927,0.67426
4.288,0.66246
4.1313,0.67304
4.0386,0.68098
4.5744,0.63814
4.0348,0.68076
4.0581,0.67737
4.088,0.67668
4.2203,0.66835
4.1644,0.67014
3.9792,0.68179
4.1583,0.67078
4.0568,0.67613
4.0564,0.67873
4.1025,0.67542
4.1025,0.67472
4.032,0.67966
4.0349,0.6792
3.1545,0.73148
4.0569,0.6784
5.5297,0.61667
5.45,0.62071
5.5308,0.61677
5.5767,0.61268
5.4996,0.61533
5.4669,0.61633
5.5684,0.61098
3.6849,0.70117
2.6242,0.78138
5.3615,0.62227
5.3783,0.62233
5.4909,0.61593
4.0706,0.67822
2.7249,0.77761
2.6319,0.78536
2.976,0.75789
4.0688,0.67394
4.2002,0.66708
5.2579,0.62665
5.7416,0.60582
5.4655,0.61899
5.476,0.61724
5.5586,0.61139
5.4301,0.6167
5.3796,0.61891
5.3221,0.623
3.5584,0.70832
5.2415,0.62938
5.3696,0.62279
3.9165,0.68504
3.8267,0.68955
3.9816,0.67865
3.8321,0.68923
4.0077,0.67837
3.8751,0.68834
5.1547,0.63355
3.8577,0.69037
3.9612,0.68309
5.711,0.60478
4.0034,0.67741
3.8291,0.68847
3.9196,0.68532
3.1512,0.73142
4.0026,0.68142
4.1188,0.67232
3.9508,0.68334
4.0077,0.67866
3.4385,0.71357
3.347,0.71862
3.3565,0.71572
3.5208,0.70396
3.4082,0.71304
3.4765,0.70981
3.7532,0.69409
3.5078,0.7075
5.9441,0.59424
5.382,0.62126
5.6723,0.60692
3.3766,0.71639
4.0121,0.68087
5.6002,0.61286
4.0129,0.67832
4.1248,0.66982
5.6627,0.6046
4.1463,0.66825
5.2759,0.62493
3.5807,0.70129
3.0528,0.75609
5.5751,0.61468
5.4052,0.62224
3.9326,0.68751
4.1673,0.67253
5.3784,0.62104
5.2768,0.6266
5.4246,0.61873
5.3505,0.62234
5.5087,0.61462
5.54,0.6131
5.5264,0.61368
5.4018,0.62097
4.0926,0.67556
3.2536,0.72508
4.1027,0.67322
4.0753,0.67462
4.1068,0.67242
2.6064,0.78625
4.0814,0.67432
3.3942,0.71653
3.9895,0.68125
5.1359,0.63324
5.2975,0.62407
4.0427,0.67527
3.7344,0.69186
5.5807,0.60969
3.1329,0.73381
3.4858,0.70959
3.1566,0.73121
4.0927,0.67615
3.1942,0.72833
4.1441,0.66971
3.5926,0.70113
3.2199,0.72736
4.2721,0.65515
3.605,0.70447
4.1551,0.67142
3.1806,0.72703
3.6598,0.69745
4.1598,0.67035
3.266,0.72367
3.3335,0.71861
4.2622,0.66587
4.0589,0.67801
5.1913,0.62827
4.1612,0.66955
3.2984,0.72014
3.9131,0.68208
3.906,0.68254
3.7901,0.69156
3.4073,0.71467
3.3579,0.71802
3.222,0.72717
3.7856,0.69111
3.2263,0.72467
3.2617,0.72241
3.1859,0.72711
3.1412,0.73161
3.3042,0.72051
3.8043,0.69057
3.7287,0.69717
3.7507,0.69418
3.9017,0.68508
3.782,0.69215
3.7098,0.69982
3.5779,0.70818
3.6648,0.70263
3.62,0.70394
3.6483,0.70195
3.7238,0.69495
3.3847,0.71386
4.1075,0.67125
4.0646,0.6744
3.986,0.67942
3.9612,0.68228
3.5184,0.70664
3.4112,0.7161
3.4187,0.71389
3.6202,0.69775
3.4659,0.70822
3.4231,0.71004
3.6402,0.69727
3.3102,0.71812
5.3589,0.62234
3.8442,0.69089
3.7592,0.69666
4.7917,0.64952
4.8831,0.6437
4.7452,0.65054
4.8163,0.64501
4.8982,0.64083
5.1393,0.62908
4.9285,0.64127
4.8356,0.64717
3.9127,0.68503
5.332,0.62277
3.7859,0.6925
5.3454,0.6201
5.1078,0.63099
4.986,0.63741
5.0328,0.63555
3.636,0.70077
3.7474,0.69449
4.8951,0.64306
3.6611,0.70004
3.6189,0.70091
3.8221,0.68719
5.1139,0.63328
3.883,0.6857
4.9237,0.64294
5.1222,0.63201
5.0817,0.63352
4.9289,0.64111
5.1861,0.62689
5.1767,0.62687
6.934,0.52631
5.3371,0.61837
5.2504,0.62493
5.1826,0.62824
5.2305,0.62676
3.1931,0.73149
3.8033,0.69078
3.777,0.69143
3.6473,0.69912
5.2003,0.62544
4.9146,0.64028
5.2373,0.62493
3.9495,0.68159
5.5276,0.61358
5.1125,0.63451
5.4205,0.61854
3.7139,0.69849
5.5026,0.61215
5.2197,0.62541
4.9224,0.63865
5.0028,0.635
3.6331,0.70065
4.9896,0.63602
3.1098,0.73653
5.2424,0.62462
3.9736,0.68066
3.3956,0.7154
5.3829,0.61945
4.9766,0.63942
5.1473,0.63043
3.1317,0.73301
4.8285,0.64488
4.8609,0.64264
4.9278,0.63818
3.3421,0.71654
5.069,0.63206
5.0642,0.63448
4.8501,0.64678
5.0776,0.63512
4.664,0.65691
5.2748,0.62578
3.5213,0.70827
5.1432,0.62878
5.0029,0.63429
2.9954,0.7427
3.9246,0.68234
3.2136,0.72519
5.0659,0.63432
3.1807,0.72939
5.1953,0.62811
5.4602,0.60659
5.2849,0.6224
4.0994,0.67302
3.9883,0.67848
4.2238,0.66416
5.2791,0.62086
5.1795,0.62787
4.9926,0.63829
5.4278,0.61773
5.3068,0.62197
5.1874,0.62636
5.9235,0.59167
3.2003,0.72271
3.21,0.7237
5.4874,0.61358
6.1148,0.57617
5.3636,0.6211
5.2849,0.62575
5.4272,0.61601
5.3373,0.61993
5.3618,0.61707
3.096,0.73205
5.1618,0.62809
5.3809,0.6193
4.915,0.64263
5.4058,0.61895
5.2882,0.62491
5.354,0.62129
3.2205,0.72528
5.3478,0.61431
5.1394,0.62772
4.9095,0.64044
5.1878,0.62687
5.1409,0.63009
5.3735,0.62008
3.262,0.72367
0.26818,1.2655
5.182,0.62765
3.8974,0.68404
3.2638,0.7247
3.2684,0.72541
3.3591,0.71691
3.2685,0.724
3.8579,0.68599
3.6331,0.70126
3.324,0.71867
3.1788,0.72997
3.781,0.68814
3.115,0.73164
3.3143,0.71743
4.274,0.6606
3.9428,0.67932
3.1289,0.72916
3.7924,0.68981
5.2292,0.62491
5.5815,0.60002
3.925,0.67959
5.0609,0.63001
5.285,0.61954
5.1855,0.62419
3.3574,0.7176
5.0871,0.63145
3.5499,0.7046
3.6277,0.69963
3.5747,0.70252
3.8397,0.68483
3.6826,0.69515
3.8288,0.69102
3.8383,0.68835
4.7797,0.64873
1.8243,0.86456
3.2894,0.72031
4.9417,0.63805
5.0699,0.63253
3.7941,0.6934
4.008,0.67872
3.6328,0.70285
3.7346,0.69436
3.8152,0.6866
5.3692,0.61563
5.2601,0.62222
3.1543,0.7293
5.3889,0.61832
3.1992,0.72875
5.1749,0.62934
3.1791,0.72968
5.0679,0.63441
5.0351,0.6356
5.1144,0.63108
3.7143,0.69556
4.9441,0.63951
3.8186,0.69057
3.6642,0.69815
4.8962,0.64311
5.4489,0.61246
3.8835,0.68438
5.4243,0.6178
3.1706,0.73004
4.4667,0.66366
4.0266,0.67643
4.1917,0.66428
3.5435,0.70331
5.0182,0.63336
3.6311,0.69797
5.3418,0.61982
4.9179,0.64094
5.3417,0.61928
3.9155,0.68026
3.8363,0.68372
5.2573,0.62263
4.0974,0.66964
4.0916,0.67152
4.9038,0.6403
3.9258,0.68171
3.3657,0.71263
4.2411,0.66298
3.4395,0.70976
3.3179,0.71805
3.4028,0.71123
3.3286,0.71756
3.202,0.7235
3.792,0.68642
3.9022,0.68204
3.9002,0.68302
3.4562,0.70869
3.459,0.71336
3.9828,0.67873
5.2215,0.62505
3.2042,0.7275
5.5232,0.61066
3.25,0.72346
7.6839,0.48779
5.4312,0.61339
4.0158,0.67454
3.901,0.68209
3.6881,0.69529
2.3027,0.80503
3.8128,0.69093
3.9671,0.67744
3.5972,0.7004
3.1313,0.73127
2.9827,0.73899
4.5104,0.63121
3.1694,0.72748
3.2851,0.7197
3.972,0.68014
5.4868,0.57643
3.4038,0.7146
3.0569,0.73782
3.0017,0.74
4.7776,0.60758
3.2594,0.71954
6.6596,0.5643
3.357,0.71489
3.4473,0.70892
5.112,0.62988
3.9454,0.68163
3.9596,0.67889
3.5708,0.70021
3.7298,0.69002
3.6712,0.69429
3.8581,0.68557
3.8544,0.68741
3.9332,0.6812
3.8153,0.68589
3.8914,0.68051
3.7092,0.6943
3.6836,0.69572
5.202,0.62525
3.8672,0.68424
3.9579,0.67665
3.5366,0.70444
5.0459,0.63278
4.9581,0.63727
5.0873,0.63064
2.3065,0.80401
4.9262,0.63842
3.9752,0.66706
5.0712,0.63182
3.3636,0.7148
3.2329,0.72546
3.4455,0.70855
3.5874,0.70506
5.5425,0.60941
3.1241,0.72805
3.632,0.6977
2.9177,0.7485
3.0511,0.73836
3.0111,0.73733
3.074,0.73415
3.0333,0.73724
5.0151,0.63311
3.0226,0.73794
3.0578,0.7371
3.8604,0.68792
4.2816,0.65637
5.203,0.62611
5.2515,0.62418
4.9851,0.63828
3.0336,0.73863
5.1593,0.62749
5.0919,0.63059
5.1517,0.62676
3.3184,0.71894
3.0417,0.7363
1.3965,0.92229
3.7866,0.68872
3.8484,0.68471
3.2555,0.72205
3.7516,0.69153
4.6768,0.65196
3.0586,0.73909
4.875,0.64142
4.9815,0.63455
5.1085,0.62765
5.1428,0.62689
5.0503,0.63222
5.1581,0.62842
2.9067,0.75272
3.0211,0.74351
3.7152,0.69798
3.7023,0.69788
3.6445,0.70022
3.1567,0.72994
3.2046,0.72578
3.2164,0.72503
3.1312,0.73058
3.0185,0.73822
5.4357,0.61272
3.2402,0.72248
5.1003,0.63075
5.168,0.62794
5.012,0.63669
5.1106,0.63104
4.8749,0.64263
4.9237,0.63806
5.0306,0.6324
4.7824,0.64485
4.7949,0.64411
4.9653,0.63607
5.0211,0.63406
5.3722,0.61941
4.05,0.6656
3.7547,0.69345
3.2861,0.72162
3.9676,0.68062
6.0125,0.54492
3.888,0.68446
3.9537,0.67853
5.4962,0.61085
5.3821,0.61715
5.1297,0.62974
2.3144,0.80328
3.3754,0.71692
3.8789,0.68469
3.6314,0.70122
3.5103,0.70863
3.8084,0.68959
3.7208,0.69703
3.6212,0.70316
3.6725,0.69941
3.6038,0.70281
5.2014,0.6257
3.6539,0.69854
3.6933,0.69536
4.7039,0.64861
3.743,0.69394
3.7618,0.69116
3.3306,0.71591
3.6269,0.69806
3.0975,0.73347
3.1242,0.73253
3.1886,0.72964
3.099,0.73711
3.7356,0.69592
2.9719,0.74493
3.7133,0.69446
3.055,0.73656
5.1945,0.6253
3.6073,0.70012
0.9247,1.0131
5.0539,0.63447
3.5045,0.70835
4.0211,0.67672
3.2193,0.72779
3.0936,0.73427
3.1235,0.7326
0.9672,1.0002
3.1231,0.73134
3.2353,0.72607
3.9981,0.68082
3.6649,0.69915
3.6729,0.69958
3.6941,0.69707
4.6892,0.65197
4.5913,0.65797
3.793,0.69159
3.3895,0.72157
3.6628,0.70188
3.7529,0.69361
5.039,0.63557
5.3689,0.61926
5.1354,0.63138
5.163,0.62866
3.3459,0.71765
4.7229,0.65277
5.9377,0.58008
7.4902,0.49519
3.033,0.74169
5.0248,0.63747
3.0768,0.73577
5.8665,0.58114
5.5547,0.61224
4.8156,0.64776
4.7547,0.65262
5.0321,0.63659
5.1056,0.63241
5.2544,0.62631
5.2262,0.62805
5.3403,0.62339
5.1585,0.63256
5.1066,0.63308
5.2125,0.62775
5.3463,0.62161
3.3377,0.71846
5.2713,0.6259
3.6871,0.7006
3.595,0.70516
3.7172,0.697
4.6202,0.65897
4.7249,0.65427
3.6554,0.70529
5.2018,0.6328
4.8303,0.64999
4.8924,0.64683
4.744,0.6541
4.7468,0.65251
5.0797,0.63607
3.6361,0.70332
3.5613,0.71172
3.8205,0.69247
4.0461,0.66128
5.1092,0.6374
5.0943,0.63869
5.0843,0.64012
3.6683,0.69385
5.1046,0.64018
3.7293,0.7009
3.251,0.73144
5.3949,0.62564
3.0605,0.74469
3.8504,0.69477
3.345,0.72427
3.8848,0.69023
2.5081,0.80049
3.8667,0.69259
3.9182,0.69025
3.3819,0.72244
3.2512,0.73127
3.9848,0.68616
5.3276,0.62792
5.3616,0.6252
3.7887,0.69796
3.709,0.7052
3.9304,0.68877
3.7081,0.70896
3.6613,0.71189
3.8222,0.69946
3.7289,0.70624
3.8079,0.6995
3.8513,0.69564
3.7791,0.70219
3.8343,0.69602
3.8601,0.6948
5.3432,0.62849
5.443,0.62334
5.3641,0.62765
5.2062,0.63733
3.8214,0.69929
3.6552,0.71134
5.2278,0.63717
4.1041,0.68292
5.556,0.62102
5.0836,0.64559
3.9643,0.69326
5.3066,0.63314
3.9608,0.6909
5.2288,0.63588
3.9726,0.68724
3.8668,0.69554
5.4663,0.62408
5.5103,0.62314
5.5092,0.62539
5.3969,0.6307
3.9333,0.69656
5.5731,0.6239
5.3937,0.6307
5.374,0.6313
3.9213,0.69769
5.1055,0.64358
3.9437,0.69655
3.9089,0.6984
5.3121,0.63382
3.2938,0.73431
3.4021,0.72709
3.428,0.72396
3.3424,0.73108
3.9584,0.69558
4.041,0.68936
3.4567,0.72628
5.3638,0.63489
5.4208,0.63017
5.3653,0.63301
5.2566,0.63645
4.1769,0.67921
5.5609,0.62333
5.0288,0.64942
5.5063,0.62823
1.2021,0.97581
5.3637,0.6356
5.5161,0.62734
5.3604,0.63559
3.6443,0.71603
4.1473,0.68404
3.2759,0.74113
3.3176,0.73778
3.4634,0.7244
3.3456,0.73522
3.47,0.72507
3.3422,0.73336
3.7659,0.7099
3.3939,0.73198
1.1714,0.97496
3.3913,0.73158
3.9314,0.70143
3.1064,0.7451
3.0786,0.75411
3.023,0.75545
3.0876,0.75354
3.8879,0.70188
5.3239,0.63671
4.1731,0.68328
3.4767,0.72671
5.3681,0.63517
5.3708,0.63616
3.9611,0.6994
4.1652,0.68696
4.2031,0.68035
3.3838,0.73202
4.3391,0.67415
3.586,0.7173
3.4498,0.73057
3.3712,0.73441
4.1002,0.6904
3.9962,0.69965
4.0052,0.69839
3.5028,0.7234
3.9273,0.70137
3.3327,0.73374
5.8766,0.61299
6.0458,0.60786
5.7683,0.62065
4.4437,0.67152
6.0991,0.60735
6.1195,0.60571
5.6436,0.62548
5.5515,0.6302
5.6316,0.62554
5.5872,0.62715
5.8885,0.61546
4.2179,0.68693
3.5568,0.72333
3.9835,0.70282
3.1975,0.75001
4.0942,0.69395
4.1137,0.69172
3.5204,0.72684
4.1399,0.6894
3.9227,0.70188
5.7718,0.62197
5.9034,0.6163
6.044,0.61202
6.004,0.61528
6.25,0.60434
6.1729,0.60669
6.2267,0.60463
5.8103,0.62051
6.1154,0.60657
4.0501,0.69632
6.1331,0.60638
3.2872,0.7392
4.315,0.68503
4.2106,0.68949
5.9756,0.61828
6.1105,0.6131
3.8225,0.7113
3.6279,0.72119
6.6583,0.57769
3.426,0.73568
6.0705,0.61029
3.662,0.71767
6.1518,0.60761
6.2353,0.604
6.1601,0.60799
3.6311,0.72166
4.0012,0.70375
4.4422,0.67902
4.3989,0.6808
3.6137,0.72215
4.36,0.68113
4.2091,0.69164
3.2679,0.74687
3.3378,0.74229
4.1537,0.69772
3.3117,0.7439
3.4035,0.7372
3.5702,0.72126
5.5168,0.63608
3.7168,0.71578
4.1904,0.69312
4.0357,0.702
3.5302,0.72939
5.8414,0.62354
3.5835,0.7262
5.7087,0.62974
6.0303,0.61765
3.5349,0.73078
5.9531,0.62115
5.9688,0.62158
3.4596,0.73794
4.3346,0.6871
4.345,0.68727
4.2902,0.69102
3.8742,0.7114
3.8593,0.71307
3.9106,0.7102
3.6149,0.72698
4.2588,0.69183
3.6434,0.72686
6.4648,0.60273
6.6553,0.59582
3.4562,0.73969
6.2712,0.61262
4.2913,0.69309
6.3108,0.61074
6.0946,0.61865
6.2828,0.60918
6.3432,0.60581
6.0206,0.62072
6.3534,0.60649
6.4026,0.60475
4.2453,0.69318
6.592,0.59895
6.6272,0.59976
6.5125,0.6052
5.7101,0.63698
6.38,0.61057
6.4753,0.60517
3.9433,0.71244
3.6578,0.72708
6.4949,0.60394
6.6696,0.59723
3.3259,0.7507
6.7003,0.59738
3.4459,0.74294
3.5066,0.73959
3.5768,0.73682
6.6413,0.60165
3.426,0.74625
6.7362,0.59742
6.6805,0.59896
6.5872,0.60313
5.9228,0.62935
3.4903,0.74065
6.6219,0.60137
6.6793,0.5993
6.6489,0.60017
6.1647,0.61991
6.3224,0.61467
6.552,0.60504
5.9382,0.63236
6.0357,0.62759
6.1578,0.62134
4.2489,0.69801
5.8814,0.63128
3.7014,0.7279
5.9649,0.62767
3.7992,0.72307
5.9209,0.63172
6.1151,0.62421
6.2515,0.61947
4.0564,0.71324
6.2931,0.61659
4.2492,0.69965
6.442,0.6104
4.0914,0.70978
4.1326,0.70827
4.388,0.69267
3.3841,0.75133
4.2733,0.69991
3.6396,0.73452
3.5423,0.74102
4.1093,0.70897
4.1549,0.70573
3.9367,0.71905
3.3441,0.75573
3.5478,0.74161
6.6014,0.60768
3.6212,0.73984
3.5713,0.74325
3.5063,0.74628
3.8775,0.71516
3.8502,0.7246
4.288,0.70273
4.056,0.71341
4.3094,0.69966
4.3511,0.69781
4.3655,0.69776
4.3116,0.70272
3.4553,0.75112
4.2233,0.70744
4.3172,0.70179
4.4099,0.69549
4.3664,0.69691
4.3426,0.6977
3.8287,0.72649
4.2979,0.69902
3.732,0.73229
4.4142,0.69423
4.1786,0.70693
3.8413,0.72579
4.0046,0.71512
5.0021,0.65788
4.6828,0.68279
4.6483,0.68343
4.5736,0.68808
4.6843,0.68161
4.6689,0.65952
4.7553,0.67661
4.659,0.68187
4.7123,0.67926
4.5153,0.69032
6.6322,0.60917
4.1366,0.6928
4.6198,0.68641
6.8572,0.60239
3.8708,0.72552
3.7828,0.73095
6.9512,0.5997
4.1922,0.69265
4.8064,0.67759
4.2066,0.7041
4.0422,0.7145
3.9537,0.72133
3.8934,0.72583
4.4606,0.67817
4.089,0.71458
4.1171,0.71309
7.2061,0.5924
7.4976,0.58246
7.318,0.58724
7.3157,0.58684
7.3637,0.58561
4.7093,0.68158
4.6369,0.68565
4.8325,0.67118
5.7829,0.61588
7.4516,0.58459
7.6718,0.57697
3.9313,0.7253
7.0892,0.59735
4.5522,0.69456
3.8703,0.7291
3.7059,0.73928
4.825,0.68029
5.1797,0.66228
4.0197,0.71747
5.0677,0.66797
5.8432,0.62046
5.0319,0.66956
3.8428,0.73078
4.1301,0.71368
4.9357,0.67639
4.8718,0.68054
7.8306,0.56486
4.0709,0.72072
7.1451,0.59857
4.1766,0.71533
4.1058,0.7192
4.688,0.68874
3.9855,0.72051
4.279,0.69807
4.0855,0.71674
3.8948,0.72671
3.9114,0.72802
3.9687,0.72253
4.7675,0.66264
7.9825,0.55143
3.9852,0.72692
3.9352,0.72976
4.0836,0.72119
3.9144,0.73019
3.9971,0.72389
4.4681,0.70073
4.4629,0.69964
3.9698,0.72302
3.973,0.72525
3.9352,0.72661
4.094,0.71612
4.4646,0.68707
5.04,0.67672
7.7779,0.58162
4.7769,0.69034
4.0446,0.72531
7.7416,0.58259
4.1518,0.71717
7.9213,0.57559
8.0398,0.57101
7.3732,0.59473
7.534,0.58868
7.591,0.58609
5.3061,0.656
8.3816,0.54732
4.0255,0.72457
1.5132,0.95543
4.4645,0.70293
4.1974,0.71745
4.1529,0.72064
4.4275,0.69797
4.181,0.71852
4.1074,0.72216
4.0846,0.72348
4.0942,0.72188
4.1105,0.72141
5.1307,0.64546
4.6352,0.68164
3.9937,0.72739
4.8706,0.68621
4.1391,0.7203
4.8818,0.68484
4.1874,0.71774
4.5603,0.68456
4.0593,0.7256
3.9327,0.73448
5.1629,0.67231
4.3572,0.71176
4.5205,0.7042
4.9367,0.68357
5.1832,0.66563
4.286,0.71539
4.4705,0.70289
4.3727,0.71033
4.1428,0.72249
3.734,0.74719
4.6483,0.68422
3.851,0.73876
4.1478,0.72371
4.1407,0.72445
5.2366,0.67279
4.0704,0.72703
7.1372,0.6065
4.9257,0.65505
4.1144,0.72331
4.256,0.71635
4.2713,0.71556
4.2518,0.71647
4.1605,0.72132
4.2398,0.71897
4.1761,0.71215
7.5646,0.59306
4.166,0.72458
4.7614,0.69249
3.9647,0.73361
3.6459,0.75296
5.0243,0.66253
6.0835,0.59434
3.9739,0.73085
4.4295,0.7087
4.2992,0.71196
5.1297,0.67645
5.0919,0.67814
5.104,0.67793
4.7743,0.67825
3.4384,0.76877
4.8882,0.68672
4.2667,0.71713
8.0627,0.57604
7.8253,0.58398
4.5528,0.70296
8.1024,0.57583
4.621,0.69991
4.4946,0.70584
4.4738,0.70431
4.2997,0.71612
7.9485,0.58001
5.4824,0.6619
9.8978,0.50196
6.2454,0.61644
3.9682,0.73378
4.054,0.73079
3.8978,0.73804
4.0102,0.72961
4.0451,0.73027
5.9408,0.59579
10.033,0.49496
7.8442,0.58241
5.0602,0.68299
5.1311,0.67601
4.9104,0.68547
4.1124,0.72683
7.725,0.5872
4.9479,0.68538
5.0235,0.68209
4.1615,0.72189
5.2209,0.67159
5.078,0.68058
4.1571,0.72642
5.1124,0.67908
5.2514,0.67296
4.7936,0.69515
4.8553,0.69113
4.8857,0.68916
5.0157,0.68454
5.1896,0.67628
4.489,0.70418
5.3116,0.64663
7.9559,0.58388
5.1595,0.67573
8.0674,0.57976
4.8514,0.69043
5.1274,0.68072
5.1988,0.66513
6.2244,0.61108
5.6811,0.64485
5.2941,0.67333
5.3507,0.67208
4.1725,0.72776
4.0576,0.73419
4.1786,0.72623
4.0998,0.73085
4.8227,0.67711
4.161,0.72624
5.24,0.67841
5.1543,0.68424
4.6641,0.70461
5.3411,0.67431
5.2386,0.6787
5.4473,0.65172
4.0539,0.73422
5.2873,0.67482
5.3853,0.66873
5.2311,0.67696
5.4198,0.66792
8.1401,0.57851
5.6989,0.61701
6.4444,0.59869
5.0297,0.68564
4.2457,0.7246
8.4712,0.57184
5.5072,0.66625
5.5398,0.66408
4.9168,0.67085
5.6799,0.65559
5.6428,0.65739
4.2762,0.71907
5.1594,0.67679
4.2013,0.72464
5.4826,0.6676
5.6268,0.66214
4.87,0.69536
4.9433,0.69329
4.1833,0.72883
5.2945,0.67623
4.9443,0.68931
4.4929,0.71017
4.133,0.72738
4.0631,0.73262
4.529,0.70897
5.7665,0.64189
4.0384,0.73621
5.1079,0.68493
5.1984,0.6805
5.234,0.67875
5.1561,0.68245
5.1225,0.68325
5.2125,0.67876
4.3384,0.7203
5.4969,0.66635
4.3426,0.72058
5.9211,0.64301
4.1296,0.73429
7.5306,0.60199
4.903,0.6934
4.8111,0.69829
4.8503,0.69548
5.3971,0.67325
6.4355,0.61585
5.6408,0.6595
5.4025,0.67251
4.0493,0.73728
4.1666,0.72956
5.2654,0.67962
4.8186,0.7009
4.7885,0.7035
4.9686,0.69368
5.4289,0.67404
5.4313,0.67367
7.9414,0.59037
5.8861,0.64494
5.4038,0.67442
5.3995,0.67379
5.3297,0.67617
5.1946,0.68419
5.2225,0.68342
6.9716,0.62124
5.4587,0.67259
5.3893,0.67671
5.2887,0.68149
5.5784,0.65479
5.4418,0.67366
7.9424,0.59062
4.5413,0.71395
4.3265,0.72699
4.3421,0.72577
5.5313,0.66995
7.9994,0.58991
8.2912,0.58027
5.6335,0.66407
5.6097,0.66537
5.2856,0.67881
5.1749,0.6853
5.3461,0.67561
5.4929,0.66903
4.7783,0.70239
5.0726,0.68972
5.0512,0.69146
5.6351,0.64651
7.2952,0.5619
4.9277,0.67384
4.1116,0.73731
7.7241,0.59704
4.286,0.72636
4.2904,0.72632
4.9389,0.69621
4.2085,0.73226
4.1554,0.7349
4.2186,0.73065
4.8636,0.69993
5.3264,0.68124
4.0946,0.73918
4.7072,0.71053
4.8278,0.7055
8.2275,0.58435
8.1529,0.58684
5.3513,0.67871
8.1647,0.58604
8.3835,0.57874
8.213,0.58486
8.1227,0.58772
8.1974,0.5855
8.63,0.56949
8.3836,0.57953
5.0439,0.69356
4.1248,0.7378
8.3132,0.58116
8.3598,0.57974
4.6717,0.69581
8.3216,0.58142
8.1961,0.58576
8.2448,0.58397
8.3571,0.58037
4.5141,0.71823
4.5481,0.71623
4.7866,0.7065
4.3385,0.72537
4.2058,0.73364
4.2009,0.73371
4.3235,0.72605
4.2854,0.72919
5.072,0.69164
4.3101,0.72854
5.6258,0.67008
5.633,0.66949
4.1457,0.73703
5.5886,0.66976
4.3625,0.7305
5.2665,0.68408
5.6636,0.66203
5.1714,0.68883
5.3247,0.68192
5.3625,0.67986
5.2545,0.68702
5.2895,0.68476
4.4517,0.72247
4.6463,0.71299
4.1878,0.74116
5.3752,0.68022
5.3537,0.68066
4.2035,0.73492
4.6164,0.71381
5.5372,0.67185
4.2955,0.72921
4.7584,0.70478
4.2376,0.73209
4.3686,0.724
4.2684,0.72893
8.1382,0.58515
7.9011,0.59377
8.3142,0.58397
8.2366,0.58658
8.4808,0.57955
9.1102,0.55552
8.4059,0.58173
5.1117,0.69168
5.1202,0.69136
8.1973,0.58598
5.1353,0.69288
5.3433,0.68102
7.819,0.59905
7.7373,0.60147
5.3568,0.68075
8.1424,0.58916
4.1809,0.73654
5.1296,0.6905
4.1696,0.73787
4.078,0.74322
5.4991,0.67455
4.8815,0.70568
4.8716,0.70499
5.1016,0.69139
4.8745,0.70496
5.1877,0.6921
6.7016,0.59894
5.0613,0.69649
5.1005,0.69501
4.607,0.71811
5.1757,0.69202
4.7532,0.71065
5.1062,0.696
5.4478,0.67534
8.1601,0.58371
8.1242,0.59065
7.5358,0.61094
7.9031,0.59724
4.1439,0.74153
7.9978,0.59607
9.0701,0.55873
6.6621,0.61548
5.5295,0.6782
3.5576,0.77881
5.5754,0.67531
5.8701,0.66106
5.717,0.66804
4.2876,0.73174
