5.2332,0.8823
4.5635,0.91851
4.5161,0.93009
3.1081,1.0126
3.4583,0.99474
3.9673,0.94608
5.4645,0.86838
3.6,0.98808
5.3051,0.87549
3.8594,0.9619
3.878,0.95992
3.8174,0.96498
3.9058,0.96069
3.8496,0.96455
3.9229,0.95828
3.8044,0.96772
3.647,0.98083
3.6509,0.98129
3.5882,0.98694
5.1983,0.88688
5.1698,0.8887
5.0916,0.89318
5.2617,0.88312
5.077,0.89337
4.8043,0.90794
4.4766,0.93002
4.5046,0.92845
4.515,0.92798
4.4449,0.93403
4.492,0.93127
4.6328,0.9184
4.8515,0.90685
4.9404,0.90268
4.9396,0.90359
3.2362,1.0081
4.825,0.91036
4.9639,0.90007
4.9082,0.90016
5.0444,0.89461
5.1983,0.88164
4.9053,0.90103
4.538,0.9199
4.7338,0.90875
3.4633,0.98596
4.8399,0.90562
3.2865,0.99948
4.7808,0.90667
3.6531,0.97494
4.6894,0.91543
5.109,0.88807
5.4827,0.86585
5.2633,0.88109
5.4477,0.86959
5.0144,0.89492
3.6921,0.9739
3.7797,0.96466
3.8092,0.96077
4.9217,0.89642
5.0742,0.88922
3.4831,0.98044
3.6562,0.97408
4.7697,0.90258
4.8741,0.89775
4.8789,0.89507
3.7911,0.95749
3.7545,0.95984
4.6337,0.90855
3.8492,0.95197
4.5436,0.91324
4.3453,0.9239
3.6688,0.96415
4.6559,0.9047
2.5556,1.0571
3.3558,0.98879
3.3981,0.98283
3.1666,1.0045
3.2922,0.99436
3.2098,0.99992
3.1743,1.0027
4.3954,0.91846
3.3239,0.98556
3.3281,0.98533
3.2765,0.99122
3.349,0.98422
3.0081,1.0029
2.9538,1.0082
2.7296,1.0301
2.6399,1.0383
2.6523,1.0369
2.7005,1.0316
3.2081,0.98697
2.8076,1.018
3.0064,1.0065
2.6496,1.0356
4.1432,0.92795
2.673,1.0334
3.2113,0.98896
3.3725,0.97522
3.1587,0.99269
3.4203,0.96885
4.0949,0.92767
3.3349,0.97696
2.6263,1.0334
4.0199,0.9304
3.9465,0.93414
3.3016,0.97783
4.4211,0.90765
3.271,0.97656
4.5102,0.89938
2.5519,1.0356
4.6196,0.89184
2.6412,1.0263
4.1373,0.91669
4.038,0.92228
4.6959,0.88529
4.3521,0.90346
4.5002,0.89256
4.5394,0.89216
2.5448,1.0278
3.3814,0.95868
2.7896,1.0068
2.5575,1.025
2.7158,1.0118
2.5879,1.0238
2.4874,1.0303
2.5999,1.0212
2.6495,1.0149
2.6615,1.0131
2.8404,0.99665
2.7708,1.0021
2.7457,1.0031
2.7093,1.0064
4.1363,0.90527
4.3148,0.89604
3.8079,0.92424
4.5846,0.87739
4.6297,0.87604
3.0125,0.97906
4.5453,0.88056
4.6373,0.87315
4.328,0.89135
4.4828,0.88065
4.5298,0.87721
4.5763,0.87637
4.181,0.9001
4.2596,0.89428
4.5685,0.87332
4.7956,0.86235
4.2455,0.89275
4.3055,0.88849
4.6355,0.86962
4.7127,0.86464
4.637,0.86775
4.6855,0.86442
4.7134,0.86538
4.3306,0.88428
2.5188,1.0126
2.6275,1.0002
3.9532,0.9076
2.7982,0.98926
2.7855,0.9877
3.0646,0.96231
4.261,0.88319
2.6579,0.99612
2.5607,1.0057
3.984,0.90068
2.4937,1.0123
4.0368,0.89615
4.4693,0.87266
4.9167,0.84747
4.3839,0.87848
4.461,0.87306
4.7717,0.85827
4.6011,0.86275
4.2694,0.88284
4.4838,0.86788
4.1762,0.88782
2.2398,1.0331
3.7663,0.91629
4.0168,0.90038
2.3066,1.0285
2.3243,1.0259
2.3028,1.0281
2.242,1.0353
2.3354,1.0244
2.4073,1.0157
2.3584,1.0197
2.3708,1.019
2.3452,1.0213
3.2421,0.94591
2.4456,1.0109
2.4561,1.0095
3.2907,0.94435
2.7653,0.98512
4.0834,0.89249
4.2442,0.88299
3.2013,0.94834
3.9058,0.9022
3.1288,0.95246
3.2021,0.94766
4.005,0.89668
2.4328,1.0093
2.1764,1.0379
3.0229,0.96161
2.4855,1.005
2.4177,1.0113
2.4359,1.0104
2.3185,1.0228
2.3943,1.0134
2.4508,1.0087
2.4614,1.0076
2.5196,1.0009
2.3209,1.0198
2.8868,0.97023
2.9662,0.96228
2.4557,1.0064
4.8124,0.84322
4.3684,0.87307
4.2254,0.88238
4.2987,0.87606
4.3942,0.87077
4.3535,0.87263
4.3591,0.87261
4.4609,0.86665
3.8827,0.89921
4.4407,0.86846
3.9224,0.89835
4.6089,0.85836
4.2257,0.87989
3.3524,0.93275
3.3029,0.93708
3.1995,0.94599
2.3299,1.0172
3.2781,0.93855
3.3683,0.92897
3.2911,0.93503
3.2827,0.93468
3.3349,0.93337
3.2118,0.94198
3.0277,0.95276
2.5864,0.99234
2.6686,0.98307
3.6257,0.91584
2.3731,1.0117
3.4127,0.92659
3.439,0.92698
2.7257,0.97829
2.8387,0.96799
3.1475,0.94427
3.236,0.93832
3.0589,0.95184
3.0945,0.94972
2.4634,1
3.4354,0.92347
3.5375,0.9171
3.5831,0.9142
3.382,0.927
3.5506,0.9159
3.1985,0.94019
3.4844,0.91851
3.3291,0.93158
3.4239,0.92582
3.5565,0.91318
3.4435,0.92096
4.3984,0.86564
3.5872,0.91251
4.4198,0.86472
3.5102,0.9176
3.5444,0.91515
4.446,0.86218
3.4325,0.92433
3.2443,0.93518
3.1652,0.94151
3.2072,0.93848
3.2506,0.93227
3.0352,0.95248
2.8193,0.96649
3.1367,0.94196
3.2536,0.93403
3.1369,0.94362
3.1998,0.93866
2.563,0.99125
2.9902,0.95638
2.4476,1.0042
2.9945,0.95215
2.8993,0.96531
2.9721,0.95704
3.1515,0.94166
3.4638,0.91922
3.2518,0.93465
3.3137,0.93009
3.2118,0.93723
3.2862,0.93149
3.2118,0.93765
3.2668,0.9325
3.159,0.94061
3.2588,0.93329
3.1204,0.94504
3.3053,0.92961
3.1917,0.93879
2.7134,0.97458
2.5859,0.98684
2.5892,0.98523
3.4543,0.92043
3.5336,0.91423
2.5102,0.99453
2.6907,0.97741
2.5716,0.9891
3.614,0.90848
4.6254,0.8504
2.7499,0.97162
4.7084,0.84435
3.254,0.93341
3.866,0.89008
3.4828,0.91558
3.4864,0.91743
3.3766,0.92368
3.5502,0.91228
3.4478,0.91771
3.5535,0.9095
3.534,0.91137
3.4998,0.91394
3.5015,0.91313
3.4734,0.91541
2.916,0.95884
3.0554,0.94568
4.34,0.86348
4.399,0.85894
4.4104,0.85877
4.3393,0.86303
3.378,0.92405
4.5423,0.85386
4.7621,0.84142
4.3898,0.86225
4.4801,0.85778
3.3947,0.92178
2.4463,0.99558
4.2141,0.87158
2.7141,0.97372
2.8117,0.96552
3.2574,0.93093
2.7038,0.97457
2.7417,0.97091
2.6275,0.98206
2.7095,0.97405
3.9667,0.88686
2.7949,0.96651
4.0126,0.88292
3.4117,0.92014
4.1124,0.87658
3.8467,0.89009
3.4855,0.91734
3.7135,0.89987
3.6388,0.90383
3.717,0.89963
3.535,0.9118
3.327,0.92529
3.3716,0.9211
3.2636,0.93039
3.7895,0.89407
3.3485,0.92488
3.1738,0.93713
3.3551,0.92346
2.2051,1.0208
3.2002,0.93507
2.2013,1.0213
2.2404,1.0169
3.3357,0.9254
3.3272,0.92468
3.2459,0.93176
4.4139,0.85933
3.2492,0.93133
3.9096,0.8869
3.5552,0.90682
3.4029,0.91928
4.0276,0.87856
3.5492,0.90783
3.3621,0.92079
3.3692,0.92064
3.3365,0.92363
3.3099,0.92529
3.4511,0.91463
3.7836,0.89079
3.5517,0.90938
2.3148,1.008
2.3395,1.0054
2.3137,1.0087
2.3815,1.0012
2.3699,1.0026
2.323,1.0072
2.3442,1.0051
2.2371,1.0172
2.284,1.0115
2.4095,0.99835
2.3299,1.0062
2.4095,0.99668
2.3366,1.0057
2.2296,1.0176
2.3813,0.99922
2.2349,1.0171
2.3573,1.0037
3.2222,0.93342
2.3656,1.0031
3.3629,0.92139
2.325,1.007
2.3893,1.001
2.3926,1.0007
3.2794,0.92896
3.7069,0.89781
3.4469,0.91702
3.3711,0.92055
3.2252,0.9319
3.2135,0.93266
3.3179,0.92443
3.329,0.92439
3.3604,0.92076
3.2026,0.93238
3.31,0.92469
3.4003,0.91759
3.3241,0.92447
2.7104,0.96937
2.526,0.98794
2.5275,0.98718
2.4309,0.99582
2.5271,0.98678
2.4959,0.99053
3.224,0.93068
3.1832,0.93234
2.4437,0.99475
2.6991,0.97304
3.1298,0.93848
3.0836,0.94103
4.3593,0.85878
3.3137,0.92319
2.4701,0.99018
3.4407,0.91393
3.597,0.90512
3.5949,0.90489
3.5637,0.90718
3.5562,0.90778
3.4084,0.91674
3.46,0.91305
2.3336,1.0041
3.5321,0.90905
4.2541,0.86771
3.964,0.88364
4.0513,0.87972
2.8582,0.96061
4.5589,0.84832
4.672,0.84423
4.7077,0.84094
4.3869,0.85952
2.981,0.95112
4.3351,0.86311
4.5875,0.84824
3.8518,0.8918
4.314,0.86236
3.5051,0.91049
4.1744,0.86957
3.2388,0.92959
4.6401,0.84455
3.3223,0.92433
4.3768,0.86042
4.2962,0.86503
4.5358,0.85066
4.2439,0.86861
4.5615,0.85037
4.4214,0.8583
3.8884,0.88887
2.5296,0.98713
3.8001,0.89507
4.1641,0.87026
4.2103,0.8674
3.134,0.93833
3.1148,0.93929
3.2288,0.93057
2.5883,0.98055
4.098,0.8747
3.1793,0.93445
3.3412,0.91997
4.3479,0.86224
2.837,0.96104
2.7358,0.96995
4.4571,0.8539
4.441,0.85427
4.6247,0.84229
3.128,0.93862
3.2293,0.93097
3.5748,0.90778
2.9811,0.94811
3.1667,0.93477
3.1527,0.93575
2.5898,0.98185
2.0816,1.0327
2.757,0.96398
2.6417,0.97591
4.0894,0.87717
3.9222,0.88411
4.373,0.8598
4.4584,0.85463
4.3904,0.85912
2.6301,0.9783
2.6594,0.97481
2.6987,0.96888
2.5681,0.9839
4.3312,0.86181
2.1587,1.0224
4.317,0.86417
3.2562,0.92793
2.1261,1.0276
2.9949,0.94941
4.1067,0.87555
4.1361,0.87333
4.1768,0.87099
3.8091,0.89184
3.9116,0.88558
2.6373,0.97647
3.2999,0.92385
3.5037,0.91006
4.116,0.87257
3.3789,0.91691
3.4775,0.91096
2.2839,1.0081
2.343,1.0025
4.275,0.86503
2.2497,1.0119
3.4669,0.91181
2.7083,0.96963
3.8868,0.88768
4.0706,0.87671
3.9464,0.88393
3.646,0.89994
3.2602,0.92703
3.9972,0.879
4.008,0.87877
4.1014,0.87298
3.9964,0.88022
3.8285,0.89196
4.0841,0.87414
3.8183,0.89079
3.1429,0.93619
2.2152,1.0165
2.1985,1.0185
2.7382,0.96774
2.292,1.0073
2.7513,0.96576
3.264,0.92569
2.7105,0.96899
3.2004,0.93052
2.3419,1.001
3.322,0.92182
3.0786,0.94104
2.9091,0.95569
3.7357,0.89476
3.2716,0.92399
2.8223,0.95787
3.8743,0.88566
3.2128,0.92894
3.3931,0.91362
4.6547,0.84091
3.3967,0.91705
3.7931,0.89049
4.4567,0.8518
4.6686,0.84047
3.3087,0.92242
3.255,0.92817
4.05,0.87648
4.3104,0.86219
3.3371,0.92262
3.2042,0.93147
3.4571,0.91385
3.2743,0.92551
4.2796,0.8629
3.3605,0.91923
3.1443,0.93576
4.1001,0.87254
2.939,0.95141
2.9886,0.9468
4.1502,0.87287
3.2448,0.92695
4.3398,0.86041
4.0727,0.87451
3.3348,0.92149
3.1197,0.93681
3.6568,0.89874
3.1855,0.93118
2.7485,0.96281
3.3252,0.91986
4.3329,0.86095
3.3216,0.92132
4.182,0.86808
4.2804,0.8618
3.7332,0.89497
4.1666,0.86893
4.4145,0.85592
3.2921,0.92351
3.5159,0.90764
3.1228,0.9349
3.5169,0.90705
4.4931,0.85173
3.227,0.92649
3.1643,0.9332
2.4954,0.98732
2.5595,0.97901
3.1269,0.93525
3.1777,0.93129
3.1499,0.93257
3.0799,0.93989
3.169,0.93233
3.0501,0.94136
3.3271,0.92229
3.2877,0.92598
4.3805,0.85783
3.1729,0.93318
4.0753,0.87453
3.1493,0.93575
4.2524,0.86496
3.118,0.93772
3.1553,0.93433
3.3286,0.92023
3.102,0.93873
2.2328,1.0106
3.2723,0.92501
4.407,0.85551
3.4392,0.91105
3.333,0.9212
3.6267,0.89879
2.3145,1.004
4.4877,0.84882
4.3331,0.85593
4.4602,0.85297
4.2442,0.86264
4.0268,0.87788
4.3247,0.85801
4.1475,0.86944
4.0361,0.87624
3.3546,0.91507
4.7246,0.83673
3.4911,0.90912
3.268,0.92393
4.109,0.87053
4.4847,0.85102
3.3863,0.91513
4.511,0.84827
3.3596,0.91692
3.4999,0.90827
4.2947,0.86001
4.2796,0.86171
2.365,1.0007
4.7277,0.83817
4.3995,0.85782
2.1476,1.0209
4.8441,0.83125
4.3651,0.85606
4.0585,0.8752
2.284,1.0063
4.0012,0.87691
4.1663,0.86939
3.1477,0.93412
2.1984,1.0162
4.2649,0.86364
4.1459,0.8711
4.0862,0.87487
3.8122,0.88991
3.4258,0.91319
3.3178,0.92173
4.0689,0.87429
3.2564,0.92519
3.3384,0.91711
3.096,0.93829
4.0711,0.87125
2.2438,1.0099
4.5317,0.8467
4.8966,0.82497
4.4097,0.85434
4.6191,0.84163
4.5612,0.84597
4.582,0.84492
4.9921,0.81794
5.0125,0.81902
4.7136,0.83765
3.2971,0.92071
2.3469,0.99699
4.6903,0.83946
3.1476,0.93158
3.1165,0.93627
4.4357,0.85458
4.3684,0.85813
2.4596,0.98878
3.0344,0.9434
3.0802,0.93701
3.0168,0.94318
3.3027,0.91985
2.2636,1.0085
3.1264,0.93448
3.2494,0.92535
4.2504,0.85987
3.2571,0.92459
3.2675,0.92456
3.969,0.87985
3.2925,0.92245
4.1692,0.8677
3.4346,0.91062
3.7535,0.89291
3.3621,0.91707
3.263,0.92373
3.1005,0.93736
4.3303,0.85697
3.2038,0.9288
2.4115,0.99371
3.5186,0.90386
3.3103,0.92111
3.2623,0.92403
3.0147,0.94378
4.2822,0.86073
3.139,0.93297
3.1924,0.92874
2.3332,1.0006
2.2849,1.005
3.3684,0.91594
4.3618,0.85821
2.9909,0.94624
2.9051,0.95306
3.0883,0.9372
4.5718,0.8452
3.0846,0.93989
4.4194,0.85578
3.3841,0.91563
4.2439,0.86454
3.1134,0.93543
3.2005,0.92867
2.299,1.0057
2.958,0.95029
2.9484,0.95151
3.2736,0.92454
3.109,0.93726
3.2051,0.92882
4.337,0.85974
3.1312,0.93459
2.9929,0.94683
3.0372,0.94194
3.1556,0.93149
3.1869,0.93017
3.2472,0.92588
3.3538,0.91759
3.4048,0.91348
3.5675,0.90172
3.3393,0.91888
2.5032,0.98413
2.5266,0.98142
2.5894,0.97639
3.2797,0.92209
3.1879,0.9298
3.3049,0.92068
3.2076,0.92926
2.3093,1.0037
4.2035,0.86256
3.3922,0.91536
2.4942,0.98545
3.0875,0.93735
2.5319,0.98231
3.356,0.9164
3.0477,0.94122
2.4357,0.99101
3.3579,0.91902
3.0139,0.94359
4.4127,0.85291
3.0697,0.93833
2.213,1.0122
2.8901,0.95456
3.3213,0.91864
3.0484,0.94146
3.0961,0.93765
4.3647,0.8561
4.4039,0.85426
2.1656,1.0182
2.2155,1.0137
2.3282,1.0027
2.3961,0.99339
2.2627,1.0071
4.5183,0.84783
3.5993,0.90003
2.2268,1.0106
3.7146,0.89385
3.2537,0.92616
3.7063,0.89458
2.126,1.0232
2.2083,1.0134
3.635,0.89942
2.0942,1.0274
3.6639,0.89702
3.4531,0.9104
3.2717,0.92497
3.1147,0.93685
3.0918,0.9395
2.8885,0.95687
3.0135,0.94556
1.9952,1.0417
3.0222,0.94465
2.9975,0.94687
3.1512,0.93302
3.801,0.89249
3.059,0.94121
2.8601,0.9582
4.033,0.87639
3.0537,0.94042
4.4717,0.85399
3.8842,0.88604
3.1466,0.93508
4.306,0.86374
2.0398,1.0346
3.0799,0.93842
2.9089,0.95331
3.1041,0.93641
2.9914,0.94646
3.07,0.93914
3.0108,0.94382
3.1627,0.93298
3.0508,0.94248
2.9275,0.95206
2.954,0.95067
4.0312,0.87739
3.8217,0.89261
4.0206,0.87827
3.0574,0.94238
3.2208,0.92884
3.2658,0.92321
3.5237,0.90437
2.2859,1.0074
3.358,0.91837
3.1967,0.93106
3.2472,0.9264
3.4278,0.91333
3.147,0.9322
3.2724,0.92406
3.1694,0.93227
3.0982,0.9378
3.7926,0.89183
2.161,1.0208
3.1496,0.93354
2.3422,0.99703
2.431,0.98994
2.1775,1.0191
2.3093,1.0027
2.2147,1.0138
2.2314,1.0106
4.554,0.84568
2.4195,0.98936
2.3938,0.9923
2.2566,1.0081
2.2139,1.0131
2.1201,1.0253
2.1545,1.0204
2.1923,1.0158
2.145,1.0211
2.1794,1.0182
2.2976,1.0035
2.2014,1.0151
2.194,1.0162
4.3112,0.86172
2.1189,1.0254
2.1521,1.0209
2.0935,1.0282
2.1451,1.0221
2.1838,1.0167
2.9711,0.94889
1.9833,1.0416
2.005,1.039
2.7228,0.96974
3.0432,0.94196
3.0458,0.9434
3.932,0.88337
2.8846,0.95735
2.6694,0.97474
2.8307,0.96068
2.8353,0.95982
3.0639,0.94141
1.9953,1.0379
2.1176,1.0242
2.8911,0.9557
2.9696,0.94759
2.8926,0.95504
2.8662,0.95679
2.9084,0.95329
2.7839,0.96439
2.8707,0.95702
2.0981,1.0262
3.27,0.92743
3.2213,0.92612
3.216,0.92722
3.3086,0.92053
3.7501,0.89429
3.9094,0.88347
3.0499,0.94186
4.0659,0.8728
2.5831,0.97713
4.0836,0.87055
4.037,0.87502
2.6275,0.97263
3.2267,0.92693
2.1335,1.0247
2.6901,0.9738
2.2795,1.0074
2.0394,1.0356
2.1105,1.0257
2.0489,1.0333
2.1053,1.0262
2.8215,0.96074
2.8572,0.9566
2.1382,1.023
1.9947,1.04
2.0153,1.0374
3.4403,0.91272
3.218,0.92931
2.2444,1.0129
2.3724,0.99861
3.8591,0.88713
3.7562,0.89486
2.3231,1.0049
2.3665,0.99982
2.3519,1.0014
3.1594,0.93059
3.5621,0.90369
2.4523,0.99051
3.1077,0.93709
2.8926,0.95593
3.6728,0.89662
4.1724,0.86608
3.2384,0.92435
3.911,0.88294
4.115,0.87141
4.3011,0.85868
3.9049,0.8854
4.0887,0.87319
4.1158,0.87093
3.3235,0.92029
2.8338,0.95953
2.8083,0.96219
2.0682,1.0301
3.3179,0.92279
1.9709,1.0427
3.9775,0.88296
2.8143,0.96156
1.9441,1.0456
2.8448,0.95861
1.9333,1.047
2.0964,1.0259
2.9545,0.94794
2.257,1.0088
2.336,0.99881
2.1256,1.0246
2.3552,0.99512
2.348,0.99779
3.932,0.88244
3.1418,0.93368
3.8554,0.88716
2.6735,0.96903
3.094,0.9387
3.0854,0.93685
2.9577,0.94786
3.2835,0.91782
2.9153,0.95034
2.9613,0.9468
3.044,0.93953
2.9199,0.95184
2.8356,0.95899
2.042,1.0326
2.2525,1.0084
2.5395,0.98234
2.1211,1.0245
2.0503,1.0328
2.4406,0.99222
4.2371,0.86664
2.9201,0.95329
2.7921,0.96199
2.048,1.032
2.1789,1.0175
2.0545,1.0325
2.1565,1.0196
2.0537,1.0316
2.2352,1.0104
2.2076,1.0127
2.1911,1.0153
2.1099,1.0249
2.0194,1.0361
2.1271,1.0228
2.131,1.0212
3.1678,0.93144
3.1318,0.93369
3.4094,0.91704
2.9931,0.94484
2.9364,0.94948
2.0362,1.0339
2.229,1.0126
3.0342,0.9408
2.9445,0.94844
3.0345,0.9423
3.0106,0.9454
3.002,0.94588
2.9174,0.95115
2.1509,1.0203
2.2255,1.0106
2.0548,1.0331
2.5056,0.98433
2.1698,1.0186
2.096,1.0272
3.8874,0.88525
2.1417,1.0204
2.1211,1.0239
2.0655,1.0301
2.1474,1.0195
2.0683,1.0286
2.0051,1.0375
4.7897,0.83365
2.9459,0.94772
2.0534,1.032
2.0804,1.0283
2.0357,1.0343
2.1156,1.0233
2.0348,1.0346
3.9511,0.88035
2.0292,1.0329
2.0477,1.0319
3.9345,0.8813
1.9975,1.0367
1.9901,1.0384
4.0864,0.87149
2.0873,1.0253
2.3451,1.0018
2.9505,0.94912
2.1182,1.025
2.0385,1.0349
2.8271,0.96177
3.1881,0.9304
3.784,0.89214
3.085,0.93857
3.2641,0.92175
2.3857,0.99296
2.5189,0.98174
3.6295,0.8965
4.02,0.87414
3.4032,0.91462
2.9916,0.94528
4.2303,0.86492
3.2656,0.9238
2.4217,0.9948
2.5233,0.98284
2.4127,0.99424
2.699,0.96533
2.4737,0.98805
2.3379,0.9975
3.2096,0.92736
2.595,0.97609
2.6751,0.96947
2.4711,0.98773
2.1522,1.0191
2.8507,0.95666
2.9041,0.95393
3.0028,0.94322
3.5684,0.90394
3.7798,0.88861
3.009,0.94276
2.7011,0.97032
2.9799,0.9446
3.0743,0.93711
2.9757,0.94522
2.2791,1.0054
2.2531,1.0082
2.5857,0.97525
2.8431,0.95734
2.3302,1.0027
2.3417,1.0014
2.208,1.016
2.375,0.99793
2.4765,0.98556
2.5834,0.97575
2.3922,0.99616
2.3494,1.0003
2.3791,0.99643
2.3714,0.99906
4.6468,0.8423
3.2467,0.92373
2.1994,1.0125
2.038,1.0337
2.137,1.0218
2.168,1.0182
2.2399,1.0092
2.1681,1.018
3.2581,0.925
2.2467,1.0092
2.1207,1.0238
2.1787,1.0169
2.9971,0.94387
3.2324,0.92368
2.971,0.94718
3.0291,0.94143
3.1085,0.93498
3.0746,0.93835
3.1292,0.93334
3.1317,0.93311
3.0219,0.94273
3.1679,0.92928
2.1481,1.019
2.9191,0.95217
2.1608,1.0203
3.1061,0.93543
2.9791,0.94712
3.0127,0.94411
3.1748,0.93016
3.1646,0.93223
2.4174,0.99314
3.0294,0.94364
3.0028,0.94549
3.3436,0.92133
3.84,0.88796
3.4607,0.91254
3.6817,0.89708
4.0159,0.87779
3.065,0.94061
3.506,0.90879
2.5125,0.98532
2.4886,0.98744
2.0651,1.0302
2.9836,0.94668
2.112,1.0247
3.7676,0.8923
3.7348,0.89425
3.5429,0.90617
2.9454,0.95012
3.7537,0.89437
1.8918,1.0516
3.9811,0.88186
2.0033,1.0371
1.9896,1.038
2.0817,1.028
2.0327,1.0342
3.8242,0.88938
2.2623,1.0096
1.9384,1.0455
1.9859,1.039
3.1778,0.93129
2.002,1.038
3.1246,0.93529
2.9921,0.94614
3.0274,0.94336
3.1442,0.93116
3.1075,0.93556
4.1584,0.86713
2.9958,0.94436
3.1188,0.93551
3.126,0.9343
2.9275,0.95116
3.2654,0.92431
3.2506,0.92282
4.3714,0.8496
2.9804,0.94501
3.9277,0.88112
4.3381,0.85886
2.1744,1.0159
4.391,0.85507
4.3969,0.85447
4.4947,0.84765
3.5444,0.90635
2.949,0.9486
3.0054,0.94362
3.0138,0.94299
2.9528,0.949
2.892,0.95285
2.0166,1.0354
3.1114,0.93496
3.9302,0.8817
2.9734,0.9471
3.9338,0.88107
2.9375,0.94916
3.1227,0.93564
3.0568,0.94156
3.3535,0.91704
3.3756,0.91512
2.0652,1.0286
2.0695,1.029
2.2362,1.0092
2.1922,1.0128
2.9307,0.94848
2.1488,1.0192
2.2101,1.0121
2.1161,1.0229
2.082,1.0266
2.1321,1.0208
3.0487,0.94169
3.2369,0.92558
3.1188,0.93664
4.011,0.87819
3.129,0.93265
2.9366,0.94913
3.4662,0.91115
3.0229,0.94256
2.8745,0.95504
2.5739,0.97768
2.9378,0.94969
3.0355,0.94166
3.755,0.8887
3.6091,0.89814
4.8324,0.83272
3.2089,0.92599
4.6377,0.84238
4.6406,0.84211
3.3685,0.9164
4.9448,0.82635
4.324,0.85834
2.953,0.94624
2.8568,0.95558
4.1935,0.86671
4.0033,0.87778
3.077,0.93804
2.8953,0.95212
2.8847,0.95221
3.6346,0.90152
3.3313,0.91775
3.0829,0.93816
3.1522,0.93205
3.1667,0.93031
2.6797,0.96962
2.9461,0.94767
2.6442,0.97416
2.9668,0.94653
2.897,0.95276
2.9165,0.95017
1.9351,1.0437
2.9434,0.94781
3.0603,0.93755
3.0209,0.94064
3.101,0.93394
2.93,0.94838
2.1268,1.0205
2.9319,0.94816
2.1947,1.0122
3.0946,0.93487
3.0996,0.93521
2.7566,0.96392
2.7353,0.96609
3.0696,0.93767
3.1369,0.93009
2.8917,0.95128
2.9217,0.94759
2.9429,0.94683
3.1787,0.92896
2.9544,0.94557
3.0297,0.93923
2.0746,1.0262
2.2679,1.0043
3.2825,0.91983
3.1266,0.93343
3.1361,0.93207
3.1305,0.93266
3.1796,0.92748
3.2313,0.92302
3.223,0.92393
3.5147,0.90243
3.089,0.93587
3.0209,0.93875
4.0426,0.87175
2.8936,0.94954
4.5658,0.84245
2.7547,0.96147
3.0116,0.93792
3.0379,0.93604
3.0497,0.9345
3.2384,0.91756
2.8041,0.95691
3.1607,0.92617
3.1243,0.92841
3.0782,0.931
2.0965,1.0204
2.0151,1.0305
2.1819,1.0097
2.0785,1.0227
2.2025,1.0069
2.1836,1.0091
3.0026,0.93801
3.0644,0.932
2.2263,1.0041
2.2712,0.99829
2.187,1.0089
2.2135,1.0053
2.416,0.9838
3.0193,0.93473
2.995,0.93568
3.0213,0.93326
3.0703,0.92848
2.7055,0.95586
3.3498,0.90791
3.3695,0.90388
2.8595,0.94098
3.2628,0.91195
2.5619,0.96811
2.6101,0.96262
3.2962,0.91007
3.3714,0.90373
3.0376,0.92927
2.8339,0.9459
2.684,0.95846
2.8039,0.94786
3.1339,0.92099
4.5829,0.83219
3.0126,0.9284
2.9114,0.93654
2.8979,0.93696
2.859,0.93994
2.987,0.9284
3.0682,0.9215
3.4368,0.89334
3.1283,0.91572
3.2291,0.90882
3.2932,0.90389
3.1663,0.91156
3.4318,0.89312
3.1105,0.91521
3.0343,0.92148
2.8384,0.93646
3.1991,0.90677
2.9249,0.92806
3.0844,0.9155
2.8074,0.93514
3.601,0.88072
3.211,0.90353
2.7962,0.9341
2.8746,0.92556
2.9474,0.91964
2.6481,0.94633
2.7079,0.94048
4.8507,0.80574
3.1335,0.90519
2.5824,0.94798
3.2779,0.89531
3.3452,0.88913
3.2581,0.89531
3.2618,0.89427
3.3851,0.88503
3.1164,0.90409
3.2796,0.89054
3.3769,0.88266
3.42,0.87891
3.4835,0.8735
3.0674,0.90462
4.441,0.8195
4.1143,0.83761
3.5744,0.86701
3.4049,0.8788
3.1499,0.89601
3.144,0.89741
3.1517,0.89622
3.0925,0.90006
3.0419,0.90257
4.1304,0.83267
3.2351,0.88573
3.2404,0.88493
2.5195,0.93941
4.4515,0.81183
4.344,0.81587
2.9197,0.9066
3.2075,0.8821
3.4086,0.86802
3.1361,0.88748
4.5378,0.80223
4.4957,0.80484
2.5541,0.92996
4.665,0.79487
4.5475,0.80067
3.1349,0.88427
3.2153,0.87704
2.9493,0.89656
3.1871,0.87709
2.9066,0.89925
3.3398,0.86479
2.9963,0.89112
3.2311,0.87164
3.0762,0.88357
3.1391,0.87719
3.0904,0.88118
2.2916,0.94647
2.7452,0.90555
2.4986,0.92448
2.5988,0.91474
2.4261,0.93094
2.4515,0.92777
3.3441,0.8577
3.3508,0.85728
3.1998,0.86759
2.378,0.93321
2.2975,0.94089
2.4592,0.92362
2.4596,0.9225
3.2263,0.86215
3.0533,0.87376
3.2983,0.85401
3.121,0.86813
2.9853,0.87826
3.1284,0.86633
3.008,0.87491
2.891,0.88495
2.8938,0.88264
3.0672,0.86969
3.0799,0.86945
2.9925,0.87637
2.5218,0.91238
2.472,0.9172
2.6766,0.89816
2.6536,0.89893
2.6517,0.89911
2.6956,0.896
3.9479,0.81182
2.5534,0.90858
4.0024,0.80778
2.6177,0.90072
2.7824,0.8869
3.0269,0.86756
2.384,0.92096
2.4279,0.9182
2.4875,0.91182
2.5039,0.90882
2.5357,0.90554
2.3657,0.91973
2.828,0.87661
2.6389,0.89116
2.7951,0.87962
2.8815,0.87153
2.8304,0.87653
2.9188,0.86865
2.7228,0.88447
2.8295,0.87475
2.9416,0.86373
2.8897,0.86767
2.7806,0.87672
2.8651,0.86806
2.6483,0.88721
2.7213,0.88002
2.7741,0.87482
2.5682,0.89275
2.3064,0.91863
2.2811,0.92065
3.6962,0.80945
3.7237,0.80766
2.6341,0.88373
2.5529,0.89103
2.6765,0.87913
3.0622,0.84805
2.7909,0.86605
2.6154,0.88207
2.4795,0.89557
2.4348,0.899
3.6863,0.80529
3.6657,0.80623
2.6008,0.8815
3.4835,0.81977
2.6996,0.87308
3.3859,0.82583
3.759,0.79955
2.3858,0.90095
3.3878,0.82303
2.4803,0.89114
2.3677,0.90172
2.4532,0.89075
3.406,0.81867
3.5935,0.8067
3.2391,0.83073
2.3653,0.89797
2.1752,0.91654
2.211,0.91267
2.3915,0.89396
2.5076,0.88301
2.4953,0.88308
2.3542,0.89732
2.254,0.90708
2.1297,0.91795
2.1852,0.91081
2.2829,0.90197
1.8682,0.94643
2.0056,0.92921
1.8865,0.94125
1.8075,0.95271
1.9337,0.93677
1.8055,0.95138
1.8683,0.94308
3.0459,0.83782
2.8849,0.84797
1.71,0.96238
1.9234,0.93572
2.2309,0.90169
2.3011,0.89418
2.3372,0.88867
2.3893,0.88321
2.2553,0.89578
2.3519,0.88555
2.099,0.91168
2.116,0.90933
2.3357,0.88667
2.0613,0.91489
2.1972,0.90033
2.1707,0.90309
2.0433,0.91764
2.2436,0.895
2.0974,0.91019
2.078,0.91281
2.3257,0.88547
2.0035,0.91986
2.2369,0.89304
2.1201,0.90546
2.1005,0.90712
2.0027,0.91804
2.1827,0.89812
2.0889,0.90797
2.0591,0.90978
2.2545,0.88775
1.987,0.91779
1.9712,0.92135
1.9884,0.91638
1.9054,0.92555
2.0369,0.90973
1.9508,0.9195
2.0359,0.90948
2.0809,0.90403
2.0338,0.90727
1.753,0.94151
1.9479,0.9156
1.7055,0.94521
1.7146,0.94255
1.7637,0.93544
1.7891,0.93169
1.6267,0.95516
1.6177,0.95686
1.7685,0.93383
1.7146,0.94028
1.6948,0.94395
1.5694,0.96105
1.6175,0.95388
1.6819,0.94376
1.7549,0.933
1.9568,0.91098
1.5891,0.95625
1.6124,0.95117
1.948,0.90986
1.7506,0.92979
1.6353,0.94648
1.6441,0.94326
2.1597,0.88338
1.5147,0.96263
1.5308,0.95954
1.8665,0.91753
1.7658,0.92543
1.7354,0.93023
1.6067,0.9468
1.703,0.93309
1.6127,0.94488
1.6756,0.93569
1.6587,0.93606
1.6594,0.93785
1.7347,0.92617
1.5123,0.95932
1.7941,0.92232
1.5547,0.95378
1.6203,0.94306
1.5671,0.95083
1.7032,0.9297
1.637,0.93887
1.5582,0.95101
2.1842,0.87836
2.2585,0.8695
1.6452,0.9367
2.2557,0.86923
1.5286,0.9546
1.5085,0.95767
1.5775,0.94646
2.1857,0.87681
1.5609,0.94854
2.1494,0.87941
2.1164,0.88109
2.2679,0.86471
1.5659,0.94526
2.1984,0.87098
1.4843,0.95727
2.1752,0.8737
2.0593,0.88518
2.1118,0.87899
2.0856,0.8808
2.254,0.86401
1.5495,0.94417
2.4018,0.84687
1.5593,0.94271
2.3052,0.8576
2.3271,0.85296
2.2865,0.85757
2.2205,0.865
2.4043,0.84524
2.4724,0.83752
2.5086,0.83237
2.4516,0.83647
1.5973,0.9335
1.6783,0.92113
1.4963,0.94835
1.7005,0.91935
1.6021,0.93109
2.0554,0.87557
2.1075,0.86826
2.2274,0.8566
2.3012,0.84998
2.3025,0.85033
2.4069,0.839
2.2745,0.85129
1.7676,0.90738
1.685,0.9182
1.8787,0.89656
1.7624,0.90725
1.7638,0.90653
1.598,0.92997
1.6312,0.92609
1.5964,0.93141
1.6806,0.91867
2.2657,0.85321
1.6263,0.92586
2.4197,0.83762
2.3684,0.84297
1.5783,0.93298
2.3214,0.84616
2.3524,0.8425
2.2874,0.84989
2.2158,0.85802
2.2418,0.85585
1.6725,0.92101
2.2523,0.85557
1.7024,0.91613
1.7152,0.91455
1.7764,0.90494
2.1957,0.8595
2.1901,0.86142
2.1124,0.86762
1.7896,0.9017
1.7414,0.90819
1.6363,0.92352
1.711,0.91344
1.7836,0.90309
1.6712,0.91941
1.6344,0.92488
1.667,0.91979
1.7054,0.91454
1.9679,0.88478
2.0571,0.87629
2.2358,0.85573
2.1608,0.86303
1.9462,0.88521
3.1136,0.78171
2.9025,0.79909
2.5975,0.82346
2.0413,0.87689
1.5627,0.93592
1.7968,0.89937
1.6303,0.92323
1.8409,0.89536
1.7904,0.9014
2.0389,0.8698
1.7193,0.91093
1.7436,0.90851
1.6081,0.92763
1.6567,0.91971
1.905,0.88791
1.8288,0.89781
1.8696,0.89188
1.7635,0.90626
1.7002,0.91395
1.9506,0.88354
2.0349,0.87458
2.1594,0.86051
2.0244,0.87594
1.8556,0.89421
2.2032,0.85688
1.6544,0.92101
1.8561,0.8949
1.5985,0.92823
1.5441,0.93669
1.9099,0.88753
1.6997,0.91531
1.708,0.91311
1.9033,0.88761
1.9346,0.88432
1.9523,0.88289
1.9102,0.88893
2.0728,0.86884
1.8581,0.89447
1.9262,0.88611
2.1064,0.86428
1.9899,0.8781
2.0922,0.86486
1.8044,0.89776
1.8143,0.90009
2.0577,0.87151
2.0714,0.86942
1.8097,0.89858
1.7993,0.90088
1.8303,0.89777
1.6822,0.9165
1.571,0.9324
1.5424,0.93565
1.927,0.88538
1.8373,0.89621
1.9782,0.87978
1.9841,0.87832
1.9945,0.8771
1.8232,0.8979
1.9887,0.87797
1.9721,0.88093
1.8041,0.90153
1.9813,0.87768
1.8232,0.89717
2.1595,0.8583
2.0102,0.87553
1.9944,0.87556
1.9706,0.87909
1.7801,0.90285
1.7479,0.90703
1.7812,0.90298
1.7112,0.91051
1.6269,0.92194
1.6706,0.91753
1.6088,0.92539
1.6505,0.91809
1.8061,0.8977
1.7645,0.90387
1.9602,0.88108
1.7545,0.90585
1.5554,0.93512
1.7179,0.91421
1.4808,0.94712
1.6749,0.91765
1.5473,0.93634
1.4823,0.94503
1.7095,0.91127
1.7996,0.89783
1.7021,0.91204
1.7641,0.90419
1.961,0.87907
1.7623,0.90488
1.4125,0.95734
1.6889,0.91656
1.7153,0.91263
1.7616,0.90603
1.7062,0.91073
1.581,0.92809
1.5728,0.92872
1.648,0.9186
1.4838,0.9437
1.593,0.9267
1.5758,0.9274
1.5565,0.92982
1.7783,0.90034
1.8363,0.89291
1.9032,0.88427
1.9029,0.88382
1.8777,0.88784
1.9029,0.88403
1.841,0.89271
1.8183,0.8949
1.7947,0.89798
1.7406,0.90477
1.7357,0.9057
1.7443,0.90323
1.7132,0.90776
1.6965,0.90997
1.9148,0.88227
1.6429,0.91718
1.6889,0.91087
1.4723,0.94392
1.8702,0.88867
2.1918,0.85332
2.1695,0.85669
2.0953,0.86405
2.1558,0.85765
1.7096,0.90828
1.679,0.91515
1.5936,0.9265
1.6565,0.91653
1.6108,0.92299
1.6699,0.9137
1.5766,0.92781
1.6654,0.91567
1.7094,0.90905
1.7384,0.90455
1.7345,0.90581
1.8068,0.89618
1.7773,0.90051
2.386,0.83899
1.8237,0.89447
2.3493,0.83901
2.2565,0.84918
2.0763,0.86679
2.0125,0.87205
1.7742,0.8999
2.0557,0.86827
1.791,0.89775
1.7261,0.90712
2.9455,0.78964
2.0428,0.86999
1.6945,0.91226
1.7892,0.89909
1.8139,0.8969
1.6275,0.92154
1.6619,0.91559
1.7617,0.90216
1.7903,0.89838
1.7185,0.9074
1.7629,0.90166
2.0682,0.86426
1.9082,0.88251
1.8368,0.89237
1.891,0.88754
1.9522,0.87946
2.1749,0.85346
1.9282,0.88266
1.8226,0.89445
1.9709,0.87648
1.9036,0.88425
1.8991,0.88524
1.8621,0.89131
1.9407,0.88184
1.9223,0.88176
1.998,0.87292
1.95,0.87744
2.131,0.85846
1.8154,0.89568
1.7682,0.90193
1.925,0.88102
1.9705,0.87643
2.0028,0.87373
1.9845,0.87561
1.868,0.88839
1.8551,0.89064
1.8856,0.88498
1.8127,0.8946
1.791,0.89914
1.9783,0.87725
1.709,0.91049
1.9665,0.87784
1.8315,0.89309
1.9316,0.87968
2.1107,0.86012
2.1355,0.85598
2.2316,0.84755
2.2766,0.84143
2.1046,0.85892
2.1885,0.84966
1.8313,0.89254
1.823,0.89489
2.027,0.86918
1.7202,0.90789
1.9085,0.88312
2.0176,0.87028
1.8326,0.89199
1.6773,0.91317
1.811,0.89405
1.8333,0.89068
1.7881,0.89757
1.7278,0.90488
1.7599,0.90296
1.8035,0.89662
1.8366,0.8929
1.987,0.87414
1.8667,0.8885
1.8965,0.88305
2.0855,0.86043
1.9288,0.88047
1.9236,0.88085
1.9703,0.87272
1.8882,0.88288
1.769,0.89917
1.8822,0.88709
1.8027,0.89785
2.088,0.86301
2.1625,0.8554
1.8104,0.89652
1.7955,0.89864
1.9445,0.87951
1.7779,0.90135
2.0669,0.86416
1.8891,0.88641
1.8907,0.88549
1.9745,0.87562
2.0614,0.86398
1.9711,0.87486
1.896,0.88469
1.8327,0.89272
2.1213,0.85799
1.8262,0.8932
1.9201,0.88208
2.0139,0.87131
2.1448,0.85587
1.9004,0.88486
1.8729,0.88695
2.2722,0.84014
2.2166,0.84813
2.022,0.86924
1.8431,0.89081
1.8374,0.89192
1.7969,0.89731
1.9108,0.88327
1.9918,0.87275
2.0119,0.86915
2.0248,0.86886
1.9575,0.8754
1.8612,0.88723
2.1047,0.85716
1.7005,0.9107
1.762,0.90327
1.7963,0.89802
1.9057,0.8838
1.9322,0.88083
1.998,0.87277
1.8531,0.89106
1.78,0.9
1.8874,0.88555
1.8762,0.8868
1.9771,0.87573
1.865,0.88892
2.0971,0.85983
2.0749,0.86313
2.3981,0.82876
1.9791,0.87467
1.9278,0.87911
2.0289,0.86926
2.0548,0.86545
2.0106,0.8695
2.0965,0.86044
2.283,0.84037
2.0687,0.86337
2.2971,0.8369
1.6608,0.9133
1.8004,0.89422
1.6977,0.90746
1.7338,0.90365
1.7903,0.89696
1.836,0.88945
1.8535,0.89034
1.804,0.89592
1.7843,0.89609
2.0299,0.86807
1.7955,0.89601
1.821,0.89007
1.8583,0.88819
2.0596,0.86431
2.1719,0.85206
2.1183,0.85833
1.9488,0.87704
1.9213,0.881
1.8043,0.89505
1.953,0.87635
1.8803,0.88562
1.9558,0.8768
1.9995,0.87182
1.927,0.87955
2.0566,0.86357
2.0498,0.86385
1.8404,0.89109
2.0217,0.86841
2.0809,0.86168
1.926,0.87899
2.0127,0.86808
1.9072,0.8815
1.9707,0.8741
1.8087,0.89399
1.887,0.88429
2.0057,0.86991
1.7352,0.9051
1.8329,0.89217
1.8432,0.8911
1.8472,0.89015
1.6374,0.91665
1.7099,0.90643
1.7863,0.89573
1.7588,0.9001
1.7242,0.90422
1.8718,0.88641
1.7763,0.89828
1.847,0.88981
1.7222,0.90676
1.7884,0.89764
2.0191,0.86879
1.9962,0.8713
1.834,0.89185
1.9301,0.8795
1.9456,0.87672
2.1059,0.8567
1.9557,0.87584
1.8815,0.88491
2.0575,0.86523
1.9465,0.87808
1.8326,0.89208
1.8268,0.89314
1.8911,0.88312
1.8471,0.88882
1.9333,0.87868
1.9119,0.87985
1.8657,0.88615
1.8194,0.89224
1.8575,0.88634
2.0804,0.86045
2.0142,0.86853
2.0173,0.86736
1.9501,0.87771
1.879,0.885
1.8818,0.88456
1.8188,0.8922
1.8754,0.88448
1.8557,0.88758
1.7975,0.89442
1.912,0.88065
1.8732,0.88392
1.9296,0.87695
1.9565,0.87359
1.8955,0.88249
1.7258,0.90832
1.7899,0.8988
1.7021,0.90992
1.7073,0.90815
1.913,0.88326
1.8211,0.8922
1.7013,0.91027
1.8484,0.88941
1.7241,0.90591
1.6208,0.91889
1.6419,0.91536
1.7541,0.8999
1.6486,0.91573
1.8178,0.8935
1.7185,0.90625
1.9921,0.87088
1.9502,0.87537
1.963,0.87476
1.802,0.89365
1.7852,0.8954
1.9304,0.87734
1.8345,0.88967
1.9017,0.88163
1.965,0.87351
1.7248,0.90588
1.8191,0.89296
1.769,0.8984
1.8774,0.88478
1.9631,0.87475
1.8167,0.89074
1.8725,0.88505
1.8621,0.88738
1.9291,0.87932
1.7249,0.90501
1.7108,0.90745
1.754,0.90181
1.8921,0.88234
1.7434,0.90302
1.7227,0.90545
1.8943,0.88229
1.6589,0.9131
1.7347,0.90336
1.9329,0.87699
1.9442,0.87581
1.865,0.88652
1.8139,0.89348
1.8252,0.89078
1.9897,0.86937
1.5435,0.92926
1.5035,0.93622
1.6,0.92195
1.7926,0.89317
1.726,0.90231
1.744,0.89899
1.8224,0.88918
2.0417,0.86267
1.8436,0.88568
1.6695,0.90958
2.0406,0.86139
1.9751,0.86969
1.9149,0.87784
1.9953,0.86936
1.9412,0.87538
1.8948,0.88118
2.034,0.8644
1.8381,0.88837
2.0022,0.86819
2.0229,0.86497
2.0584,0.86192
1.8948,0.88178
1.8319,0.88954
1.9921,0.86782
2.0732,0.86028
1.7402,0.89982
1.814,0.89028
1.8614,0.88529
1.7975,0.89278
2.0043,0.8658
1.7645,0.89653
1.7499,0.89962
1.7655,0.89699
1.6224,0.91708
1.6205,0.91853
1.5252,0.93234
1.9813,0.87235
1.9567,0.8735
1.8074,0.89131
2.0171,0.8643
1.8519,0.88515
2.0478,0.86142
2.1435,0.85188
1.9192,0.877
1.9643,0.87149
2.3123,0.83154
2.0033,0.86685
1.9591,0.87272
1.9353,0.87846
1.73,0.90199
1.814,0.89152
1.5712,0.92521
1.7646,0.898
1.7089,0.9054
1.8817,0.88159
1.6773,0.90912
1.8598,0.88473
1.8239,0.88882
1.8964,0.87991
1.8991,0.88004
1.725,0.90356
1.8908,0.87975
1.8471,0.88382
1.7312,0.90164
1.7673,0.89574
1.8568,0.88588
1.8933,0.88024
1.917,0.87542
1.8092,0.88961
1.9804,0.86925
2.0769,0.85706
1.8084,0.8892
1.7536,0.89768
1.9243,0.8776
1.737,0.90161
1.6967,0.90823
1.7003,0.90766
1.8536,0.88661
1.7879,0.89509
1.7453,0.90109
1.8373,0.88651
1.6975,0.906
1.9469,0.87389
1.8912,0.88219
1.7808,0.89707
1.6668,0.9108
2.0462,0.86475
1.9159,0.8792
1.6293,0.91681
1.7363,0.90111
1.6638,0.9124
1.7709,0.89781
1.9201,0.876
1.6353,0.91265
1.8073,0.89085
1.8367,0.88654
1.8043,0.89353
1.7288,0.90293
1.8019,0.89363
1.8336,0.89018
1.6721,0.90915
1.7341,0.90044
1.8893,0.88086
1.5883,0.92087
1.8591,0.88378
1.8984,0.87977
1.7833,0.89316
1.7861,0.89256
1.7736,0.89465
1.8728,0.88285
1.7598,0.89641
1.8122,0.89126
1.6902,0.90614
1.8378,0.88666
1.8901,0.8799
1.6524,0.91184
1.8196,0.88991
1.7666,0.8963
1.7397,0.8986
1.8061,0.89099
1.6942,0.90663
1.6521,0.91441
1.7486,0.90012
1.629,0.91506
1.802,0.89137
1.8287,0.88855
1.8319,0.88821
1.7706,0.89531
1.754,0.89703
1.7934,0.89214
1.6277,0.91436
1.7459,0.89948
1.9026,0.88065
1.91,0.87884
2.0146,0.86742
1.8482,0.88624
1.7156,0.90288
1.6824,0.90685
1.7913,0.89411
1.8712,0.88459
1.986,0.87195
1.8835,0.88307
2.002,0.86886
1.7671,0.89573
1.9374,0.87459
2.0529,0.86068
1.9998,0.86701
1.7593,0.89795
1.6851,0.90642
1.9022,0.87854
1.9533,0.87216
1.8508,0.88515
2.0338,0.86203
2.0603,0.85998
1.9818,0.86786
1.9287,0.87467
1.679,0.9075
1.7871,0.8947
1.6931,0.90507
1.5882,0.92083
1.8481,0.88492
1.7218,0.90298
1.7991,0.89111
1.8034,0.89026
1.6899,0.90677
1.7023,0.90515
1.7817,0.89517
1.7351,0.9009
2.0367,0.86257
1.914,0.87658
1.8265,0.88811
1.8592,0.8823
1.7359,0.89811
1.8733,0.88136
1.7343,0.89846
1.7546,0.89553
1.6777,0.90651
1.8846,0.8789
1.6408,0.9121
1.8044,0.88985
1.8584,0.88438
1.8173,0.88719
1.9618,0.8712
1.7966,0.89157
1.8766,0.88264
1.9438,0.87377
1.8323,0.88567
1.8241,0.88767
1.787,0.89326
1.8534,0.88317
1.822,0.88707
1.8498,0.88278
2.0053,0.86528
1.9323,0.87456
1.9491,0.87396
1.9499,0.873
1.8699,0.88257
1.8876,0.88001
1.9629,0.86989
1.8479,0.88532
1.9045,0.87735
1.916,0.87668
1.9274,0.87465
1.9058,0.87635
1.7517,0.89541
1.8872,0.88016
1.7099,0.90239
1.808,0.88968
1.7307,0.89989
1.6792,0.90658
1.8864,0.87996
1.7164,0.90128
1.8019,0.88991
2.0226,0.86585
1.8649,0.88184
1.7037,0.9025
1.634,0.91266
1.6115,0.91493
1.767,0.89351
1.6844,0.90568
1.7939,0.89112
1.8045,0.89029
2.0154,0.86665
1.7731,0.8943
1.7354,0.89975
1.8275,0.88785
1.7359,0.89899
1.8032,0.88979
1.6488,0.91095
1.7341,0.89641
1.6414,0.91122
1.6155,0.91524
1.6689,0.90864
1.7771,0.89394
1.6975,0.90412
1.7718,0.89336
1.7876,0.89178
1.695,0.90397
1.6375,0.91122
1.7107,0.90243
1.7264,0.90101
1.9414,0.87445
1.9379,0.87562
1.7969,0.89202
1.811,0.89076
1.7892,0.89349
1.7857,0.89073
1.7126,0.9005
1.7623,0.89469
2.0089,0.86447
1.7524,0.89569
1.7025,0.90101
2.3594,0.83046
1.8785,0.88062
2.0131,0.86451
2.0307,0.86273
1.8825,0.87929
1.7018,0.90373
1.6691,0.90843
1.7942,0.89106
1.7922,0.89041
1.6597,0.90808
1.7453,0.89489
1.7207,0.89928
1.7744,0.89453
1.8649,0.88211
1.7952,0.89144
1.9241,0.87577
1.7607,0.89533
1.7657,0.89335
1.9375,0.87351
2.1063,0.85404
1.7683,0.89334
2.0358,0.86125
1.98,0.86807
1.8884,0.88039
1.9597,0.87012
1.7255,0.89844
1.9946,0.86702
2.106,0.85645
1.7201,0.89966
2.2831,0.8354
2.0492,0.85852
1.8807,0.87826
2.0455,0.85824
2.0168,0.863
2.0897,0.85633
1.9898,0.86654
1.757,0.89639
1.8035,0.88657
1.7433,0.8957
1.9487,0.87112
1.7295,0.89964
1.7,0.90204
1.791,0.89051
1.8076,0.88772
1.8802,0.87925
1.8767,0.88017
1.7897,0.89064
1.6761,0.90644
1.726,0.90005
1.7423,0.89707
1.8091,0.88655
1.8121,0.88785
1.6378,0.90989
1.6298,0.90958
1.684,0.90147
1.8019,0.88813
1.6807,0.90386
1.6453,0.90953
1.7379,0.8969
1.6581,0.90856
1.5849,0.91828
1.8154,0.88809
1.8261,0.8868
1.693,0.90374
1.705,0.90266
1.8188,0.88758
1.8141,0.88853
1.9,0.87707
1.7805,0.89236
1.7706,0.89404
1.7321,0.89924
1.875,0.88034
1.6386,0.9119
1.6895,0.90316
1.7603,0.89433
1.7882,0.89199
1.6315,0.91248
1.666,0.90667
1.6782,0.90393
1.7602,0.89453
1.7666,0.89421
1.7103,0.90098
1.6497,0.90952
1.8858,0.87901
1.7302,0.89914
1.7926,0.89047
1.8549,0.88282
1.5867,0.91903
1.7889,0.89055
1.8599,0.88032
1.8222,0.88498
1.7326,0.89884
1.7979,0.89142
1.7414,0.89845
1.9464,0.87
1.9303,0.87145
1.7654,0.89506
1.5259,0.92888
1.7042,0.90029
1.6677,0.90634
1.6107,0.91439
1.5975,0.91615
1.7423,0.89573
1.8054,0.88764
1.8654,0.88038
1.7757,0.89141
1.7956,0.88917
1.5507,0.92302
1.9123,0.87351
1.7732,0.89148
1.8256,0.88637
1.7424,0.8987
1.62,0.9138
1.6974,0.9014
1.6534,0.90829
1.669,0.90436
1.6684,0.90656
1.7584,0.89377
1.6773,0.90442
1.6481,0.90912
1.7096,0.90055
1.5954,0.91795
1.491,0.93434
1.7498,0.8962
1.7368,0.89713
1.7745,0.89123
1.8051,0.88738
1.772,0.89143
1.8215,0.88434
1.6287,0.91189
1.8694,0.8789
1.9082,0.875
1.9726,0.86676
1.7675,0.89143
1.8183,0.88608
1.8685,0.8799
1.9258,0.87183
2.0363,0.8579
1.8991,0.87564
1.9214,0.87218
1.9405,0.86975
2.0004,0.86259
2.0138,0.86135
1.9218,0.87311
1.8389,0.88346
2.0963,0.85475
1.853,0.88081
1.7847,0.88837
1.9074,0.87155
1.9583,0.86551
2.0246,0.85941
1.8875,0.87514
1.7464,0.89296
1.9054,0.87131
1.7516,0.89049
1.9678,0.86426
1.6721,0.90503
1.5825,0.91928
1.7738,0.88971
1.6628,0.90481
1.498,0.9263
1.6403,0.90528
1.7635,0.89133
1.5424,0.92082
1.7634,0.88876
1.6433,0.90432
1.6659,0.90386
1.6602,0.90392
1.6748,0.90249
1.8198,0.88276
1.7577,0.89009
1.9223,0.86869
1.915,0.86919
1.8002,0.88203
1.9611,0.86223
1.8007,0.88243
1.9968,0.85946
2.0048,0.85668
1.8184,0.88058
1.8087,0.88141
1.3956,0.94365
1.3802,0.94525
1.3599,0.94976
1.4137,0.93853
1.4243,0.93669
1.5426,0.91754
1.7011,0.89417
1.5233,0.91988
1.4968,0.92413
1.5872,0.91113
1.6578,0.89888
1.573,0.9125
1.9047,0.86845
1.8104,0.87936
1.8067,0.88112
1.6726,0.89874
1.8526,0.87535
1.6361,0.90233
1.7569,0.88641
1.757,0.88549
1.6985,0.89244
1.71,0.89084
1.5801,0.90909
1.5883,0.90767
1.6631,0.8948
1.6788,0.8949
1.6848,0.89348
1.7091,0.89056
1.6476,0.89903
1.6605,0.8976
1.6403,0.89978
1.9813,0.8552
1.7061,0.88962
1.6991,0.89056
1.7088,0.89003
1.6776,0.89356
1.4834,0.92293
1.5732,0.90899
1.7986,0.87778
1.4829,0.92201
1.485,0.92048
1.5582,0.90902
1.4753,0.92097
1.7511,0.88005
1.6889,0.88996
1.8376,0.86764
1.7076,0.88478
1.5292,0.91152
1.6626,0.89319
1.6157,0.89761
1.7364,0.87942
1.7799,0.87419
1.751,0.87817
1.8042,0.87199
1.8953,0.86025
1.6267,0.89476
1.9033,0.85828
1.9294,0.8546
1.7266,0.87907
1.749,0.87543
1.6384,0.88938
1.5711,0.89735
1.9199,0.8526
1.7581,0.87154
1.5404,0.90296
1.6972,0.8792
1.6552,0.88415
1.6501,0.88526
1.8792,0.85876
2.011,0.84393
1.6662,0.88257
1.7133,0.87555
1.717,0.87335
1.7516,0.86926
1.6693,0.87971
1.8198,0.85967
1.8158,0.86046
1.758,0.86985
1.8536,0.85608
1.8889,0.85202
1.7141,0.87546
1.7842,0.86305
1.9055,0.84755
2.0067,0.83543
1.8501,0.85522
1.8637,0.85207
2.0015,0.83608
1.9523,0.84202
1.8491,0.85477
1.7863,0.86232
1.906,0.84492
1.7315,0.87013
1.6617,0.88094
2.0257,0.83586
1.8764,0.85303
1.896,0.8496
1.615,0.88973
1.8776,0.85233
1.8425,0.85503
1.6895,0.87631
1.7446,0.87058
1.8647,0.85469
1.8929,0.84802
1.8831,0.85118
1.7287,0.86935
1.8046,0.85777
1.6809,0.87336
1.6208,0.88238
1.7481,0.8675
1.7867,0.86158
1.7828,0.86123
1.7522,0.86309
1.8475,0.85191
1.7914,0.8598
1.7655,0.86414
1.8762,0.84798
1.7848,0.85843
1.8909,0.84456
1.8761,0.84671
1.987,0.83476
1.6867,0.87281
1.8905,0.84519
1.7812,0.85685
1.7376,0.86235
1.7393,0.86334
1.861,0.84634
1.9417,0.83714
1.6523,0.87385
1.7324,0.86396
1.8703,0.84733
1.6793,0.8718
1.743,0.86066
1.7561,0.86154
1.8935,0.84352
1.8917,0.84498
1.8131,0.85261
1.8165,0.85034
1.8763,0.84597
1.7083,0.86478
1.9456,0.83156
1.7673,0.85659
1.7771,0.85544
1.667,0.87101
1.8178,0.84988
1.7998,0.84926
1.893,0.84048
1.7742,0.85601
1.6735,0.86925
1.8945,0.84081
1.7582,0.85767
1.9425,0.83283
1.6564,0.8698
1.909,0.83788
1.8482,0.84394
1.9676,0.83137
1.7604,0.85447
1.7653,0.85545
1.7375,0.85938
1.6491,0.86892
1.7569,0.85169
1.6585,0.86542
1.7038,0.85548
1.6064,0.87203
1.6955,0.86006
1.7031,0.8598
1.665,0.86438
1.6959,0.85901
1.777,0.84852
1.5791,0.877
1.6223,0.87029
1.8452,0.84027
1.8674,0.83027
1.667,0.86079
1.7399,0.85196
1.7493,0.84976
1.7317,0.84889
1.6821,0.85597
1.4511,0.88838
1.735,0.84284
2.0532,0.80372
1.4837,0.88855
1.5307,0.88149
1.5358,0.88008
1.523,0.88074
1.6291,0.86534
1.8569,0.82983
1.5986,0.86905
2.0855,0.8069
1.7618,0.83941
1.7881,0.84215
1.6845,0.85701
1.7159,0.85208
1.5198,0.88077
1.7594,0.84444
1.5545,0.8729
1.8292,0.83252
1.5954,0.86784
1.6968,0.85207
1.6158,0.86265
1.5454,0.8735
1.5493,0.87068
1.4921,0.87912
1.5639,0.86628
1.9613,0.80566
1.6202,0.85754
1.5608,0.86779
1.533,0.87122
1.6722,0.85429
1.6361,0.86059
1.8819,0.82407
1.7726,0.83874
1.5317,0.86808
1.5082,0.8732
1.4901,0.87655
1.5486,0.86478
1.5942,0.86233
1.8836,0.81273
1.6054,0.85966
1.7016,0.8458
1.7402,0.84113
1.6242,0.8585
1.642,0.85431
1.8289,0.82966
1.777,0.83632
1.7015,0.84355
2.1713,0.7798
1.7068,0.8379
1.9738,0.8046
2.1144,0.77774
1.8622,0.8148
1.7471,0.82838
1.9003,0.80407
1.8302,0.8156
1.7191,0.83976
2.4138,0.73851
1.8624,0.82394
1.7347,0.83555
1.9741,0.79598
1.5257,0.86461
1.6272,0.85002
1.5586,0.85254
1.6776,0.83587
1.8815,0.80789
1.5894,0.85259
1.6318,0.84228
1.6338,0.84869
1.5622,0.8572
1.6426,0.8514
1.6383,0.84255
1.6333,0.84399
1.7048,0.82988
1.6233,0.83646
1.4441,0.86608
1.563,0.8523
1.5058,0.86034
1.5047,0.86056
1.4412,0.87172
1.3446,0.88525
1.7564,0.82158
1.1902,0.91377
1.3989,0.87965
1.4039,0.87265
1.6085,0.84039
1.3924,0.87359
1.3681,0.87988
1.5542,0.84867
1.382,0.88499
1.3865,0.88021
1.3082,0.88838
1.4394,0.8694
1.5151,0.85547
1.5538,0.84457
1.4678,0.86589
1.3046,0.89002
1.5333,0.85627
1.6225,0.84046
1.3983,0.87191
1.2756,0.89611
1.3947,0.87722
1.3095,0.88888
1.4124,0.86679
1.4443,0.86893
1.3463,0.87974
1.5366,0.85208
1.4182,0.86937
1.3276,0.88547
1.3837,0.87913
1.2268,0.90222
1.4002,0.86846
1.4105,0.87016
1.3832,0.8694
1.3913,0.87273
1.2709,0.89141
1.4258,0.87065
1.7273,0.81777
1.4366,0.86706
1.3446,0.87953
1.3374,0.8811
1.37,0.87346
1.4371,0.86592
1.4927,0.85339
1.4148,0.8703
1.2864,0.89085
1.3118,0.88095
1.4586,0.85758
1.5219,0.83843
1.5879,0.83399
1.3998,0.86499
1.3045,0.88276
1.4447,0.85298
1.6771,0.81794
1.2802,0.88357
1.4724,0.85296
1.4241,0.85885
1.4432,0.8579
1.3924,0.87005
1.6597,0.82613
1.4207,0.86324
1.6113,0.83425
1.4647,0.8526
1.5638,0.84004
1.4579,0.85473
1.6114,0.82175
1.4937,0.84707
1.2478,0.89472
1.3621,0.87671
1.1835,0.90585
1.5112,0.84592
1.5568,0.83909
1.8487,0.79393
1.6022,0.82501
1.6701,0.81966
1.796,0.80503
1.9178,0.78367
1.7931,0.79594
1.8098,0.79845
1.8456,0.77328
1.48,0.8399
1.2112,0.88918
2.0044,0.75594
1.3395,0.86953
1.426,0.85398
1.5692,0.84226
1.4532,0.85272
1.6161,0.81879
1.4952,0.84198
1.407,0.86299
1.6354,0.81725
1.2545,0.88609
1.4252,0.85766
1.6554,0.81228
1.3285,0.87759
1.1603,0.90242
1.5587,0.81859
1.4639,0.84816
1.588,0.82395
1.8504,0.77602
1.4625,0.85165
1.8835,0.78314
1.5893,0.82661
1.5078,0.84011
1.632,0.80843
2.1927,0.72611
1.4992,0.82619
1.6539,0.81294
1.4826,0.84123
1.6927,0.80427
1.5632,0.82464
1.6617,0.81183
1.7151,0.79923
1.718,0.80796
2.0947,0.74348
1.3958,0.85333
1.4586,0.83325
1.4524,0.83745
1.2445,0.8866
1.3225,0.87166
1.1936,0.89532
1.3919,0.85551
1.4636,0.84015
1.2678,0.87938
1.1014,0.91424
1.2066,0.89306
1.5823,0.81988
1.3314,0.87418
1.5636,0.82862
1.3882,0.86286
1.3954,0.85949
1.515,0.84114
1.4809,0.84969
1.6016,0.83163
1.4201,0.86353
1.5316,0.84014
1.4436,0.86143
1.679,0.81484
1.3545,0.87114
1.2546,0.89097
1.2785,0.88572
1.3016,0.87328
1.4233,0.85809
1.4399,0.8459
1.4138,0.85802
1.4122,0.85643
1.2816,0.8801
1.6919,0.80782
1.7977,0.78973
1.4924,0.84415
1.3948,0.86147
1.7132,0.79715
1.3456,0.86163
1.1424,0.90265
1.3787,0.86557
1.4507,0.83864
1.4626,0.84329
1.364,0.8695
1.3876,0.86608
1.4866,0.8419
1.2117,0.89688
1.3624,0.86618
1.5422,0.83397
1.2926,0.8763
1.2438,0.88905
1.4961,0.8436
1.3513,0.86814
1.5009,0.8395
1.6328,0.8194
1.5109,0.84484
1.6141,0.82193
1.4456,0.85078
1.2616,0.88929
1.3679,0.86881
1.4768,0.84949
1.2989,0.8752
1.4369,0.84837
1.2739,0.87862
1.4875,0.83812
1.3264,0.86843
1.5431,0.82593
1.4189,0.85234
1.7152,0.79186
1.5471,0.82426
1.4986,0.83341
1.3359,0.8706
1.614,0.81323
1.1099,0.9198
1.2329,0.89175
1.5136,0.83303
1.3421,0.86747
1.3733,0.86186
1.2651,0.8897
1.2154,0.89375
1.3574,0.86752
1.2361,0.89066
1.1692,0.89966
1.5275,0.83432
1.2708,0.87918
1.245,0.88183
1.0797,0.9184
1.3374,0.87231
1.3032,0.88068
1.2475,0.88608
1.4154,0.85368
1.5962,0.81705
1.5814,0.82576
1.4134,0.85742
1.5358,0.83602
1.4164,0.85642
1.4687,0.84816
1.6053,0.81688
1.302,0.87986
1.4986,0.83279
1.301,0.87762
1.2406,0.89068
1.4203,0.84523
1.4223,0.84945
1.3442,0.86397
1.6839,0.80237
1.5547,0.82408
1.4148,0.85133
1.5889,0.82174
1.3284,0.86854
1.2995,0.87687
1.3426,0.87256
1.4008,0.85892
1.4107,0.85536
1.3328,0.86735
1.4417,0.85183
1.3658,0.86439
1.4217,0.84457
1.3448,0.872
1.7118,0.80156
2.0698,0.74843
1.3046,0.8716
1.4316,0.84229
1.3361,0.86651
1.3633,0.86067
1.4157,0.85137
1.4188,0.85062
1.255,0.88172
1.1736,0.90067
1.2806,0.87839
1.5911,0.81631
1.9818,0.7527
1.3805,0.85891
1.0665,0.91719
1.0992,0.90865
1.113,0.90772
1.1091,0.90743
1.5822,0.81605
1.2382,0.88999
1.2674,0.88113
1.2173,0.88815
1.1794,0.89632
1.2475,0.8725
1.2305,0.88575
1.3554,0.86406
1.2172,0.88957
1.8707,0.78012
1.3678,0.85549
1.2864,0.87856
1.2213,0.89204
1.2878,0.88008
1.3905,0.8623
1.2214,0.89294
1.3512,0.86931
1.2176,0.89284
1.3448,0.86707
1.3663,0.86299
1.2973,0.87598
1.3513,0.86917
1.2937,0.87849
1.3493,0.86848
1.3084,0.87583
1.2693,0.88383
1.313,0.8766
1.3182,0.87497
1.4013,0.85707
1.2946,0.87447
1.2947,0.87477
1.4012,0.85035
1.8414,0.77634
1.6958,0.80214
1.3123,0.8749
1.4867,0.84469
1.4668,0.84795
1.4342,0.85423
1.4688,0.84781
1.5767,0.82673
1.4394,0.85172
1.3804,0.86205
1.4276,0.85548
1.5951,0.82345
1.4477,0.84474
1.6121,0.82332
1.6283,0.82143
1.3489,0.86792
1.4654,0.84687
1.4605,0.84653
1.3465,0.8586
1.3121,0.86931
1.4224,0.85135
1.5074,0.83618
1.3951,0.84717
1.4188,0.85019
1.3077,0.87512
1.2991,0.8778
1.1973,0.89785
1.3091,0.87575
1.2544,0.88212
1.2754,0.87916
1.3414,0.86316
1.3176,0.86784
1.451,0.84199
1.418,0.85594
1.2911,0.87602
1.4241,0.85546
1.3789,0.86367
1.4158,0.85949
1.4293,0.85136
1.36,0.86483
1.4448,0.84787
1.3975,0.8532
1.4224,0.84938
1.4385,0.84839
1.6385,0.81267
1.3235,0.86377
1.3653,0.859
1.6278,0.80494
1.4625,0.83396
1.2269,0.89093
1.3067,0.87637
1.429,0.85116
1.4048,0.85698
1.3517,0.86458
1.2844,0.87648
1.3474,0.86732
1.3039,0.87113
1.4123,0.8514
1.5699,0.82437
1.3295,0.86921
1.3517,0.86342
1.5367,0.82834
1.3226,0.86823
1.4786,0.84205
1.4221,0.85479
1.479,0.84377
1.3143,0.86618
1.36,0.86107
1.3183,0.86977
1.619,0.81182
1.3071,0.87534
1.2915,0.88049
1.312,0.87474
1.4198,0.85194
1.4498,0.8486
1.4443,0.84797
1.2336,0.88158
1.3445,0.86436
1.3749,0.85601
1.4885,0.83318
1.4028,0.85182
1.2124,0.88366
1.2165,0.8894
1.264,0.87696
1.433,0.84959
1.3015,0.87286
1.4391,0.84733
1.3497,0.86657
1.3745,0.86269
1.3877,0.85169
1.4699,0.84253
1.3062,0.87495
1.3238,0.87209
1.3499,0.86642
1.3355,0.86925
1.3122,0.8709
1.1703,0.89715
1.3432,0.86687
1.3155,0.87281
1.2286,0.88424
1.3715,0.85151
1.3139,0.86566
1.226,0.88191
1.2789,0.87717
1.293,0.87049
1.3559,0.85671
1.363,0.86236
1.2702,0.87906
1.1213,0.90543
1.3158,0.86244
1.4507,0.83359
1.3775,0.84355
1.5174,0.83108
1.2565,0.87429
1.2488,0.88019
1.4929,0.82789
1.2078,0.87848
1.3448,0.85497
1.3744,0.8604
1.1877,0.8931
1.0273,0.92457
1.4048,0.83802
1.4858,0.83996
1.4249,0.84843
1.1544,0.89654
1.2368,0.88034
1.1955,0.88172
1.2707,0.86492
1.3932,0.84917
1.3517,0.86217
1.2687,0.87787
1.3036,0.87157
1.4635,0.83768
1.3938,0.85829
1.3927,0.8566
1.2042,0.88857
1.292,0.87034
1.2139,0.88532
1.3181,0.86632
1.233,0.87822
1.6838,0.79466
1.2424,0.87911
1.2939,0.8692
1.1694,0.89177
1.3104,0.87202
1.2208,0.88797
1.213,0.88539
1.3278,0.8688
1.3112,0.87092
1.3647,0.85561
1.2314,0.8833
1.3044,0.87229
1.2809,0.87313
1.214,0.87838
1.3773,0.85073
1.4465,0.84027
1.3574,0.85969
1.5507,0.82069
1.2902,0.87363
1.4301,0.83767
1.3337,0.86002
1.3085,0.86356
1.3815,0.8475
1.3112,0.86832
1.2548,0.87761
1.2745,0.87308
1.2443,0.88291
1.3697,0.85894
1.2813,0.873
1.392,0.8558
1.307,0.86373
1.5339,0.81732
1.2815,0.86981
1.1812,0.88562
1.2947,0.86526
1.2811,0.87125
1.283,0.86205
1.2289,0.87768
1.2908,0.87
1.3663,0.84448
1.4358,0.83094
1.4011,0.84849
1.8735,0.7667
1.1628,0.89448
1.1752,0.88769
1.199,0.88363
1.1888,0.88199
1.2356,0.87889
1.1696,0.89389
1.1583,0.89712
1.2348,0.87907
1.1875,0.88801
1.1726,0.89434
1.2057,0.88519
1.1599,0.89567
1.4036,0.83909
1.235,0.87386
1.3371,0.86179
1.2994,0.86559
1.476,0.82986
1.179,0.8875
1.2987,0.87428
1.3262,0.85705
1.3186,0.86588
1.3686,0.85258
1.3318,0.86771
1.4627,0.83927
1.3096,0.86926
1.3494,0.85994
1.4282,0.84604
1.4471,0.83972
1.3684,0.8512
1.153,0.89952
1.2616,0.8771
1.2844,0.86594
1.3365,0.85635
1.5419,0.82241
1.2148,0.88555
1.6935,0.79712
1.4131,0.84798
1.5132,0.82898
1.2328,0.87914
1.5955,0.81282
1.2708,0.87408
1.4582,0.83913
1.7657,0.77599
1.4339,0.83727
1.2796,0.86583
1.2251,0.8837
1.307,0.87022
1.2923,0.87427
1.3288,0.86702
1.3396,0.86474
1.4131,0.85161
1.283,0.87362
1.3502,0.86323
1.3729,0.85551
1.29,0.86907
1.3743,0.85642
1.2187,0.88022
1.4857,0.82297
1.3444,0.85336
1.3027,0.8664
1.3652,0.85606
1.3469,0.8595
1.2993,0.86793
1.333,0.86272
1.5702,0.81199
1.4236,0.84522
1.4209,0.84082
1.376,0.85561
1.2963,0.8672
1.3173,0.85934
1.2506,0.87924
1.2884,0.87342
1.2469,0.87647
1.151,0.89883
1.2775,0.86944
1.3537,0.85264
1.297,0.86513
1.1789,0.88763
1.3405,0.85566
1.3879,0.84798
1.3762,0.85171
1.296,0.87508
1.1992,0.88795
1.2827,0.86822
1.2603,0.87167
1.165,0.88871
1.2948,0.86586
1.2685,0.86998
1.3603,0.85167
1.1719,0.88829
1.1919,0.88349
1.3093,0.85764
1.2996,0.86202
1.221,0.88631
1.194,0.88607
1.2892,0.87186
1.3444,0.85784
1.2525,0.87303
1.2829,0.86631
1.4868,0.8333
1.3322,0.86146
1.5917,0.81503
1.2887,0.86978
1.4543,0.84076
1.2294,0.8816
1.2931,0.86729
1.3476,0.8594
1.2575,0.87371
1.2418,0.86935
1.2608,0.87425
1.2579,0.87177
1.3332,0.86012
1.4096,0.84454
1.2341,0.87696
1.6943,0.80827
1.3403,0.8544
1.2869,0.86314
1.2917,0.85936
1.2541,0.87477
1.3147,0.86443
1.4094,0.84591
1.3047,0.86562
1.3399,0.85587
1.4198,0.84239
1.339,0.86475
1.3416,0.85776
1.2338,0.88037
1.2994,0.86997
1.2901,0.86993
1.5285,0.8283
1.361,0.85212
1.398,0.84786
1.2212,0.88185
1.3988,0.84931
1.319,0.86466
1.2914,0.87149
1.2806,0.87053
1.3777,0.85449
1.4962,0.83316
1.407,0.84615
1.3371,0.86157
1.3844,0.8511
1.2515,0.87881
1.2165,0.88143
1.4336,0.83721
1.3823,0.84719
1.4178,0.84879
1.2255,0.88151
1.1987,0.88716
1.2478,0.87588
1.2825,0.8666
1.2424,0.87552
1.2574,0.86996
1.377,0.84657
1.3339,0.85765
1.2382,0.87122
1.3173,0.86451
1.731,0.79091
1.5164,0.82753
1.4045,0.84654
1.5466,0.82268
1.3514,0.8577
1.3766,0.85446
1.4352,0.84475
1.3688,0.85601
1.2867,0.86537
1.2978,0.86447
1.3483,0.85516
1.515,0.81871
1.2891,0.86828
1.2621,0.87089
1.1979,0.88229
1.3619,0.85155
1.3216,0.86011
1.2698,0.86525
1.1949,0.88226
1.3443,0.85268
1.4371,0.84243
1.5274,0.82354
1.3571,0.86159
1.7503,0.77945
1.2477,0.87302
1.2396,0.87007
1.3079,0.85884
1.1741,0.88827
1.2725,0.8669
1.2428,0.87464
1.2353,0.87418
1.2211,0.87588
1.3642,0.85242
1.2951,0.86011
1.2606,0.87181
1.4849,0.83043
1.575,0.81708
1.2639,0.87283
1.2532,0.87679
1.6093,0.79889
1.3891,0.85389
1.2953,0.86749
1.26,0.87035
1.2928,0.86315
1.2986,0.86403
1.2522,0.87686
1.1273,0.8953
1.2487,0.8687
1.3763,0.84249
1.2985,0.86124
1.3228,0.86241
1.3109,0.86365
1.2948,0.86861
1.2857,0.86962
1.2662,0.87032
1.3726,0.85037
1.2752,0.87401
1.5146,0.82855
1.4558,0.83528
1.2766,0.87284
1.3094,0.86587
1.42,0.84281
1.2624,0.87437
1.2431,0.87481
1.2666,0.8734
1.5357,0.81947
1.511,0.82522
1.3211,0.86292
1.3143,0.86008
1.2232,0.87387
1.3967,0.84669
1.1757,0.88688
1.2425,0.8754
1.3125,0.85977
1.2887,0.86584
1.258,0.86847
1.3617,0.85411
1.0703,0.90922
1.1241,0.89338
1.2597,0.87235
1.1476,0.89292
1.2306,0.87519
1.261,0.86741
1.3867,0.84731
1.4619,0.83353
1.5445,0.82206
1.3989,0.84346
1.4003,0.84987
1.6356,0.80148
1.3712,0.8506
1.2133,0.8806
1.2682,0.86743
1.2818,0.86136
1.2004,0.88127
1.1672,0.88944
1.274,0.8639
1.2893,0.86339
1.3423,0.8522
1.0829,0.91172
1.1621,0.89361
1.2037,0.88287
1.5432,0.81624
1.3074,0.85777
1.218,0.87865
1.2555,0.86607
1.2041,0.8805
1.2622,0.86911
1.3253,0.85507
1.35,0.85354
1.2037,0.8854
1.4056,0.83833
1.1967,0.88718
1.4821,0.82894
1.2947,0.8643
1.5041,0.82674
1.351,0.85577
1.2202,0.88276
1.293,0.864
1.3233,0.85678
1.281,0.86555
1.1984,0.88287
1.2084,0.88494
1.2805,0.86795
1.3438,0.85804
1.3558,0.85408
1.4239,0.84201
1.1829,0.88476
1.3865,0.84381
1.5209,0.82466
1.3695,0.85493
1.3012,0.86775
1.2827,0.87451
1.3011,0.86665
1.4429,0.84436
1.3132,0.86407
1.2107,0.88321
1.5141,0.82527
1.3236,0.86103
1.2915,0.86775
1.1947,0.88139
1.1964,0.87544
1.2676,0.87032
1.5651,0.81032
1.9902,0.74314
1.3568,0.85288
1.2813,0.86382
1.2119,0.87791
1.2952,0.86478
1.6209,0.8109
1.3533,0.85192
1.2574,0.86866
1.2796,0.86982
1.3858,0.84973
1.1752,0.88658
1.4361,0.83514
1.3649,0.84961
1.3865,0.84243
1.3829,0.84787
1.1233,0.88899
1.3613,0.84432
1.2724,0.86654
1.1869,0.88317
1.29,0.8639
1.4331,0.83753
1.3351,0.8618
1.1934,0.88661
1.3027,0.86607
1.6891,0.79168
1.4474,0.83994
1.5183,0.81931
1.4924,0.83106
1.3388,0.85978
1.5442,0.81735
1.3563,0.85769
1.5624,0.81536
1.3221,0.86475
1.1692,0.88769
1.3264,0.85716
1.4626,0.82759
1.1878,0.88519
1.2746,0.86529
1.3452,0.84906
1.373,0.8414
1.627,0.79434
1.1856,0.88778
1.2717,0.86752
1.5356,0.81359
1.3867,0.84216
1.4018,0.83067
1.349,0.84609
1.1954,0.87843
1.3255,0.85549
1.2387,0.86938
1.3395,0.84254
1.2629,0.86105
1.2596,0.87224
1.2955,0.86287
1.3202,0.85807
1.292,0.85917
1.6123,0.79663
1.2807,0.86273
1.1856,0.8792
1.3484,0.85145
0.98907,0.92346
1.5351,0.81239
1.3006,0.85269
1.2484,0.87005
1.1622,0.89005
1.3469,0.84806
1.2741,0.86507
1.2272,0.87472
1.6276,0.7977
1.1235,0.89596
1.3122,0.85809
1.3068,0.85341
1.2308,0.86286
1.168,0.88291
1.4282,0.82568
1.1002,0.89457
4.2318,0.58471
1.2289,0.8763
1.4162,0.84215
1.1617,0.89233
1.328,0.85794
1.1501,0.88751
1.2406,0.87079
1.9563,0.75633
1.0514,0.91113
1.266,0.86618
1.2957,0.85521
2.0975,0.72954
1.3268,0.85194
1.2202,0.87236
1.1434,0.89122
6.2259,0.48208
1.1858,0.88716
1.1153,0.89785
1.2509,0.86427
1.3386,0.85088
1.3586,0.8417
1.1307,0.89687
1.393,0.843
1.2358,0.87487
1.3746,0.84803
1.2572,0.87146
1.2536,0.87777
1.5523,0.81104
1.2296,0.87222
1.3292,0.85028
1.4205,0.83044
1.2225,0.87277
1.2529,0.86831
1.2991,0.85689
1.8746,0.75694
1.3998,0.83782
1.8245,0.76322
1.2026,0.87312
1.1422,0.88942
1.2749,0.85939
1.361,0.84214
1.7096,0.78776
1.7543,0.78135
1.6924,0.7852
1.7597,0.77348
1.1296,0.89168
1.2181,0.87157
1.4651,0.82653
1.6024,0.80298
1.1938,0.87536
1.2567,0.86356
1.2877,0.85808
1.4252,0.83395
1.3571,0.84639
1.426,0.83084
2.2649,0.72428
1.4769,0.829
1.28,0.86398
1.6628,0.80851
1.1478,0.89496
1.3918,0.85491
1.0719,0.90453
1.1506,0.88372
1.0357,0.91068
4.3536,0.57895
1.1178,0.90285
1.1313,0.89746
1.1376,0.89677
1.2332,0.87476
1.4114,0.84209
1.2325,0.8768
1.2919,0.86792
1.2246,0.87941
1.2703,0.86569
1.3145,0.85451
1.2501,0.8687
1.1591,0.89013
1.1202,0.9004
1.4787,0.82416
5.0941,0.54049
1.1686,0.88534
1.3214,0.85225
1.0791,0.90414
1.2612,0.86901
1.2207,0.87772
1.3161,0.85466
1.3925,0.83862
1.6834,0.78825
1.2314,0.8708
1.2383,0.87362
1.0874,0.90726
1.1673,0.88268
1.2734,0.86272
1.262,0.86947
1.2118,0.8826
1.1867,0.88524
1.2161,0.87811
1.2652,0.87401
1.273,0.87098
1.5304,0.82535
1.2404,0.87502
1.3276,0.85889
1.1839,0.8843
1.2694,0.86357
1.431,0.83408
1.169,0.89095
1.1674,0.88446
1.2328,0.87273
1.8002,0.76699
1.3324,0.85697
1.2207,0.87838
1.2692,0.87029
1.6041,0.80349
1.3489,0.85438
1.4758,0.82798
1.2438,0.87049
1.1967,0.88154
1.2701,0.86829
1.2119,0.8796
1.2421,0.86815
1.3481,0.85372
1.4272,0.83341
1.185,0.88699
1.1898,0.88408
1.2077,0.88472
1.2938,0.87001
1.2727,0.87488
1.3065,0.86536
1.2026,0.8849
1.2856,0.86558
1.1254,0.89529
1.7679,0.77863
1.2902,0.86742
1.5305,0.82104
1.2434,0.87297
1.6519,0.79943
1.1796,0.88035
1.2195,0.88059
1.2522,0.87395
1.1625,0.89529
1.3511,0.85707
1.1758,0.88943
1.2908,0.86798
1.3479,0.85548
1.4085,0.84548
1.196,0.88757
1.1565,0.89624
1.0909,0.90918
1.2691,0.8718
1.3042,0.86207
1.2088,0.88828
1.2693,0.87752
1.1461,0.90238
1.4347,0.84223
1.3194,0.86429
1.3399,0.86341
1.3101,0.86782
1.2792,0.87623
1.3515,0.86259
1.2933,0.86909
1.2826,0.8695
1.3535,0.86142
1.3,0.87372
1.1659,0.90158
1.4059,0.84475
1.3958,0.84948
1.2433,0.88202
1.2197,0.88301
1.2141,0.88545
1.2129,0.89069
2.2681,0.73095
1.1496,0.90082
1.1586,0.90117
1.2345,0.87951
1.3693,0.85583
1.2226,0.88448
1.2331,0.88333
1.1458,0.90205
1.3193,0.85463
1.2917,0.8723
1.3622,0.86263
1.1478,0.90841
1.2083,0.89374
1.2589,0.88096
1.21,0.88965
1.2471,0.87646
1.0952,0.91048
1.0245,0.93061
1.0422,0.92576
1.0961,0.91533
0.99951,0.93361
1.1182,0.90769
1.0939,0.91597
1.115,0.91092
1.1301,0.90646
4.6353,0.57752
1.0997,0.91294
1.1266,0.91069
1.1457,0.90721
1.2327,0.88952
1.1973,0.89565
1.1315,0.90587
1.2452,0.88814
1.2976,0.87784
1.2232,0.89311
1.244,0.89
1.3404,0.8717
1.201,0.89497
1.2987,0.87865
1.0695,0.91657
1.131,0.91009
1.0401,0.92974
1.1309,0.90791
1.0805,0.91833
1.2166,0.8894
1.3261,0.86657
1.2386,0.88686
1.0198,0.93033
1.2534,0.8899
1.1931,0.89317
1.0933,0.92084
1.2614,0.88968
1.1021,0.9196
1.0622,0.92416
1.1173,0.92098
1.075,0.92253
1.1543,0.90326
1.2229,0.89417
1.4377,0.85487
1.4174,0.86014
1.2278,0.88983
1.2261,0.89184
1.3117,0.87667
1.4618,0.83641
1.1375,0.91278
1.194,0.89431
1.518,0.82702
1.3589,0.86043
0.99495,0.9413
1.1238,0.90765
1.1653,0.89846
1.103,0.91295
1.2941,0.87826
1.2905,0.87603
1.6256,0.81656
1.1573,0.91037
1.305,0.88032
1.238,0.89704
1.2589,0.89586
1.2183,0.89953
1.2525,0.89664
1.2323,0.9009
1.2747,0.88877
1.2035,0.90098
1.2617,0.89071
1.2031,0.90142
1.2264,0.89739
1.2608,0.88123
1.2917,0.88127
1.2535,0.88926
1.188,0.90044
1.1871,0.89842
1.4179,0.85597
1.3483,0.87793
1.0146,0.94119
1.2678,0.88931
1.3066,0.87738
1.2407,0.89321
1.272,0.88248
1.3346,0.87816
1.2413,0.89782
1.4612,0.84948
1.2979,0.88455
1.4227,0.85837
1.392,0.87159
1.1956,0.90442
1.4059,0.85376
1.3101,0.88155
1.3314,0.88096
1.3753,0.87374
1.3298,0.8855
1.3058,0.88334
1.333,0.88001
1.3648,0.87224
1.361,0.8708
1.1323,0.91892
1.4687,0.84816
1.1302,0.9202
1.2322,0.89527
1.2092,0.90094
1.185,0.90488
1.4357,0.86358
1.2797,0.89203
1.1881,0.90884
1.1313,0.91268
1.3758,0.87795
1.2569,0.88649
1.246,0.89675
1.2356,0.90168
1.282,0.88472
1.5345,0.83964
1.3089,0.88774
1.1589,0.91723
1.2395,0.90381
1.4476,0.85714
1.4925,0.84365
1.2004,0.91047
1.0453,0.93729
1.3177,0.88361
1.2782,0.8871
1.2527,0.89908
1.3098,0.89061
1.2852,0.89503
1.2302,0.90055
1.2575,0.89674
1.2213,0.90175
1.2501,0.8981
1.2621,0.89868
1.2802,0.88681
1.2356,0.89974
1.3136,0.88579
1.2756,0.89101
1.4707,0.85766
1.2944,0.8864
1.3749,0.87592
1.4294,0.86826
1.178,0.90684
1.3247,0.88671
1.3563,0.88028
1.1986,0.91021
1.2372,0.9061
1.213,0.909
1.2161,0.90902
1.1837,0.91793
1.1355,0.92098
1.3621,0.88557
1.3487,0.88736
1.1075,0.92607
1.3841,0.88186
1.4715,0.86746
1.51,0.85649
1.0495,0.94518
1.3239,0.88511
1.2549,0.89841
1.2722,0.89272
1.33,0.88534
1.321,0.88843
1.1484,0.92268
1.3749,0.88035
1.374,0.88204
1.3176,0.89091
1.3448,0.88531
1.314,0.89297
1.118,0.93051
1.078,0.93678
1.1665,0.91732
1.1181,0.9291
1.0912,0.93542
1.1188,0.92964
1.0759,0.94037
1.2785,0.90287
1.2226,0.91269
1.2588,0.90513
1.2366,0.91065
1.1728,0.92396
1.1823,0.92054
1.1936,0.92224
1.2483,0.91032
1.2497,0.90929
1.2184,0.91557
1.2392,0.90675
1.2465,0.90723
1.2287,0.91405
1.292,0.90487
1.251,0.90978
1.2043,0.9174
1.2217,0.91393
1.284,0.90493
1.4557,0.87439
1.2793,0.9059
1.2839,0.90372
1.3831,0.88746
1.3183,0.89731
1.2792,0.90073
1.402,0.87873
1.2638,0.90695
1.2188,0.91182
1.3102,0.90022
1.3199,0.8946
1.1647,0.92539
1.1547,0.92845
1.2167,0.91805
1.205,0.92338
1.1719,0.92765
1.2498,0.9146
1.2594,0.91251
1.3355,0.8961
1.29,0.9059
1.3601,0.88421
1.1896,0.92018
1.2068,0.91634
1.5653,0.84641
1.4477,0.87499
1.2341,0.91387
1.2262,0.91922
1.2034,0.91814
1.54,0.85312
1.1597,0.92805
1.2171,0.91668
1.2064,0.91829
1.2587,0.91156
1.2555,0.90886
1.367,0.89307
1.1469,0.93219
1.1466,0.93436
1.245,0.91329
1.295,0.90434
1.3034,0.90617
1.3338,0.89535
1.1863,0.92364
1.2705,0.91342
1.2144,0.91951
1.3902,0.88867
1.3513,0.89518
1.3014,0.90804
1.2248,0.91873
1.2461,0.91653
1.3505,0.89239
1.2662,0.90855
1.2638,0.91193
1.3156,0.90305
1.2487,0.91617
1.3616,0.89584
1.4229,0.88433
1.2862,0.90833
1.2203,0.91788
1.5031,0.87169
1.3396,0.90165
1.3083,0.90859
1.4165,0.8867
1.1914,0.92587
1.2885,0.90448
1.3146,0.90935
1.3543,0.90175
1.2982,0.91175
1.149,0.93812
1.2886,0.90835
1.375,0.89606
1.3378,0.90245
1.2937,0.90555
1.1662,0.93354
1.2747,0.91166
1.2039,0.9252
1.2141,0.92451
1.1496,0.93624
1.1789,0.92765
1.1333,0.93893
1.4125,0.87931
1.2506,0.91356
1.2134,0.92626
1.2308,0.91912
1.1774,0.92887
1.3421,0.89858
1.343,0.90557
1.1064,0.94312
1.1531,0.93561
1.1554,0.93605
1.2263,0.91891
1.3698,0.89726
1.2823,0.91036
1.2437,0.91547
1.3313,0.9006
1.35,0.89737
1.2254,0.92438
1.3616,0.89936
1.2977,0.90816
1.4687,0.87557
1.5816,0.85838
1.2898,0.90991
1.3979,0.89788
1.4333,0.89235
1.3368,0.90565
1.3903,0.90195
1.3532,0.90589
1.4003,0.89824
1.434,0.88951
1.3004,0.90831
1.427,0.88411
1.2923,0.91534
1.3473,0.90351
1.4116,0.89587
1.2951,0.91512
1.2868,0.91747
1.5926,0.8625
1.3391,0.90094
1.3725,0.9006
1.3006,0.90808
1.2123,0.93147
1.2194,0.93016
1.0711,0.95953
1.2171,0.92859
1.1963,0.93297
1.2735,0.91773
1.3609,0.90175
1.283,0.92029
1.3041,0.91324
1.3077,0.91362
1.5577,0.86235
1.485,0.87955
1.0563,0.96513
1.3095,0.91759
1.1505,0.94367
1.453,0.88714
1.361,0.90167
1.378,0.89801
1.3271,0.91
1.335,0.91372
1.2057,0.93577
1.2591,0.92277
1.2623,0.92508
1.2166,0.93201
1.2035,0.93041
1.5026,0.87417
1.2226,0.93416
1.1842,0.93969
1.2616,0.92659
1.2247,0.93333
1.2769,0.92152
1.2209,0.93555
1.3112,0.91909
1.248,0.92676
1.2291,0.92881
1.3376,0.90798
1.2713,0.92214
1.5734,0.86137
1.1382,0.94869
1.2598,0.92884
1.3777,0.90638
1.3766,0.90631
1.306,0.92213
1.2941,0.92365
1.2643,0.92618
1.5548,0.87126
1.584,0.86449
1.5345,0.87255
1.2673,0.92533
1.4231,0.90018
1.3984,0.90446
1.229,0.9344
1.3655,0.90755
1.4102,0.90013
1.2286,0.92466
1.4114,0.90142
1.4238,0.89768
1.2663,0.92658
1.2155,0.9358
1.4625,0.89419
1.2936,0.91892
1.2429,0.93094
1.3066,0.91519
1.4378,0.89138
1.5381,0.8806
1.3905,0.90349
1.3216,0.91551
1.3425,0.91255
1.3376,0.91232
1.438,0.89689
1.4356,0.89713
1.402,0.90405
1.3908,0.90013
1.3011,0.91624
1.4329,0.89207
1.4113,0.90166
1.3217,0.91822
1.4131,0.89891
1.4632,0.89171
1.419,0.90003
1.3876,0.90359
1.3936,0.90324
1.3781,0.90337
1.559,0.86944
1.3759,0.90996
1.4418,0.89204
1.3931,0.90267
1.4511,0.88801
1.3473,0.90584
1.8035,0.83157
1.5589,0.87331
1.4633,0.88927
1.3697,0.90629
1.2648,0.92816
1.3558,0.91452
1.2505,0.93225
1.5025,0.8871
1.5477,0.87283
1.3352,0.9163
1.4094,0.90715
1.3669,0.91007
1.4057,0.90735
1.4548,0.89649
1.3646,0.91008
1.4763,0.89355
1.4592,0.8949
1.4344,0.90085
1.4075,0.90512
1.1442,0.94972
1.3457,0.91435
1.3235,0.91533
1.2481,0.93158
1.357,0.91121
1.382,0.9105
1.5438,0.87944
1.3056,0.92321
1.2455,0.92873
1.3695,0.9127
1.4139,0.9027
1.1699,0.94156
1.3071,0.921
1.3541,0.91479
1.3484,0.91626
1.4024,0.90412
1.3888,0.90524
1.3323,0.91894
1.3608,0.91352
1.3319,0.92039
1.3364,0.91492
1.2265,0.93515
1.3811,0.90586
1.3646,0.91377
1.2513,0.93508
1.317,0.92075
1.3912,0.90622
1.2386,0.93563
1.4031,0.90968
1.333,0.91945
1.2772,0.92967
1.3378,0.92002
1.2935,0.92786
1.4066,0.90839
1.3212,0.92336
1.3541,0.91757
1.1949,0.94406
1.213,0.94497
1.3952,0.91181
1.3608,0.91932
1.3815,0.91563
1.3352,0.92246
1.4271,0.90723
1.3515,0.91856
1.3601,0.91771
1.2936,0.93015
1.3649,0.91658
1.2804,0.93091
1.2323,0.93828
1.3089,0.92568
1.269,0.93375
1.287,0.93068
1.32,0.9234
1.3617,0.91858
1.4292,0.90625
1.3494,0.91859
1.4485,0.90417
1.3229,0.92461
1.2205,0.94388
1.5737,0.88556
1.2037,0.94192
1.1399,0.95619
1.3199,0.92576
1.3389,0.91864
1.3701,0.91336
1.4251,0.90643
1.2936,0.92751
1.2071,0.94311
1.3455,0.92262
1.2852,0.9289
1.3697,0.91531
1.2954,0.92845
1.3101,0.92172
1.2996,0.92891
1.2139,0.94319
1.1826,0.94968
1.211,0.94261
1.3511,0.91776
1.2146,0.94354
1.4624,0.90265
1.2674,0.9331
1.3786,0.91255
1.3687,0.91275
1.4076,0.90758
1.1206,0.96037
1.248,0.93666
1.2169,0.94423
1.211,0.94502
1.3208,0.92629
1.268,0.93504
1.3474,0.92084
1.2538,0.93808
1.3306,0.92504
1.364,0.91943
1.3332,0.92433
1.338,0.9221
1.1905,0.94863
1.2791,0.9316
1.3125,0.92729
1.3577,0.91834
1.4142,0.90994
1.3881,0.91417
1.4106,0.90986
1.3573,0.91774
1.4198,0.90991
1.4074,0.91156
1.3795,0.91485
1.3765,0.92021
1.2364,0.94187
1.1891,0.95089
1.2847,0.93398
1.2732,0.93614
1.3214,0.92731
1.2875,0.933
1.2571,0.93927
1.4045,0.9122
1.3127,0.9273
1.3395,0.92341
1.3298,0.92502
1.3347,0.92541
1.1669,0.95655
1.2776,0.93776
1.2982,0.93342
1.3224,0.92989
1.2955,0.93443
1.3447,0.92632
1.3481,0.92425
1.3434,0.92469
1.4472,0.9073
1.3235,0.92828
1.2343,0.94433
1.3429,0.92466
1.342,0.92477
1.3059,0.93223
1.2501,0.94093
1.2955,0.93329
1.318,0.92902
1.3328,0.928
1.3092,0.92994
1.3117,0.93062
1.2568,0.93897
1.176,0.95346
1.2291,0.94409
1.2281,0.94467
1.1562,0.9577
1.182,0.95288
1.2568,0.93981
1.1923,0.95415
1.2072,0.94905
1.2319,0.94488
1.1986,0.94975
1.2505,0.94108
1.2958,0.93373
1.2795,0.9368
1.2444,0.94406
1.2658,0.93919
1.2795,0.9384
1.397,0.91841
1.2964,0.93419
1.204,0.95224
1.2679,0.94006
1.2568,0.94211
1.3335,0.92808
1.3725,0.92224
1.3165,0.93263
1.4364,0.911
1.3152,0.93183
1.2616,0.93958
1.2683,0.93767
1.3755,0.91741
1.1452,0.96349
1.2278,0.9474
1.2526,0.94322
1.2421,0.94522
1.3344,0.92872
1.3879,0.91978
1.2452,0.94493
1.3091,0.93337
1.3314,0.92916
1.2831,0.93806
1.3957,0.91039
1.308,0.93
1.2532,0.94297
1.309,0.93384
1.2818,0.93416
1.2155,0.94979
1.2349,0.94537
1.2313,0.94443
1.3446,0.9248
1.358,0.91884
1.2465,0.94338
1.3303,0.92882
1.3181,0.93167
1.3195,0.93158
1.2772,0.9398
1.2185,0.95087
1.3648,0.92596
1.3055,0.9356
1.3109,0.93488
1.3333,0.93063
1.3423,0.92837
1.29,0.93786
1.4602,0.90991
1.2055,0.95393
1.3654,0.92332
1.3363,0.92755
1.4282,0.91194
1.4347,0.91277
1.4396,0.91166
1.3911,0.92011
1.3734,0.92279
1.2802,0.9363
1.3164,0.93171
1.4328,0.91439
1.4239,0.91329
1.2884,0.93516
1.3776,0.92253
1.3828,0.91931
1.3565,0.92552
1.1729,0.95911
1.1648,0.9604
1.2171,0.95112
1.2425,0.94505
1.3772,0.92259
1.4012,0.92022
1.4488,0.91266
1.2135,0.95045
1.2294,0.94683
1.2692,0.94074
1.2532,0.94381
1.2449,0.94471
1.3114,0.93364
1.407,0.91499
1.4317,0.91217
1.4067,0.91662
1.4238,0.91491
1.4029,0.91869
1.409,0.91737
