7.1519,0.84296
9.374,0.76754
8.4663,0.80024
7.4477,0.82058
6.7169,0.85897
7.7923,0.79988
10.036,0.74515
8.7806,0.77035
9.4336,0.7684
9.1848,0.76649
8.832,0.77769
10.296,0.73671
7.5955,0.82142
7.724,0.81269
7.3102,0.82963
7.847,0.80767
8.681,0.77471
7.1167,0.83934
7.4454,0.82421
8.3242,0.80084
8.1657,0.79318
8.1968,0.7954
7.8107,0.81674
7.8126,0.8162
9.8137,0.75585
10.355,0.73258
8.9107,0.7836
9.7276,0.75467
8.0591,0.81107
9.3371,0.77393
9.4692,0.76548
10.08,0.74467
9.7404,0.75772
8.8766,0.78184
9.5619,0.76022
9.672,0.75713
7.4451,0.81769
7.564,0.82385
10.852,0.7247
6.8926,0.84788
7.8674,0.80831
7.1778,0.83262
7.0469,0.84204
7.7251,0.80335
7.4716,0.82067
9.01,0.77956
7.3744,0.82115
10.617,0.729
9.6802,0.74934
8.2806,0.78375
7.4831,0.82515
8.2236,0.78833
8.2688,0.78453
7.8784,0.80464
9.7023,0.76025
6.5012,0.87841
6.7871,0.86023
7.5952,0.81806
7.3476,0.82811
8.418,0.77817
6.2697,0.87735
6.3497,0.87036
8.6509,0.78849
7.0657,0.83988
7.0882,0.83461
6.7327,0.85768
6.5048,0.87335
6.6296,0.86265
6.7062,0.86183
7.0512,0.84042
6.7217,0.85801
6.5505,0.86694
6.2782,0.89235
8.6588,0.78484
5.5976,0.93507
9.0803,0.78058
7.0194,0.84827
7.3708,0.82993
6.8375,0.85323
5.6747,0.92367
6.8219,0.85424
5.9889,0.90014
5.7792,0.91196
6.1916,0.88691
6.5769,0.86646
6.5871,0.86385
6.3355,0.87901
5.8166,0.90336
6.5506,0.86674
6.8052,0.84721
6.5231,0.86204
6.9825,0.83506
6.1574,0.88516
6.3894,0.87846
6.3378,0.87326
6.4972,0.86301
6.422,0.86697
6.4114,0.86341
6.0285,0.88365
5.5247,0.92511
4.969,0.95027
5.0997,0.94845
5.5117,0.91514
5.7276,0.90017
5.354,0.93308
7.7033,0.82828
7.4712,0.83223
6.5523,0.86367
6.5604,0.854
6.2533,0.87256
5.5772,0.91561
6.095,0.88011
6.018,0.88471
6.4912,0.85473
5.5188,0.91774
6.063,0.87953
6.487,0.85372
6.379,0.85847
5.8228,0.89288
6.3653,0.85834
6.7044,0.85209
7.0525,0.83301
7.1278,0.8324
6.012,0.87715
6.1806,0.86291
6.2561,0.8531
5.8276,0.88156
6.6192,0.84374
6.5733,0.84663
6.8937,0.82407
5.9135,0.88317
7.6697,0.8226
6.6435,0.84172
7.2174,0.81775
6.6641,0.83839
6.9312,0.82336
6.5646,0.84179
6.2082,0.8629
6.4975,0.84345
6.6726,0.83242
9.1958,0.74661
6.4581,0.84573
6.6014,0.82984
7.129,0.80519
6.6991,0.82934
6.338,0.84002
6.3305,0.83838
7.2008,0.80303
6.8908,0.81452
7.1004,0.81306
6.7433,0.8222
6.469,0.83613
6.4337,0.83979
6.9578,0.81069
6.3618,0.84037
6.2782,0.8471
8.0078,0.78983
5.8491,0.86609
5.7182,0.87156
8.4579,0.76638
5.9401,0.85778
7.3454,0.80493
7.1866,0.81236
7.0702,0.81643
6.59,0.82
5.5958,0.88108
6.4545,0.82404
7.99,0.77298
6.0322,0.84313
6.4252,0.82454
6.64,0.81515
6.4323,0.82581
6.0579,0.84529
6.4678,0.81864
6.2314,0.82768
5.4389,0.87504
5.6844,0.85707
5.7489,0.85552
5.7491,0.85436
6.0216,0.83592
5.9944,0.84517
5.77,0.85467
5.4917,0.86044
6.0404,0.83452
5.4321,0.86055
6.3329,0.81377
6.3309,0.81635
6.2574,0.81506
5.7935,0.8402
5.8924,0.83544
6.981,0.78717
6.2617,0.81565
6.1816,0.82815
6.2356,0.82491
6.4311,0.80606
5.92,0.83484
6.1445,0.82456
6.5483,0.80136
6.8778,0.78237
5.8122,0.83818
6.8669,0.78425
6.5115,0.79451
6.5363,0.80103
6.3272,0.80004
5.7418,0.83338
5.4836,0.84243
5.4039,0.8508
5.7251,0.82915
5.8106,0.82088
6.4014,0.79774
5.7816,0.82297
5.4444,0.84431
5.6844,0.83179
5.7324,0.8287
5.3845,0.84581
5.6207,0.83552
7.1135,0.77144
5.5187,0.83673
5.4556,0.83491
5.6358,0.82813
6.5675,0.7934
5.0625,0.85532
5.7461,0.82152
5.2795,0.83866
5.9386,0.82318
5.4434,0.83493
6.2304,0.79875
5.2831,0.84427
5.5325,0.82632
5.1128,0.84964
4.6413,0.88326
5.0092,0.85691
5.3548,0.83502
5.2612,0.83747
4.9773,0.85473
4.7057,0.87445
5.3085,0.83239
4.5336,0.88328
4.7259,0.87397
4.9848,0.85546
4.897,0.85799
4.8945,0.85434
4.4689,0.88305
4.7331,0.86486
4.7245,0.86003
4.9266,0.84408
4.2025,0.8918
4.0741,0.90025
3.7426,0.92184
5.1567,0.83788
4.3189,0.87139
4.6632,0.85193
4.7128,0.8483
3.9444,0.90175
4.411,0.86186
4.0451,0.89178
5.0949,0.82598
4.067,0.89321
4.9916,0.83075
4.3939,0.86836
3.3379,0.9501
3.6695,0.9157
4.2237,0.87818
3.9694,0.88419
3.9954,0.88625
4.1839,0.8674
4.296,0.86291
3.7257,0.90259
4.3009,0.85916
4.0603,0.87113
3.5234,0.91464
4.3681,0.84943
3.6621,0.89035
3.895,0.87052
4.0543,0.86511
3.6932,0.88356
4,0.87063
5.4412,0.79898
3.5299,0.90334
4.3495,0.85136
4.2137,0.86057
4.3882,0.84667
3.7984,0.87868
3.6707,0.88549
3.6859,0.88541
4.1581,0.8534
4.4959,0.8322
3.9046,0.86709
3.6563,0.88164
3.6623,0.87342
5.5784,0.78637
3.7266,0.8772
3.8404,0.87004
4.2549,0.839
3.9793,0.85407
4.035,0.84897
3.7624,0.86759
3.5697,0.8793
5.7125,0.77277
3.2697,0.89258
3.2468,0.90202
3.7013,0.86491
3.729,0.85911
4.1748,0.84264
3.5376,0.87329
3.4943,0.8778
3.4357,0.88265
4.236,0.83132
3.3863,0.8829
3.351,0.88539
5.6353,0.76994
3.0759,0.91
5.9131,0.75526
3.3155,0.89014
3.5699,0.8704
4.9409,0.79911
6.0955,0.74726
3.3397,0.88205
4.8628,0.79703
3.3477,0.87965
4.7863,0.79906
4.7045,0.80533
4.8495,0.79625
3.1522,0.89502
3.6592,0.86276
3.5651,0.86638
6.7206,0.71794
3.2732,0.88812
3.5578,0.86559
6.4685,0.72823
6.3355,0.73543
6.5071,0.72692
3.1444,0.8963
3.0689,0.90349
3.5318,0.86814
6.1469,0.74178
5.1283,0.78563
5.348,0.77507
5.598,0.76055
5.3574,0.77337
5.2768,0.77604
5.253,0.77704
5.648,0.75868
4.9567,0.78742
6.2636,0.73363
2.9871,0.90842
5.333,0.77085
6.4453,0.72589
6.618,0.71692
5.9854,0.7434
5.8971,0.74578
6.1025,0.73755
5.8175,0.74867
6.4345,0.72376
6.3519,0.7276
6.8998,0.70681
6.587,0.71552
6.7138,0.71102
6.2023,0.73087
6.6123,0.71159
6.1565,0.73044
6.8327,0.70494
3.5932,0.85525
6.7287,0.70809
7.4484,0.68104
6.5056,0.71579
6.6248,0.71063
5.3791,0.76001
3.3329,0.87219
6.0585,0.7333
3.2854,0.87391
6.4471,0.71676
3.3105,0.87182
3.2503,0.8737
3.2592,0.87328
3.306,0.87027
6.3771,0.71911
6.7567,0.69816
4.0667,0.81817
3.2532,0.87033
6.308,0.71783
3.395,0.85653
3.6185,0.84056
3.7615,0.82956
3.452,0.85184
7.0064,0.68506
3.4549,0.85218
3.3968,0.85225
6.522,0.70539
5.4638,0.74373
5.4074,0.74852
3.4635,0.84778
5.5354,0.74325
5.7176,0.7305
5.598,0.7387
5.5367,0.74382
6.3484,0.70906
6.8647,0.69013
6.1827,0.71725
6.9462,0.68634
6.8107,0.69271
6.9035,0.6887
6.7397,0.69435
6.2978,0.7127
6.7413,0.69339
7.0168,0.68133
6.9003,0.68536
7.2151,0.6784
10.059,0.60437
6.9286,0.68825
8.2427,0.64307
7.8717,0.65341
8.338,0.63772
7.5238,0.66276
7.7784,0.65574
3.8082,0.81625
7.305,0.66786
8.2673,0.64108
8.1455,0.64349
8.2681,0.63826
7.9999,0.64894
7.2725,0.67262
7.879,0.65198
3.9606,0.80923
7.2365,0.67378
3.9927,0.80737
4.1749,0.79667
4.2328,0.79457
3.7463,0.82332
3.5147,0.83898
7.836,0.65285
6.6393,0.69115
7.9067,0.64945
7.7388,0.65281
8.0972,0.64181
7.7396,0.65459
7.8113,0.65246
7.9179,0.64694
4.2348,0.79419
4.6853,0.76238
4.453,0.77905
4.383,0.78421
4.3443,0.78969
4.2312,0.79306
4.4271,0.7793
3.991,0.80515
3.9279,0.80914
3.7782,0.81947
4.1302,0.79707
3.8983,0.81091
4.1265,0.79587
4.0284,0.80324
3.8432,0.81614
4.0941,0.80055
6.8735,0.67986
6.6423,0.68819
3.1761,0.85733
3.7678,0.81945
3.8125,0.81419
6.7636,0.68047
3.936,0.80561
6.6546,0.68588
4.5727,0.77105
7.5132,0.65793
3.9829,0.80219
3.8325,0.81245
4.4081,0.78223
3.9266,0.80646
7.9531,0.6409
7.819,0.64661
7.6211,0.65269
3.8157,0.81223
7.4375,0.65899
7.5569,0.65483
7.5192,0.65573
7.7538,0.6486
7.2576,0.6665
7.5044,0.65762
7.6779,0.65109
7.5053,0.6572
8.1209,0.63954
4.1457,0.79077
8.2124,0.63616
8.1937,0.63774
8.2212,0.63446
8.2358,0.63476
8.0171,0.64253
8.1605,0.63668
8.2571,0.6338
7.963,0.6425
8.0703,0.63973
7.4938,0.65579
7.8771,0.64477
7.5627,0.65531
7.5015,0.65617
7.72,0.65007
7.6355,0.65188
7.6678,0.65187
7.4653,0.65834
8.0933,0.63806
7.7423,0.64945
7.9459,0.64212
7.7574,0.64815
4.4185,0.77385
6.5676,0.68419
7.6067,0.65171
7.4257,0.65757
6.8485,0.67384
7.8,0.64455
7.6876,0.64816
7.8618,0.64218
7.7063,0.64805
7.6002,0.65158
7.6926,0.6483
7.6187,0.65114
7.6866,0.64883
4.3197,0.77661
4.2584,0.78238
7.1379,0.66378
4.1097,0.78946
4.2212,0.78288
3.8773,0.80518
4.0821,0.79207
3.9077,0.8047
5.2245,0.73743
7.6564,0.64695
4.2901,0.77721
4.3396,0.77408
4.5727,0.76712
4.0755,0.7925
6.7301,0.67897
3.8412,0.80832
8.0049,0.64031
8.1098,0.6371
7.8469,0.64632
4.2467,0.78266
4.2772,0.78247
6.8765,0.67331
6.8671,0.67324
7.5994,0.6509
7.1241,0.66391
7.0022,0.66874
7.1949,0.66133
7.1773,0.65892
7.3704,0.65336
7.4691,0.64691
7.5835,0.64814
7.0052,0.66593
6.9649,0.66615
7.2016,0.65811
7.3495,0.65242
6.7644,0.67432
7.3198,0.65124
7.596,0.64602
6.8808,0.66997
7.1101,0.66645
7.5322,0.64994
7.2387,0.66019
6.9402,0.66715
7.2901,0.65531
7.2423,0.66163
7.4556,0.652
6.9145,0.67283
7.1706,0.66373
7.7449,0.63836
6.9716,0.66799
6.8772,0.66902
4.4192,0.77032
7.2245,0.66232
7.3479,0.65794
7.1548,0.66365
7.1691,0.66436
7.3016,0.65919
4.3915,0.77082
6.8512,0.67547
7.0215,0.66946
4.1882,0.78072
4.3048,0.77879
4.3224,0.77784
4.6014,0.76277
4.3907,0.77326
4.1473,0.78514
7.3708,0.65417
4.2619,0.77966
4.8593,0.74732
5.1085,0.73569
4.4047,0.77045
4.9548,0.74354
4.0904,0.78996
4.9245,0.74294
4.4093,0.76873
5.1699,0.73247
4.4636,0.76759
4.714,0.75516
4.8169,0.74917
4.6716,0.75508
4.5723,0.76078
6.4715,0.68081
6.3011,0.68721
4.6415,0.75624
6.5824,0.67984
7.1187,0.65848
6.8031,0.67153
6.9618,0.66641
7.0096,0.66433
6.8841,0.66932
7.131,0.66009
7.0246,0.66389
4.4383,0.76634
7.0675,0.66185
6.9414,0.66731
6.9216,0.66833
7.2911,0.65776
7.1137,0.66334
7.2201,0.65941
7.4469,0.65162
7.404,0.65344
7.3876,0.6533
7.2624,0.65827
6.8976,0.67134
7.0144,0.66717
7.2833,0.65672
7.2994,0.65669
7.415,0.65245
8.5044,0.63034
8.4373,0.63268
8.5226,0.63063
8.5224,0.63028
6.792,0.67183
6.9115,0.66426
8.1436,0.62771
7.0106,0.66783
6.8996,0.66582
6.8533,0.66681
8.4905,0.63388
7.5684,0.65158
7.098,0.65987
7.1326,0.65964
7.0352,0.66262
6.7267,0.6734
6.7706,0.67603
7.0305,0.6665
6.9069,0.67174
6.7402,0.67371
5.106,0.73424
4.9524,0.7406
6.3746,0.68722
6.4318,0.68459
6.801,0.67233
6.3916,0.68831
6.4606,0.6841
6.6434,0.67788
6.8074,0.67423
6.6349,0.67773
7.0244,0.66585
6.8509,0.67276
6.369,0.68941
6.9716,0.66808
6.4996,0.68792
6.624,0.67794
7.4445,0.65291
7.4598,0.65192
7.4625,0.65252
7.5006,0.65098
7.5734,0.64835
7.3356,0.65812
7.304,0.65948
6.8275,0.66953
6.3209,0.69075
6.8572,0.67303
7.0734,0.65706
6.7445,0.67283
6.5784,0.67687
6.9327,0.66317
6.9801,0.66351
7.0895,0.65976
7.1159,0.65775
7.1023,0.65822
6.5193,0.67619
6.6277,0.67609
7.0529,0.66061
6.705,0.67363
7.1597,0.65569
6.8589,0.66888
6.9931,0.661
6.2622,0.68337
5.1189,0.7289
6.4633,0.67293
6.7865,0.66857
6.2539,0.68372
6.6243,0.67604
6.6938,0.67142
6.4999,0.67248
6.4136,0.68293
6.459,0.68315
6.3167,0.68782
7.1911,0.65677
6.7411,0.67581
7.0145,0.66476
7.2062,0.65866
7.3037,0.65365
7.3179,0.65244
7.1723,0.65893
7.4742,0.6466
7.3263,0.65095
5.0674,0.72722
6.8324,0.66274
4.8597,0.73962
4.7141,0.74564
4.9256,0.73813
4.949,0.73708
8.7099,0.60768
6.9617,0.6653
6.7419,0.66961
6.7375,0.67085
6.605,0.6763
6.5806,0.67642
8.7086,0.60921
5.2452,0.72013
5.085,0.72989
6.8146,0.66588
4.8453,0.7424
5.2215,0.72513
7.1326,0.65274
4.6147,0.75232
6.804,0.66825
5.1413,0.72817
6.8452,0.66487
4.9921,0.73451
8.5478,0.61235
6.5121,0.6802
8.0741,0.62781
6.7657,0.66645
6.7353,0.66702
6.4433,0.68301
6.9865,0.65802
6.8536,0.66321
6.7613,0.66737
6.964,0.65968
6.6453,0.6733
7.3277,0.6477
6.9723,0.65968
7.2777,0.6501
7.007,0.65888
6.5232,0.68
6.8025,0.67252
5.6532,0.70589
5.6666,0.70569
4.263,0.77178
4.6613,0.75077
4.3785,0.7654
6.4464,0.68126
6.5768,0.67628
6.459,0.68154
6.339,0.68595
6.6035,0.67634
4.3623,0.76609
4.4758,0.76088
6.6856,0.67215
4.5185,0.7576
6.9487,0.66563
4.2717,0.76905
7.0206,0.65882
6.9764,0.66476
4.3455,0.76605
6.7756,0.66938
6.6424,0.67366
6.7284,0.67036
6.6461,0.67455
6.6814,0.67349
4.5578,0.75536
4.7006,0.74789
6.5287,0.67869
6.6055,0.67559
4.9188,0.73792
4.7116,0.74777
4.5552,0.75565
4.0406,0.78782
5.3007,0.72108
6.2417,0.69195
4.4464,0.76059
8.3331,0.61733
4.8277,0.74258
6.3433,0.68502
6.9623,0.66193
7.0575,0.65965
4.7694,0.74582
4.8087,0.74261
6.5097,0.679
4.7173,0.74712
6.4963,0.68116
6.5326,0.67909
6.6428,0.67501
6.7381,0.67116
6.5261,0.6801
6.7085,0.67109
6.6196,0.67591
6.8547,0.66705
6.9375,0.66366
6.7592,0.6712
6.6476,0.67497
6.6087,0.67666
6.6056,0.67687
6.6381,0.6757
7.6575,0.63612
7.1029,0.6608
7.1653,0.65736
6.1119,0.68586
7.1988,0.65579
7.2249,0.65504
7.1821,0.65695
6.7672,0.66058
4.8519,0.739
8.5926,0.6109
6.6125,0.68012
6.7118,0.67231
7.062,0.66133
7.0828,0.65345
6.6569,0.67278
6.9456,0.66569
7.0649,0.66312
6.8271,0.67314
6.3054,0.68517
6.8743,0.6611
6.7427,0.67304
6.7349,0.66743
6.7829,0.6648
7.0835,0.6514
6.5967,0.6759
5.0757,0.72913
6.8115,0.67054
6.8556,0.66586
6.7523,0.67
6.5542,0.66991
6.7706,0.66812
8.221,0.61963
6.8313,0.66681
7.9727,0.62928
8.4277,0.61366
8.3417,0.61629
4.85,0.7396
4.83,0.74203
4.8933,0.73609
6.8764,0.66369
6.8326,0.66694
8.4865,0.61157
6.9635,0.66124
6.7655,0.66762
7.0304,0.65728
7.0764,0.65133
6.6372,0.67199
6.5724,0.67623
6.3547,0.68456
5.9839,0.69251
6.2399,0.68884
6.6057,0.67499
6.6528,0.67243
6.7897,0.66659
6.6795,0.66982
6.3905,0.6821
6.564,0.67613
6.5232,0.67557
6.6847,0.66423
6.3852,0.68238
7.2634,0.64741
7.4194,0.64035
7.3787,0.64341
7.1069,0.65381
7.2937,0.6477
5.0399,0.7315
7.2032,0.6474
6.9187,0.65944
5.0964,0.7293
6.3336,0.686
7.0673,0.65434
5.5254,0.70753
6.2901,0.68763
6.0996,0.68749
6.4515,0.68115
6.8311,0.66012
6.5678,0.67633
7.4286,0.64176
6.4875,0.67952
8.3048,0.61849
6.0595,0.68939
6.5109,0.67869
6.5802,0.6752
6.3264,0.68625
6.2504,0.68896
6.6086,0.67343
6.2536,0.68776
6.2712,0.68761
6.3396,0.68441
6.4465,0.6804
6.3445,0.68426
6.3767,0.68192
6.5291,0.67578
4.8593,0.73832
6.2616,0.68661
6.6668,0.67074
6.3169,0.68595
6.6774,0.67086
4.8839,0.73829
4.8596,0.73913
4.4334,0.76081
6.0281,0.68995
5.1613,0.72573
4.8699,0.73984
6.6119,0.67531
6.6129,0.67509
6.5396,0.67592
6.511,0.67906
6.4536,0.68022
6.476,0.67879
6.3323,0.68557
6.5979,0.67405
6.2426,0.6889
6.2006,0.69207
6.3801,0.6828
6.2166,0.6891
6.2629,0.688
6.3693,0.68384
6.1226,0.69267
5.9989,0.69928
6.6982,0.67123
6.8069,0.66714
6.9031,0.66313
6.7139,0.67055
6.7951,0.6686
6.4607,0.68088
6.969,0.66071
7.0273,0.66151
6.4533,0.68131
6.9506,0.66187
6.3993,0.68251
6.8303,0.66585
6.2451,0.68782
6.4986,0.67843
7.3928,0.64326
4.9856,0.73332
6.38,0.68272
4.9665,0.73347
5.3451,0.71681
5.0406,0.72849
5.052,0.72922
6.479,0.67217
6.4007,0.68151
5.1249,0.72501
5.6009,0.70185
5.2074,0.72053
4.8869,0.73386
5.6247,0.70181
5.3742,0.71294
5.3139,0.71576
5.2443,0.71791
5.3594,0.7149
5.5787,0.70473
5.9993,0.68586
6.7277,0.67026
7.1027,0.65728
7.1285,0.65548
4.688,0.74756
7.0848,0.65836
6.6941,0.67485
5.9688,0.69719
6.5916,0.67791
6.764,0.67078
6.8702,0.66511
6.8173,0.66713
6.6729,0.67157
6.7246,0.67179
6.188,0.68256
6.8133,0.66173
6.693,0.66872
6.7901,0.66295
6.6445,0.67029
6.9044,0.65748
6.6702,0.66953
6.8081,0.66484
6.5784,0.67461
8.7912,0.60209
6.0086,0.68743
5.6889,0.69982
5.232,0.72055
8.4425,0.61069
6.9574,0.65977
8.387,0.61245
6.966,0.66068
6.8459,0.6666
6.9592,0.65877
7.0688,0.65815
7.1601,0.65504
7.0697,0.65924
6.7903,0.66941
8.3123,0.61642
6.9809,0.66308
6.8624,0.66092
7.0513,0.65431
6.968,0.65777
6.5315,0.67523
6.725,0.66721
6.8138,0.6622
6.9055,0.66218
6.6951,0.66901
6.782,0.66544
6.7144,0.66758
6.8414,0.66397
6.8814,0.6607
5.2108,0.7217
5.4512,0.70931
5.5712,0.70421
7.2393,0.64751
5.2635,0.7178
5.1082,0.72587
5.4003,0.71185
5.1896,0.72044
5.4181,0.70997
5.4357,0.70714
9.5606,0.58339
5.3704,0.71164
6.7518,0.67058
6.7614,0.66967
5.0031,0.72986
6.8393,0.66645
6.6304,0.67434
6.5996,0.6762
6.6352,0.67412
6.7586,0.66927
6.8907,0.66406
6.6492,0.67393
6.4749,0.68068
6.7564,0.66968
4.6011,0.75104
4.8758,0.73712
6.7999,0.66958
4.7673,0.74136
4.8918,0.73674
4.8285,0.73991
7.247,0.64746
7.4275,0.64122
4.8834,0.73604
4.903,0.73529
4.9146,0.73456
4.5637,0.75185
6.348,0.68248
6.5203,0.67106
4.528,0.75378
5.8021,0.69789
5.974,0.68953
4.5686,0.75167
6.5921,0.67372
5.2214,0.71993
6.8905,0.66142
6.3238,0.68431
4.849,0.73676
6.365,0.684
6.2031,0.68079
6.8412,0.65692
5.255,0.7197
6.5773,0.66834
6.0066,0.688
6.5058,0.67638
6.5202,0.6729
6.5174,0.67486
6.4969,0.6759
6.4571,0.67663
6.2655,0.6862
6.4482,0.67868
6.5167,0.67626
6.4259,0.68092
6.4244,0.68118
6.8524,0.66485
6.5777,0.67565
6.6683,0.67137
6.5245,0.67739
6.5527,0.67664
6.6207,0.67357
6.6094,0.67472
6.4146,0.68278
6.4017,0.683
6.0712,0.68854
6.3241,0.68941
4.9912,0.73127
8.4978,0.60971
8.735,0.60216
8.7094,0.6042
8.7472,0.60244
8.8525,0.59833
5.1854,0.71961
6.8652,0.66641
6.5954,0.67174
6.6391,0.67123
6.9058,0.66323
6.7151,0.67016
6.8937,0.66328
6.8455,0.66602
6.9467,0.66183
6.3073,0.68476
6.7988,0.66734
6.9718,0.6612
6.4256,0.67938
7.1231,0.65968
6.2748,0.68872
6.1705,0.69049
6.4576,0.68015
6.4008,0.68268
6.4985,0.67828
6.622,0.67119
6.4506,0.6796
6.5305,0.6763
6.6747,0.66975
6.5801,0.67439
6.7824,0.66667
6.7953,0.66403
6.8394,0.66439
6.5712,0.67337
6.8076,0.66639
7.118,0.65371
6.802,0.66765
6.9748,0.66063
7.0684,0.65746
6.4555,0.68093
6.4129,0.68239
6.8549,0.66518
6.8263,0.66823
6.5815,0.6745
6.4828,0.67942
6.9271,0.66475
6.7573,0.6618
5.3584,0.71201
6.8805,0.66166
5.5054,0.70655
6.7284,0.66649
6.735,0.66658
6.7524,0.66541
6.8931,0.66003
6.8436,0.66204
6.64,0.67103
8.8492,0.60053
6.6868,0.66936
6.1685,0.69072
6.2448,0.68794
6.4276,0.68012
5.6235,0.70086
6.5865,0.66869
6.5368,0.67157
5.6091,0.70309
5.7574,0.69406
6.3259,0.68275
5.307,0.71834
9.1357,0.59407
9.3871,0.58753
6.0707,0.69381
6.0728,0.69445
5.5641,0.70528
5.5356,0.70549
5.5043,0.70607
5.6045,0.70127
5.3208,0.71449
5.1237,0.72474
5.5634,0.70337
5.1356,0.72518
5.5131,0.70761
4.9517,0.73129
6.1426,0.69118
6.4017,0.67902
6.3225,0.68272
6.34,0.68161
6.2848,0.68397
6.3554,0.68147
6.4441,0.67789
6.2659,0.68527
6.2712,0.68533
6.2437,0.68712
6.1326,0.69141
6.3718,0.68207
5.8413,0.69619
5.9724,0.69814
6.0268,0.69504
6.0219,0.69474
5.9329,0.6988
6.041,0.69444
6.3481,0.6817
6.1964,0.68801
6.2204,0.68685
6.2874,0.68494
4.4748,0.7556
6.3228,0.68346
6.2131,0.68633
6.1523,0.69052
6.3312,0.68372
6.2785,0.68569
6.2975,0.68535
6.3489,0.68283
6.3653,0.68239
6.4996,0.67721
6.4176,0.68054
6.6201,0.67267
6.5504,0.6749
6.2551,0.68682
6.1244,0.69117
6.0981,0.69184
6.239,0.68699
6.2161,0.68728
6.0893,0.69309
6.1734,0.68986
6.184,0.6889
6.1698,0.6894
6.2489,0.6862
6.2209,0.68738
6.2512,0.68651
6.3375,0.68638
4.5772,0.74899
4.78,0.73801
6.0043,0.69582
6.2704,0.67809
6.5704,0.67475
5.52,0.70733
5.4176,0.71161
6.1833,0.68583
6.8082,0.66514
6.7013,0.66858
6.546,0.66629
6.8582,0.66298
6.0788,0.69339
5.9594,0.6972
6.2556,0.68594
6.3974,0.68065
6.3612,0.68231
6.4781,0.67693
6.2976,0.6852
6.2976,0.68522
6.403,0.68416
6.2783,0.68588
6.0814,0.69708
5.9238,0.70026
6.8245,0.66786
6.7085,0.67279
6.7409,0.67118
6.8027,0.66846
6.7868,0.6691
6.7563,0.67133
6.8056,0.66897
6.8321,0.66713
6.7906,0.66979
6.567,0.679
6.7159,0.67316
6.611,0.6768
6.8545,0.66364
6.7272,0.67048
6.8635,0.66618
6.8528,0.66562
6.7987,0.66698
6.7189,0.67103
6.7791,0.66975
6.8906,0.66501
6.8441,0.66694
6.7518,0.66852
6.8246,0.66538
6.6752,0.6733
6.4409,0.68199
6.3599,0.68064
6.5908,0.6711
6.367,0.68081
6.2708,0.68466
6.6387,0.66684
6.4555,0.67547
6.6011,0.67097
6.472,0.67671
6.7572,0.66905
6.3717,0.6798
6.4023,0.67747
6.4446,0.67755
6.16,0.6921
6.8077,0.66227
6.7821,0.6631
6.4351,0.67656
6.8447,0.65902
6.8075,0.65976
6.0115,0.69684
6.7921,0.66097
6.9499,0.65372
6.8016,0.66
6.5017,0.6723
5.6074,0.69422
8.4001,0.60738
5.7371,0.69285
6.5705,0.6675
6.7244,0.66174
6.4783,0.67281
6.5042,0.67069
8.3904,0.60759
6.4309,0.67278
6.581,0.66749
6.5768,0.66888
6.8158,0.6631
6.7485,0.66605
6.5858,0.67215
6.634,0.66954
6.777,0.66425
6.7126,0.66673
6.666,0.66711
6.5072,0.67532
6.614,0.66943
6.2929,0.67848
5.9838,0.69288
6.1854,0.68369
6.4106,0.67262
5.6569,0.68919
5.4279,0.70327
6.1719,0.67702
5.2161,0.71327
5.1897,0.71522
5.2866,0.71071
9.1755,0.58605
6.351,0.67722
9.0914,0.58796
5.9513,0.69234
4.8057,0.73531
5.0763,0.71925
6.1438,0.68265
6.1393,0.68126
5.927,0.69102
5.1163,0.7173
6.2675,0.67713
5.8775,0.6937
5.8103,0.69582
6.0589,0.68322
5.9407,0.68806
5.5137,0.69528
5.7658,0.69574
6.1105,0.68075
5.9106,0.69385
5.338,0.70232
5.3602,0.70193
4.7953,0.72795
4.3105,0.75296
4.3876,0.74352
6.0926,0.67114
5.9633,0.68488
5.8183,0.682
5.8499,0.68948
5.7125,0.68154
5.5583,0.70043
5.0696,0.70697
6.067,0.67845
5.6611,0.68282
5.4267,0.6912
5.7374,0.67958
5.9688,0.6698
5.7646,0.68977
5.7528,0.69073
5.5626,0.69778
5.5678,0.69674
5.6529,0.69387
5.5013,0.7002
5.4573,0.68843
5.8678,0.68131
5.8461,0.68358
5.5644,0.6864
5.4915,0.69031
5.5669,0.68265
5.2804,0.69583
5.544,0.68353
5.3055,0.69389
6.0235,0.6636
5.8577,0.68195
5.9455,0.66578
5.794,0.68392
5.8659,0.67905
5.5774,0.69277
5.6054,0.69093
5.4761,0.69662
5.5358,0.69219
5.5476,0.69186
5.6194,0.68859
5.447,0.69655
5.4723,0.69572
5.5994,0.68925
5.5033,0.69364
5.2531,0.689
5.9909,0.65891
5.395,0.6867
8.6718,0.58101
5.3103,0.69066
5.9485,0.66176
8.9806,0.56941
9.0731,0.56743
5.1256,0.70896
5.1015,0.70959
5.062,0.71321
5.1073,0.7135
5.6055,0.68854
5.4703,0.69358
5.2183,0.7044
5.3747,0.69773
5.3462,0.69603
5.269,0.69159
5.2052,0.70246
5.4043,0.69138
5.2759,0.69812
5.345,0.6936
5.1341,0.70393
5.3305,0.69478
5.3477,0.69366
5.2272,0.69897
4.8768,0.71338
5.1294,0.70243
5.1392,0.70205
4.9703,0.70962
4.9829,0.70822
4.8686,0.71448
4.9119,0.71088
4.9746,0.70857
5.2728,0.68293
5.0589,0.70139
5.3957,0.68844
5.4606,0.68543
5.4431,0.68571
5.4487,0.68463
5.3734,0.68722
5.4613,0.68287
5.0893,0.69724
5.0653,0.69887
5.0403,0.69852
4.9639,0.70361
5.075,0.6973
5.2359,0.68949
5.1936,0.68764
5.1544,0.68939
5.2249,0.69173
5.0582,0.69395
5.1428,0.68877
5.2942,0.68616
5.074,0.69538
4.7792,0.70602
4.8893,0.70309
5.0091,0.6957
4.995,0.69524
5.0365,0.69293
4.9273,0.69735
4.8016,0.70322
4.7967,0.70465
4.7717,0.70476
4.7479,0.70651
4.7948,0.70303
4.6969,0.70765
4.6345,0.70926
4.6135,0.71071
4.708,0.70398
4.6807,0.7056
4.663,0.70533
4.9285,0.69054
4.6118,0.69989
4.8693,0.69217
4.7427,0.6986
5.0446,0.6747
4.8331,0.69142
4.7427,0.69804
4.7904,0.68578
4.4459,0.70806
4.5264,0.70081
5.5433,0.66082
4.4097,0.70915
4.3918,0.70861
5.9325,0.64415
4.3909,0.70711
5.8209,0.6498
4.2366,0.71587
5.1162,0.6649
3.13,0.78745
4.773,0.6829
7.1713,0.5865
3.3292,0.76583
4.5482,0.6936
4.6101,0.69011
3.9503,0.7356
4.5176,0.69182
4.0897,0.72356
4.1616,0.71199
5.439,0.66445
4.0687,0.724
4.0842,0.72162
5.7328,0.64848
4.1454,0.71729
4.1641,0.71559
7.7725,0.57502
4.2187,0.70349
3.844,0.72397
4.2522,0.69595
4.1753,0.70084
3.8123,0.72499
4.097,0.70317
4.0872,0.70279
3.6955,0.7408
3.9925,0.70908
3.8438,0.71785
4.0035,0.70698
3.9594,0.70974
3.8065,0.72159
3.1636,0.7681
3.4373,0.74464
4.0545,0.7049
3.46,0.7533
3.3895,0.74595
3.2609,0.75769
3.7634,0.73295
3.484,0.74059
3.4255,0.74307
4.0177,0.70217
3.4751,0.74868
3.4116,0.75283
3.3913,0.7538
3.4193,0.75138
3.4479,0.74762
3.3977,0.75225
3.2669,0.76136
3.3528,0.75393
3.3123,0.7475
3.8379,0.71198
3.3335,0.74511
3.2334,0.76038
3.3912,0.73815
3.2449,0.75195
3.1828,0.7639
3.3171,0.7521
3.3428,0.74893
3.2189,0.75831
3.2898,0.75222
3.2837,0.75191
3.2541,0.74322
3.0481,0.77158
2.8147,0.77927
3.0662,0.75496
2.9331,0.76981
2.8062,0.7835
3.1237,0.75445
3.3585,0.73466
3.1352,0.75156
2.9138,0.76889
3.0978,0.75231
2.8709,0.78486
3.013,0.77011
2.8363,0.77062
3.3048,0.74314
2.9474,0.76336
3.0712,0.75234
1.7382,0.8886
3.0714,0.75619
3.0507,0.75913
2.9379,0.76752
2.8846,0.77382
3.0988,0.75956
6.7821,0.58267
2.9436,0.76672
3.0983,0.74933
3.3172,0.73053
3.7017,0.70035
3.0968,0.75651
3.2053,0.73732
3.3739,0.73253
3.1641,0.7472
3.7312,0.69465
3.4402,0.72408
3.4516,0.72
3.2569,0.73735
3.2215,0.73972
3.4249,0.721
3.1638,0.74018
3.3604,0.72205
3.3669,0.72613
3.4451,0.72216
3.322,0.72929
3.4939,0.71913
3.3389,0.73012
3.3043,0.73314
3.2716,0.73391
3.5235,0.71327
3.3741,0.72173
3.5914,0.70251
3.5114,0.70556
3.2213,0.73184
3.1574,0.73845
3.3964,0.7164
3.1639,0.74023
3.371,0.72125
3.5991,0.70968
3.6207,0.71293
3.7457,0.70774
2.9216,0.76231
3.08,0.74752
3.3057,0.72656
3.2556,0.73025
3.4222,0.71695
3.3759,0.72021
4.1473,0.67913
3.2395,0.72359
3.4843,0.70197
3.2271,0.72369
3.5155,0.69279
3.0122,0.73918
3.2178,0.72023
5.0845,0.64005
2.853,0.75984
3.0246,0.74224
3.2522,0.72427
3.249,0.72577
3.2251,0.73291
3.4466,0.71211
3.4619,0.72524
4.7111,0.65705
4.763,0.65587
4.6409,0.65997
4.6609,0.65902
5.0812,0.63266
3.0658,0.74349
3.1476,0.73384
3.155,0.73412
3.2566,0.72454
3.5654,0.71077
2.7789,0.76657
2.9079,0.75481
2.8331,0.76173
3.3416,0.72773
2.7095,0.77443
2.6619,0.77478
4.2065,0.68292
4.2958,0.67568
4.8761,0.64589
4.0787,0.68589
4.5989,0.65758
4.4205,0.66916
2.3043,0.807
3.0773,0.73966
2.5117,0.78454
3.0419,0.74313
2.5771,0.77838
2.3689,0.79746
2.5258,0.78178
2.384,0.79718
2.5275,0.77892
2.7112,0.7584
2.561,0.77286
3.3453,0.72179
2.7557,0.76017
2.7841,0.75615
2.8951,0.74615
2.4841,0.78504
2.7561,0.75993
2.7325,0.76053
2.4603,0.78419
2.6491,0.7693
2.7504,0.75954
2.8622,0.74395
2.6656,0.76251
2.6083,0.76965
2.6826,0.75794
2.7327,0.75668
2.807,0.73902
2.7591,0.74429
2.8597,0.74664
2.7206,0.7443
2.7033,0.75446
2.766,0.74968
2.804,0.74685
2.5984,0.76472
2.7374,0.7522
2.6137,0.75647
2.5875,0.77537
2.5691,0.77407
2.7712,0.75554
2.8228,0.75027
2.884,0.74282
2.6644,0.7644
2.6584,0.7649
2.7002,0.75685
2.8337,0.74793
2.6127,0.76986
2.6471,0.76555
2.4134,0.78956
2.7541,0.74532
2.6441,0.75732
2.7451,0.75309
2.6374,0.75853
2.5872,0.77126
2.6246,0.7652
2.4537,0.77492
2.3974,0.7871
2.7293,0.75593
2.5933,0.76085
2.6195,0.7602
2.7223,0.75856
2.5725,0.77109
2.3989,0.78776
2.3325,0.79561
2.5663,0.76944
2.5982,0.76767
2.5205,0.7783
2.4781,0.78087
2.4374,0.78499
2.6442,0.76523
2.5007,0.77877
2.4746,0.78233
2.4116,0.78827
2.9724,0.72544
2.9189,0.7279
2.6695,0.75172
2.4589,0.77881
2.7278,0.74854
2.8487,0.73903
4.1335,0.6726
2.5023,0.77564
2.4622,0.77904
2.2979,0.79973
2.3463,0.78821
3.3187,0.71375
3.0335,0.71421
2.645,0.75298
2.6727,0.75125
2.5818,0.7594
2.5273,0.76483
2.5085,0.76668
2.3784,0.78305
2.2642,0.79683
2.6398,0.75599
3.1192,0.73094
2.455,0.77732
2.6095,0.76038
2.4214,0.78344
2.4144,0.78346
2.5331,0.77089
2.4715,0.77675
2.2966,0.79765
2.5313,0.77288
2.5668,0.76917
2.3198,0.79468
2.4572,0.77854
2.4557,0.77878
2.3707,0.7876
2.508,0.76974
2.8241,0.74249
2.8593,0.74091
2.6931,0.75694
2.6026,0.76643
2.6766,0.75737
2.6818,0.75753
2.5283,0.7717
2.6271,0.76187
2.3994,0.78231
2.6425,0.76129
2.6521,0.75155
2.5749,0.76739
2.6803,0.75347
2.387,0.78193
2.5034,0.76952
2.3929,0.78005
2.4828,0.77254
2.3532,0.78679
2.4632,0.77504
2.6184,0.76386
2.3492,0.79012
2.3571,0.789
2.2647,0.79871
2.2469,0.80021
2.8407,0.74249
2.6474,0.75721
2.5047,0.77379
2.5767,0.76601
2.5309,0.76621
2.5749,0.76721
2.5671,0.7674
2.3962,0.78107
2.7076,0.7495
2.4189,0.78666
2.381,0.78195
2.9693,0.73469
2.8623,0.73216
2.7923,0.74163
2.8371,0.74577
2.7103,0.75553
2.7148,0.74768
2.5442,0.76407
2.5142,0.76793
2.6297,0.75684
2.6795,0.76248
2.4483,0.77889
2.4188,0.7801
2.5916,0.7666
2.651,0.75747
2.5337,0.76767
2.4044,0.77886
2.4868,0.7763
2.6268,0.75778
2.4164,0.7818
2.4282,0.78092
2.5385,0.76941
2.6289,0.76096
2.5921,0.76522
2.4025,0.78545
2.465,0.7786
2.5002,0.77792
2.4261,0.78624
2.5147,0.77099
2.5925,0.76564
2.5495,0.77382
2.5248,0.77168
2.4004,0.78583
2.5915,0.76892
2.5104,0.77522
2.5865,0.76833
2.5104,0.77527
2.487,0.77721
2.5383,0.7683
2.3927,0.78108
2.4413,0.77942
2.2845,0.7992
2.6245,0.75854
2.5249,0.76973
2.7785,0.74297
2.5444,0.76802
2.4553,0.78017
2.8367,0.74288
2.6613,0.75495
2.5184,0.76885
2.5201,0.77059
2.5629,0.76777
2.5881,0.76665
2.6439,0.75814
2.6281,0.76261
2.5629,0.77091
2.5783,0.76972
2.4635,0.77935
2.5455,0.76896
2.5698,0.76837
2.465,0.7805
2.3718,0.78988
2.4443,0.77115
3.5597,0.69124
2.1782,0.80337
2.4606,0.77145
2.2452,0.79735
2.12,0.81415
2.4058,0.77884
2.6061,0.75358
2.7494,0.74028
2.6578,0.74506
2.3941,0.77296
2.5279,0.76245
2.3903,0.77651
2.3938,0.77786
2.4544,0.77452
2.2855,0.79582
2.4266,0.77401
2.2733,0.79065
2.3966,0.77716
2.437,0.77316
2.3048,0.78753
2.4467,0.77195
2.2565,0.79287
2.187,0.80091
2.4584,0.77066
2.402,0.77693
2.4016,0.77502
2.3954,0.77941
2.4543,0.76819
2.4613,0.76704
2.3463,0.77815
2.4575,0.77901
2.484,0.76537
2.5214,0.76148
2.6492,0.74807
2.4193,0.77017
2.2097,0.79488
2.4774,0.76429
2.4239,0.77076
2.1494,0.80546
2.2316,0.79225
2.6396,0.74392
2.6203,0.75128
2.5336,0.75489
2.3484,0.77776
2.3438,0.78142
2.4196,0.76596
2.5154,0.75845
2.6473,0.75494
2.5214,0.76663
2.3653,0.78142
2.4256,0.77461
2.3465,0.78252
2.374,0.78113
2.3974,0.77902
2.4136,0.77593
2.2596,0.79227
2.2531,0.79262
2.2344,0.797
2.2844,0.78868
2.6982,0.73797
2.6839,0.74267
2.9372,0.71967
2.7315,0.73703
2.5358,0.75589
2.4823,0.76039
2.3013,0.78304
2.4328,0.76562
2.2169,0.79219
2.3026,0.78114
2.5138,0.76751
2.4634,0.76529
2.2036,0.79502
2.2529,0.78852
2.4585,0.76551
4.2049,0.64203
3.9973,0.66291
3.7998,0.67712
3.201,0.71744
3.9539,0.65946
2.4626,0.77509
2.3134,0.77936
2.5728,0.76257
2.3028,0.78043
2.6119,0.74451
2.9583,0.72926
2.5197,0.76205
2.5992,0.74547
2.5142,0.75415
2.3975,0.77529
2.4526,0.76727
2.497,0.75952
2.4912,0.76503
2.3821,0.77994
2.3692,0.77729
2.5358,0.76114
2.4394,0.77151
2.392,0.77787
2.6223,0.75397
2.5877,0.74734
2.5762,0.75572
2.4637,0.76925
2.4568,0.76794
2.2588,0.78764
2.417,0.77748
2.5157,0.76617
2.3304,0.78429
2.5085,0.76771
2.442,0.76758
2.4715,0.7755
2.4185,0.77367
2.7398,0.74144
2.6196,0.75041
2.593,0.75199
2.2976,0.79174
2.3207,0.78962
2.5194,0.76733
2.4301,0.77026
2.1767,0.79844
2.4916,0.7694
2.6286,0.74753
2.6392,0.75057
2.5668,0.76192
2.3829,0.77323
2.5979,0.7585
2.7559,0.742
2.3923,0.77475
2.2893,0.78737
2.6327,0.7576
2.4985,0.77129
2.4407,0.77122
2.2912,0.79261
2.6545,0.75087
2.5508,0.76176
2.6261,0.75508
2.5441,0.76269
2.7162,0.74508
2.4418,0.77144
2.4836,0.76303
3.1247,0.71624
2.4415,0.77336
2.3607,0.78516
2.7922,0.74559
2.5396,0.76246
2.6284,0.75492
3.3464,0.71555
3.7512,0.68207
2.6083,0.75525
2.6917,0.75266
2.944,0.72206
2.6628,0.75241
2.3262,0.78613
2.7728,0.73589
2.602,0.76253
2.5356,0.76002
2.5411,0.76712
4.212,0.64822
2.5679,0.76112
2.5652,0.76307
2.5955,0.75599
2.3124,0.78978
2.5242,0.76704
2.355,0.77978
2.2923,0.78676
2.2044,0.79666
2.313,0.78478
2.4851,0.77304
2.2354,0.79512
2.6702,0.7531
2.7312,0.7464
2.5191,0.77137
2.6254,0.75523
2.6684,0.75405
2.5906,0.76346
2.7893,0.74168
2.7316,0.74724
2.6506,0.75781
2.3579,0.78078
2.5581,0.75594
2.4058,0.77348
2.6142,0.76093
2.8692,0.72868
3.0748,0.70821
2.525,0.76462
2.4208,0.77234
2.5133,0.76271
2.2523,0.79295
2.4277,0.77538
2.4168,0.77643
2.2844,0.79055
2.3611,0.78449
2.3989,0.7766
2.3593,0.7744
2.735,0.74923
2.3386,0.78161
2.3842,0.77467
2.3075,0.78624
2.2286,0.79306
2.3772,0.77481
2.2744,0.78695
2.1428,0.80286
2.3598,0.77964
3.3686,0.71032
2.244,0.79148
2.5648,0.76148
2.5591,0.75966
2.5294,0.76376
2.525,0.76449
2.426,0.77408
2.5003,0.76753
2.4351,0.7747
2.6185,0.75745
6.3588,0.57148
3.587,0.69195
3.3552,0.70938
2.5053,0.76479
2.5361,0.75594
4.4017,0.64289
2.3437,0.779
2.4578,0.76596
2.3459,0.77682
2.4026,0.77652
2.2073,0.79456
2.3916,0.77789
2.2951,0.79102
2.2291,0.79208
2.36,0.7751
2.1947,0.79685
2.513,0.75635
2.4303,0.76508
2.4986,0.7588
7.452,0.52884
4.3702,0.65531
2.4276,0.7677
2.4887,0.76301
2.3463,0.77504
2.3377,0.77635
2.4788,0.76191
2.2711,0.7844
2.2033,0.79577
2.4539,0.76468
2.436,0.76818
2.4406,0.77066
2.5256,0.76141
2.4574,0.76914
2.362,0.78112
2.4531,0.77102
2.2824,0.78988
2.3691,0.77508
2.3598,0.77837
2.5434,0.75288
2.4152,0.76927
2.4338,0.76817
2.463,0.76209
2.4532,0.75738
4.7254,0.62677
2.3203,0.78892
2.2884,0.78184
2.3186,0.77698
2.3081,0.78421
2.4468,0.7623
2.2365,0.79471
2.3424,0.77711
2.3234,0.77865
2.3941,0.76396
2.3887,0.76826
2.2398,0.78479
2.2298,0.79209
2.3796,0.76419
2.1007,0.8057
2.263,0.78086
2.172,0.79626
2.1883,0.79127
2.3132,0.77493
2.5042,0.75819
2.4893,0.7567
2.4375,0.75759
2.2485,0.78206
2.4487,0.76105
2.3025,0.78682
2.5649,0.74948
2.7135,0.72995
2.2388,0.79295
2.3702,0.77193
2.3986,0.76927
2.5173,0.75998
2.4039,0.76495
2.2229,0.7874
2.691,0.73123
2.2289,0.79389
2.5053,0.76996
2.3182,0.78302
2.4042,0.77278
2.5116,0.76156
2.338,0.78027
2.5037,0.76067
2.441,0.77262
2.4543,0.76826
2.4101,0.77559
2.2756,0.78688
2.7053,0.7347
2.4033,0.77256
2.6235,0.75255
2.6634,0.74195
2.502,0.76299
2.9592,0.7293
2.3568,0.77255
2.7115,0.73692
2.3431,0.76917
2.3053,0.7796
2.3894,0.77145
2.4597,0.76751
2.2111,0.79343
2.5157,0.75919
2.9561,0.71205
2.4208,0.77452
2.6595,0.75412
2.6835,0.74171
2.3724,0.77579
2.4097,0.77608
2.4473,0.76556
2.5359,0.75627
2.3855,0.77613
2.2892,0.78693
2.9461,0.70415
2.7777,0.72074
2.3352,0.78112
3.3393,0.68834
2.8361,0.72074
2.4898,0.76078
2.3872,0.77974
2.9575,0.70698
3.1404,0.68456
2.3591,0.77641
2.4374,0.76844
2.4378,0.76884
2.4719,0.75855
2.5348,0.75758
2.3269,0.77651
2.4753,0.76551
2.3923,0.77877
2.53,0.75854
2.3928,0.77485
2.5181,0.76159
2.4283,0.77105
2.3005,0.78574
2.526,0.75689
2.3652,0.77756
2.6966,0.74632
2.1509,0.7992
1.9603,0.82299
2.26,0.79159
2.0365,0.81724
1.9185,0.83165
2.1942,0.7983
2.0617,0.81346
2.4638,0.76124
2.446,0.7664
2.2578,0.78818
2.279,0.78452
2.5638,0.75224
2.6604,0.74855
2.6224,0.74892
2.8233,0.73928
3.0558,0.72334
3.0227,0.72545
2.3014,0.79049
2.3058,0.78727
2.3324,0.78296
2.5299,0.76782
2.3431,0.78289
2.4193,0.77376
2.473,0.77276
2.3772,0.77869
2.2715,0.791
2.3126,0.78855
2.4137,0.77325
2.2077,0.80146
2.3787,0.77892
2.3786,0.77975
2.3767,0.77475
2.3212,0.78267
2.3062,0.78645
2.505,0.76452
2.4605,0.76111
2.2782,0.78883
2.0777,0.80878
2.1855,0.79635
2.2318,0.78913
2.287,0.78647
2.4436,0.77541
3.6902,0.6846
2.2511,0.78707
2.3445,0.7753
2.3037,0.7804
2.4513,0.76262
2.9721,0.71589
2.6305,0.74986
2.627,0.75631
2.554,0.7631
2.6225,0.75441
4.6855,0.6358
2.5621,0.76386
2.6275,0.75677
4.5004,0.64821
4.4876,0.6477
4.5418,0.64538
4.629,0.63896
2.5383,0.7676
2.3488,0.77446
2.4473,0.77494
2.2131,0.79064
2.4017,0.77951
2.4947,0.76878
2.5177,0.75267
2.3703,0.78091
2.3975,0.76445
2.3761,0.76976
2.2927,0.78771
2.2559,0.79136
2.7137,0.72257
2.5282,0.74838
2.1977,0.79241
3.8243,0.67304
2.7054,0.72854
2.3796,0.76781
2.0442,0.81038
2.3429,0.77237
2.4433,0.75607
2.1946,0.79111
2.1674,0.79859
2.5076,0.75359
2.4151,0.76824
2.4671,0.76936
2.3289,0.78471
2.4759,0.76571
2.4921,0.7642
2.2779,0.7875
2.361,0.7757
3.163,0.72037
2.2302,0.78939
2.6172,0.74899
3.9169,0.67245
2.4265,0.76956
2.4765,0.76455
2.4308,0.75194
2.4151,0.75548
2.2228,0.78239
2.3186,0.77137
2.2517,0.79146
2.2209,0.78166
2.1355,0.79467
2.4351,0.75912
2.1507,0.79318
2.1465,0.79066
4.3451,0.64281
2.3584,0.76215
2.2612,0.77356
2.4702,0.74657
2.6446,0.73454
2.6725,0.73389
2.1581,0.79344
2.219,0.78895
7.1968,0.53573
2.5376,0.75508
6.4735,0.56249
2.2581,0.77862
3.9979,0.65304
2.3529,0.77578
2.4069,0.75933
2.3714,0.76736
2.2776,0.77835
2.1608,0.79416
2.25,0.78158
2.3529,0.76586
2.2006,0.78849
2.3109,0.78114
2.2365,0.78242
2.1875,0.78994
2.3741,0.77487
2.4072,0.76897
2.4858,0.7607
2.0656,0.7997
2.2538,0.77829
2.2771,0.77467
2.2393,0.77802
2.174,0.788
2.4483,0.76717
2.088,0.80681
2.2507,0.77555
2.4535,0.76531
2.0638,0.80695
2.239,0.78606
2.1199,0.79932
2.2899,0.7805
2.1221,0.79916
2.3044,0.77579
2.1867,0.79152
2.1324,0.79149
2.3883,0.76969
2.1437,0.79564
2.2858,0.76961
2.1958,0.7892
2.1437,0.79739
2.0589,0.80912
2.705,0.71968
2.1968,0.79565
2.1669,0.79939
1.9416,0.8236
2.3655,0.7629
2.2656,0.78535
1.9739,0.81316
2.3289,0.76869
2.1176,0.79035
2.0509,0.80247
2.0722,0.79999
2.4188,0.77569
2.0071,0.81055
2.0168,0.80879
2.0488,0.80442
2.0931,0.79787
2.0585,0.80727
2.1012,0.80972
2.2351,0.79513
2.1704,0.80296
2.1147,0.79587
2.1239,0.7958
3.4761,0.68733
2.226,0.7933
2.1307,0.80022
2.1774,0.79096
2.1418,0.79508
2.1907,0.7844
2.2489,0.77976
2.113,0.79769
2.2089,0.78654
2.1238,0.7932
2.1639,0.79107
2.0792,0.8011
2.0483,0.80176
2.2128,0.78939
2.241,0.78479
2.3457,0.7682
2.2024,0.78687
2.2483,0.78317
2.0595,0.80639
2.2952,0.76382
2.2458,0.77902
2.2359,0.78366
2.3246,0.78344
2.103,0.79678
2.2677,0.79131
2.6121,0.75253
2.6047,0.75364
2.3886,0.776
2.5277,0.75451
2.8856,0.72071
2.2669,0.79143
2.2348,0.79099
2.185,0.79769
2.254,0.78422
2.3523,0.77952
2.0591,0.81124
2.3776,0.76094
2.5199,0.74134
2.3762,0.75804
2.5043,0.74264
2.3913,0.75488
2.2729,0.78649
2.3561,0.76607
2.3115,0.78372
2.2029,0.79291
2.128,0.808
2.2687,0.78477
2.2622,0.78583
2.1929,0.7953
2.574,0.74511
2.5131,0.75189
2.7663,0.72791
2.4837,0.76277
2.3717,0.77583
2.1541,0.79392
2.4179,0.7635
2.8159,0.7164
2.769,0.73206
2.243,0.78414
2.1536,0.79706
2.3469,0.76727
2.511,0.75406
2.5408,0.75378
2.3405,0.7786
2.3272,0.78054
2.3343,0.77789
2.3203,0.78065
2.8167,0.72362
2.1608,0.79728
2.4782,0.75971
2.5746,0.75113
2.4027,0.77087
2.3244,0.78086
2.8292,0.72325
2.8879,0.71066
2.2495,0.78499
2.2976,0.77974
2.4129,0.76792
2.4274,0.76167
1.969,0.82211
2.1495,0.79815
2.1162,0.80139
2.1909,0.7929
2.0556,0.81324
2.1411,0.80563
2.443,0.74813
2.3487,0.77707
2.0296,0.81158
2.0157,0.8115
2.2594,0.78963
1.9998,0.81577
2.149,0.80283
2.328,0.77799
2.0148,0.80948
2.0003,0.81184
2.2584,0.78535
2.1,0.81091
2.4719,0.7747
2.2285,0.78783
2.3098,0.7853
2.5594,0.75975
2.1856,0.79737
2.161,0.79179
2.3664,0.77418
2.2391,0.78561
2.0461,0.81034
2.6491,0.75061
2.4657,0.76907
2.3216,0.77323
2.12,0.8025
2.2258,0.79294
2.2563,0.78648
2.2195,0.78527
2.2781,0.78361
2.2948,0.78089
2.2944,0.78056
2.0767,0.80772
2.5128,0.7527
2.3647,0.76846
2.2559,0.78669
2.3981,0.76669
2.466,0.7621
2.0767,0.79827
2.4499,0.75873
2.5137,0.75318
2.5836,0.75181
2.6564,0.74242
2.3905,0.76467
2.5108,0.75143
2.4158,0.76318
2.4483,0.75845
2.5671,0.74838
2.4671,0.76108
2.586,0.739
2.8541,0.71456
2.2315,0.78294
2.6211,0.7449
2.6593,0.74293
2.6097,0.7406
2.3115,0.77119
2.4762,0.75988
2.5035,0.75504
2.3325,0.76972
2.4297,0.75853
2.2447,0.78229
2.3224,0.76672
2.3291,0.76868
2.6241,0.74296
2.4869,0.74829
2.2499,0.78039
2.5514,0.74005
2.6071,0.73413
2.2878,0.77235
2.3563,0.76691
1.9962,0.81405
2.1313,0.79481
2.2778,0.77588
2.2415,0.76766
2.0125,0.80178
2.0485,0.79981
2.3755,0.74885
2.312,0.75863
2.0898,0.78576
2.4391,0.74981
2.3348,0.76157
2.4073,0.75251
2.3018,0.76603
2.3329,0.76216
2.4911,0.73565
2.2896,0.77297
2.0887,0.79658
2.2068,0.78318
2.4398,0.75086
2.0961,0.7947
2.2595,0.77252
2.2396,0.77472
1.9641,0.81139
2.2734,0.76647
2.108,0.78922
2.275,0.76871
2.3423,0.75351
2.4641,0.74392
2.0701,0.79037
2.1757,0.77789
2.2312,0.76194
6.9318,0.51984
2.051,0.78275
2.1652,0.78008
2.097,0.7783
4.3112,0.63744
5.9062,0.56191
5.9961,0.56359
2.1009,0.78433
1.8185,0.81854
1.8623,0.81011
2.1319,0.77778
1.8657,0.81489
2.0562,0.78721
1.8715,0.81593
2.086,0.78319
2.0343,0.7859
2.1872,0.7654
6.2765,0.54128
5.881,0.55851
5.0143,0.59707
2.1595,0.77539
1.9096,0.80956
1.8517,0.8111
6.4109,0.55003
1.8681,0.80528
1.8329,0.81392
2.0031,0.78918
1.9429,0.79726
2.1208,0.77121
2.211,0.75514
1.9849,0.78438
6.1265,0.56279
2.1116,0.77067
2.1033,0.78039
1.795,0.82512
1.6805,0.84615
1.639,0.85307
1.5884,0.86115
1.7608,0.83458
1.767,0.83482
1.558,0.86501
1.6994,0.84273
1.6614,0.84797
1.5895,0.85159
1.7156,0.83298
1.659,0.84052
1.573,0.85643
1.6167,0.84903
1.6009,0.8516
1.5044,0.86767
1.6479,0.85206
1.4546,0.87146
5.8215,0.57429
1.5601,0.85463
1.5332,0.8559
1.7052,0.83033
1.6388,0.84576
1.6183,0.8413
1.5354,0.85393
1.5069,0.863
1.6341,0.84407
1.3523,0.89096
1.4908,0.86172
1.3361,0.89837
1.4888,0.86438
1.4853,0.86564
1.385,0.88418
1.2912,0.90712
1.4546,0.88126
1.4822,0.87286
1.3347,0.9043
1.4808,0.87145
1.441,0.87332
1.4597,0.87116
1.3306,0.89644
1.6069,0.8473
1.5149,0.86567
3.0298,0.71991
1.5176,0.86671
1.5494,0.85732
1.3648,0.88333
1.3868,0.88365
1.3329,0.89033
1.4182,0.88183
1.3163,0.89604
1.3577,0.88451
1.4007,0.87867
1.424,0.87466
1.4267,0.87953
1.3066,0.89896
1.402,0.87618
1.3555,0.88705
1.4468,0.86359
1.3391,0.89409
1.1582,0.95479
1.0298,0.99439
1.4634,0.89177
1.4876,0.88707
1.2977,0.92413
1.4704,0.88827
1.1441,0.95043
1.2904,0.9183
1.6712,0.85619
1.4529,0.8913
1.2861,0.9213
1.0947,0.96364
1.4723,0.88457
1.3937,0.90153
1.3026,0.91853
1.4353,0.89358
1.4131,0.89728
1.4688,0.88807
1.2857,0.91907
1.2528,0.92338
1.2214,0.93427
1.3491,0.90798
1.3251,0.91884
2.0594,0.80903
2.1941,0.79226
1.0775,0.96401
1.1456,0.94729
1.1543,0.94713
1.1077,0.95699
1.2536,0.92317
1.193,0.9381
1.2642,0.92196
1.1993,0.93481
1.2711,0.91849
1.1302,0.94571
1.1364,0.94545
1.3276,0.90508
1.2561,0.92005
1.2475,0.92478
1.3999,0.89449
1.3895,0.89146
1.3445,0.90187
1.3134,0.90636
1.232,0.92686
1.301,0.90958
1.4097,0.89051
1.1833,0.93116
1.1446,0.93946
1.14,0.94016
1.18,0.93312
1.2797,0.91046
1.2459,0.9214
1.2527,0.91509
1.3196,0.90324
1.3572,0.8931
1.3735,0.89725
1.2064,0.92517
1.2451,0.91565
1.0532,0.95816
1.4656,0.88012
1.499,0.87567
1.3722,0.89659
1.5047,0.87085
1.3789,0.896
1.5834,0.85631
1.4673,0.87546
1.363,0.89287
1.2747,0.91186
1.3132,0.90197
1.2841,0.90832
1.165,0.92996
1.2769,0.90847
1.1962,0.92886
1.2702,0.91024
1.1742,0.93156
1.2407,0.9149
1.3886,0.88371
3.5038,0.68564
1.3373,0.89263
1.2119,0.91647
1.3552,0.88985
1.4718,0.87269
1.4253,0.87344
1.2374,0.91599
1.307,0.89928
1.2984,0.90396
1.4474,0.87773
1.5664,0.8558
1.3804,0.88652
1.5857,0.85375
1.364,0.88478
1.556,0.85597
1.4179,0.87636
1.6514,0.84253
1.5189,0.85787
1.4908,0.86324
1.3795,0.88303
1.3012,0.90081
1.3886,0.87891
1.3652,0.88503
1.402,0.87547
1.5249,0.8614
1.697,0.83043
1.3822,0.88436
1.4352,0.8701
1.5777,0.84847
1.8427,0.81386
1.6007,0.84343
1.6814,0.83029
1.6713,0.83228
1.6231,0.84101
1.5103,0.85866
1.5923,0.8516
1.5403,0.8488
1.462,0.86737
1.3874,0.88272
1.4826,0.86358
1.3895,0.87614
1.5985,0.84725
1.5891,0.84151
1.8259,0.83212
1.8182,0.83086
1.4525,0.8666
1.5753,0.84761
1.617,0.83513
1.4958,0.86055
1.5855,0.8433
1.4882,0.85715
1.4036,0.87492
1.5034,0.8562
1.4101,0.87162
1.5207,0.8588
1.497,0.85711
1.5528,0.84193
1.6697,0.82963
1.4432,0.86469
1.5129,0.85242
1.423,0.87041
1.4877,0.85872
1.6142,0.83005
1.45,0.86093
1.5403,0.84653
1.2204,0.90172
1.1949,0.9034
1.1654,0.92015
1.1921,0.9085
1.2998,0.88164
1.1678,0.91832
1.4335,0.86487
1.302,0.88529
1.3552,0.86792
1.2232,0.90309
1.2404,0.89441
1.3687,0.86855
1.246,0.89249
1.2565,0.8929
1.1249,0.92124
2.7992,0.71892
2.9716,0.70557
2.0643,0.78588
2.7667,0.72449
1.4068,0.86996
1.5263,0.85033
1.4874,0.85698
1.5527,0.84184
1.5188,0.84799
1.7238,0.80483
1.3611,0.87857
1.3918,0.86954
1.3195,0.88429
1.3023,0.88603
1.3118,0.88505
1.4458,0.85461
1.3652,0.87335
1.2722,0.88886
1.477,0.85929
1.3593,0.8753
1.6364,0.82138
1.2802,0.8878
1.267,0.89069
1.5344,0.83638
1.3631,0.8734
1.3336,0.87934
1.7194,0.80707
1.5984,0.83188
1.5188,0.8487
1.6339,0.82389
1.4501,0.85941
1.4603,0.85622
1.5356,0.84368
1.2408,0.89749
1.2009,0.90397
1.2308,0.89776
1.4759,0.85721
3.6833,0.64582
3.2333,0.68409
1.3301,0.87829
3.6769,0.65259
1.4225,0.86454
1.3576,0.87339
1.5185,0.85033
1.6186,0.82461
1.5268,0.84282
1.4678,0.85351
1.5898,0.82804
1.4902,0.84949
1.4999,0.8505
1.418,0.86033
1.4201,0.85796
1.5579,0.83557
1.4811,0.84907
1.4575,0.85564
1.7001,0.80281
4.372,0.60194
1.2985,0.88548
1.3413,0.87748
1.3473,0.86959
1.1198,0.92415
1.1222,0.91911
1.3535,0.87468
1.3487,0.87476
1.1509,0.90853
1.275,0.88673
1.5294,0.84931
1.4702,0.85332
1.558,0.83824
1.7616,0.80021
1.6233,0.82635
1.3032,0.88193
1.2949,0.88252
1.4123,0.86112
1.4975,0.84907
1.5142,0.83652
1.3191,0.88124
1.4635,0.85669
1.5158,0.84047
1.3439,0.87351
1.386,0.86807
1.4363,0.85591
1.6215,0.82214
2.226,0.76896
1.6876,0.81808
1.477,0.85491
1.407,0.86875
1.3682,0.87409
3.3657,0.68209
4.4137,0.6105
1.291,0.88814
1.2991,0.88209
1.2218,0.89962
1.3605,0.87049
1.4291,0.85574
1.327,0.87959
1.2841,0.88515
1.6231,0.81266
1.3265,0.87787
1.3322,0.87566
1.4798,0.84592
1.2845,0.88384
1.3223,0.87646
1.3665,0.86847
1.371,0.86968
1.4826,0.84649
1.4002,0.85972
1.2327,0.89366
1.2232,0.89448
1.2465,0.89183
1.318,0.88006
1.591,0.8259
1.2121,0.90396
1.3228,0.8799
1.306,0.88245
1.3181,0.87341
1.294,0.87867
1.3781,0.8631
1.7294,0.79168
1.4394,0.84721
1.4807,0.84626
1.4586,0.85014
1.5242,0.84434
1.4307,0.8577
1.2561,0.89412
1.4902,0.84894
1.3939,0.8634
1.243,0.89509
1.2529,0.89315
1.2853,0.86767
1.7353,0.79853
1.495,0.83922
1.0839,0.91408
1.6718,0.79901
1.3217,0.87761
1.3394,0.87163
1.8887,0.75849
1.4906,0.83678
1.2361,0.8875
1.2541,0.88612
1.2795,0.87847
1.3964,0.85573
1.3959,0.85559
1.4762,0.84027
1.4338,0.8484
1.6162,0.80611
1.341,0.86396
1.345,0.85995
1.3828,0.85539
1.4007,0.84387
1.3575,0.86482
1.1767,0.8984
1.2196,0.89285
1.3219,0.88082
1.5713,0.8493
1.3164,0.88156
1.0687,0.92245
1.1035,0.91921
1.3235,0.87462
1.4241,0.83734
1.4065,0.85278
1.1088,0.9132
1.3629,0.86157
1.2912,0.8885
1.246,0.89523
1.1295,0.90513
1.5515,0.83583
1.3047,0.87611
1.2755,0.88348
1.1883,0.89396
1.0959,0.92007
1.1934,0.89808
1.0117,0.93628
0.99676,0.94023
1.0638,0.92505
0.97979,0.94675
1.152,0.90756
1.3602,0.85423
1.2899,0.87665
1.3123,0.87275
1.3473,0.85372
1.1637,0.89986
1.1967,0.88774
1.276,0.87215
1.3553,0.85464
1.0577,0.91848
1.2947,0.86605
1.3088,0.86268
1.2089,0.88748
1.3477,0.85721
1.177,0.89679
1.1298,0.89052
1.0996,0.90509
1.1428,0.89852
1.2748,0.87103
1.1062,0.90587
1.1386,0.89887
1.0808,0.91701
1.07,0.916
0.96856,0.94207
1.2102,0.88898
1.2538,0.86852
1.2018,0.8816
1.1053,0.89965
1.1363,0.89811
1.1327,0.89367
1.264,0.8593
1.2568,0.88072
1.1711,0.89861
1.078,0.91266
1.1735,0.88545
1.2665,0.87237
1.3135,0.86585
1.3219,0.86375
1.2575,0.87566
1.0771,0.90588
1.3443,0.86295
1.1327,0.89716
1.2399,0.86957
1.1209,0.89799
1.0423,0.91196
1.112,0.9019
1.1777,0.88473
1.4856,0.829
1.2805,0.86171
1.1799,0.89313
0.80206,0.98963
0.90994,0.95737
1.2181,0.88493
1.253,0.86118
1.282,0.86302
1.2546,0.86667
1.3083,0.8674
1.4253,0.84168
1.213,0.88695
1.5335,0.81967
1.3312,0.86069
1.4679,0.824
1.1902,0.89238
1.5004,0.82206
1.3493,0.85359
1.4435,0.83747
1.544,0.81529
1.4552,0.83859
1.6096,0.80724
1.5589,0.82222
1.4162,0.84506
1.4153,0.83437
1.4461,0.82096
1.3892,0.84135
1.2621,0.86678
1.453,0.82644
1.2924,0.86132
1.4643,0.82845
1.2228,0.88151
1.207,0.88158
1.3581,0.8457
1.3274,0.84186
1.2458,0.86916
1.1208,0.89674
1.3097,0.8633
1.4139,0.84875
1.3101,0.84917
1.7783,0.77839
1.4951,0.82901
1.4862,0.82524
1.3661,0.85529
1.313,0.8666
1.4929,0.83577
1.4695,0.83841
1.4219,0.84086
1.5373,0.81933
1.0568,0.91818
1.6971,0.79926
1.5779,0.80559
1.3576,0.85385
1.3043,0.85147
1.6311,0.79646
1.7422,0.77999
1.4884,0.81936
1.4356,0.83061
1.5976,0.80099
1.4766,0.82221
1.5019,0.82475
1.699,0.78282
2.2136,0.70608
1.8401,0.76504
1.2581,0.87678
1.4175,0.83977
1.5172,0.82101
1.4765,0.82911
1.3387,0.86933
1.5675,0.83014
1.5198,0.82192
1.8032,0.78579
1.4228,0.85199
1.387,0.84652
1.4419,0.82809
1.4242,0.83186
1.289,0.86533
1.6585,0.78968
1.4054,0.84682
1.3386,0.85452
1.1942,0.88229
1.422,0.83539
1.2987,0.86442
1.4105,0.84628
1.1976,0.88813
1.2503,0.88298
1.6422,0.81303
1.573,0.81858
1.7237,0.78417
1.4669,0.8376
1.3583,0.86196
1.3175,0.86781
1.2038,0.89217
1.2189,0.88893
1.4466,0.84795
1.4702,0.84592
1.3653,0.85972
1.3492,0.8698
1.4642,0.83637
1.3605,0.86157
1.4196,0.84933
1.4172,0.85583
1.204,0.89228
1.0277,0.93478
1.3283,0.87484
1.5974,0.82423
1.6232,0.82252
1.6288,0.82493
1.7453,0.80512
1.2013,0.89084
1.2081,0.88899
1.387,0.85368
1.5411,0.82722
1.5118,0.83902
1.4727,0.84249
1.5611,0.8292
1.4923,0.84261
1.542,0.83518
1.5278,0.83566
1.6813,0.8116
1.7874,0.79742
1.6227,0.82123
1.1054,0.90909
1.3793,0.85471
1.2478,0.88777
1.2987,0.87569
1.1197,0.91218
1.1275,0.90936
1.0779,0.92411
1.2972,0.87276
1.2306,0.89157
1.2554,0.88358
1.1956,0.89607
1.3695,0.86301
1.4619,0.84373
1.7136,0.81769
1.4791,0.84369
1.7403,0.80918
1.628,0.8258
1.619,0.82896
1.5332,0.83987
1.5647,0.83676
1.5065,0.84279
1.525,0.84145
1.4605,0.84548
1.459,0.85115
1.7546,0.79163
1.3173,0.87064
1.5466,0.83424
1.4148,0.85618
1.5906,0.82494
1.4263,0.85663
1.4045,0.86151
1.3094,0.87543
1.5802,0.82849
1.4806,0.84715
1.5959,0.82947
1.5505,0.83034
1.719,0.8064
1.6053,0.82444
1.7369,0.80511
1.1003,0.91681
1.5206,0.83406
1.3253,0.86892
1.2155,0.89366
1.4264,0.84964
1.3088,0.87774
1.4846,0.84806
1.2877,0.88065
1.4934,0.8404
1.5228,0.83584
1.5079,0.83011
1.3801,0.86198
1.3392,0.87113
1.383,0.86154
1.4918,0.84995
1.6223,0.81833
1.1109,0.91273
1.5841,0.82731
1.4764,0.84214
1.4273,0.85249
1.4511,0.85091
1.4875,0.84219
1.3406,0.87128
1.2613,0.88739
1.2712,0.88498
1.3249,0.87329
1.4691,0.84511
1.4565,0.85175
1.2943,0.87927
1.381,0.86401
1.2543,0.88268
1.3899,0.86006
1.3612,0.86138
1.1418,0.9024
1.0244,0.93102
1.2897,0.87579
1.4043,0.85293
1.3108,0.87328
1.2089,0.89005
1.3489,0.85472
1.4076,0.85234
1.2247,0.88989
1.1991,0.89246
1.1327,0.90511
1.0307,0.935
1.3988,0.84656
1.3386,0.87027
1.2075,0.89073
1.4199,0.85209
1.1129,0.91403
1.3009,0.87502
1.2765,0.87715
1.1644,0.90334
1.239,0.88901
1.2676,0.88169
1.2899,0.87751
1.0733,0.92429
1.1882,0.90345
1.3327,0.87471
1.3331,0.87417
1.0572,0.9354
1.1308,0.91367
1.2584,0.88016
1.2419,0.889
1.1858,0.90121
1.1232,0.91266
1.35,0.86566
1.0776,0.91925
1.1421,0.90673
1.071,0.92038
1.1063,0.92108
1.251,0.88578
1.2814,0.8734
1.2401,0.88971
1.0772,0.92003
1.0282,0.92681
1.0263,0.93338
1.1406,0.9042
1.0339,0.93193
1.2175,0.89033
1.116,0.91462
1.0084,0.93935
1.0464,0.92336
1.1238,0.90738
1.1706,0.89593
1.0885,0.90996
1.0874,0.9121
0.90703,0.95842
1.0323,0.92973
0.92312,0.95702
1.1199,0.9124
1.0461,0.92961
0.85745,0.97674
1.1817,0.90712
0.96955,0.95136
1.0086,0.94107
1.1457,0.9024
1.0842,0.92341
1.0791,0.92171
1.0488,0.93223
1.068,0.9299
1.1298,0.91386
0.896,0.97043
0.92204,0.96791
1.0016,0.94585
0.9661,0.95488
1.1507,0.90716
1.123,0.91132
1.1136,0.91104
0.81942,0.98451
1.0048,0.93953
0.91013,0.96296
0.87211,0.97731
0.91621,0.95693
0.8483,0.98043
0.85432,0.97882
0.91882,0.95992
1.0794,0.92395
0.87531,0.96947
0.84433,0.98222
0.90471,0.95635
1.1194,0.91206
0.7541,1.0059
0.8268,0.97959
1.0279,0.92164
0.8776,0.97069
0.8848,0.96706
0.96121,0.94054
1.1244,0.89436
0.94485,0.95243
0.90462,0.96684
1.076,0.9227
0.88722,0.97396
1.0441,0.92832
0.93903,0.95533
1.1034,0.91311
1.0246,0.9239
1,0.93497
1.0191,0.92885
0.99217,0.93795
0.89817,0.96139
1.2683,0.87445
1.3385,0.84809
0.94557,0.95173
1.0481,0.92024
1.1572,0.89458
1.1383,0.8978
0.95689,0.94783
1.0694,0.91651
0.95587,0.94631
0.92363,0.95043
1.1519,0.89243
1.2513,0.87799
1.6558,0.82617
1.5988,0.83611
1.508,0.85522
1.5578,0.84219
1.2467,0.86967
1.0354,0.92719
1.4505,0.86408
1.1777,0.8863
1.2482,0.87694
1.5381,0.84582
1.5806,0.83529
1.5651,0.842
1.062,0.90486
1.1095,0.89642
0.88988,0.96908
1.2389,0.88296
1.096,0.89988
1.0132,0.92186
0.91063,0.95509
0.92999,0.94458
0.93696,0.93994
1.0037,0.92312
0.98707,0.92591
1.13,0.89073
1.4315,0.84385
1.2747,0.85889
0.97593,0.93188
1.0941,0.89747
1.1978,0.87802
1.105,0.89629
1.12,0.89447
1.0573,0.91463
0.92592,0.95056
1.8105,0.79649
1.1093,0.8968
1.0519,0.91056
1.2677,0.85444
1.0984,0.90405
1.1069,0.89538
1.1009,0.89925
1.1548,0.88969
1.2119,0.88093
1.0026,0.92742
1.2596,0.86239
1.3089,0.85788
1.1732,0.8745
1.2038,0.87027
1.2654,0.86313
1.5501,0.81811
0.96277,0.92862
1.1862,0.8766
1.2585,0.84958
1.0026,0.92806
1.6505,0.79409
1.1677,0.88699
1.3516,0.84007
1.6737,0.79643
1.5094,0.82203
1.4703,0.82441
1.3602,0.85461
1.0812,0.90815
1.2209,0.86823
1.0231,0.916
1.3747,0.83138
1.0645,0.90866
1.4181,0.82492
1.1442,0.88239
1.4904,0.82109
1.1134,0.90273
1.4616,0.83865
1.2665,0.86488
1.5517,0.84415
1.4977,0.8198
1.0143,0.9262
1.2099,0.88116
0.79887,0.993
1.399,0.8488
1.0269,0.93697
1.43,0.84656
1.2355,0.88748
1.4776,0.8423
1.3398,0.86372
1.2478,0.88833
1.5985,0.82112
1.7846,0.78961
1.321,0.85298
1.2476,0.87371
1.1888,0.89135
1.2588,0.87471
1.5004,0.83348
1.3884,0.86272
1.0764,0.91563
1.0381,0.92693
1.0033,0.93314
1.304,0.86188
1.0211,0.92349
1.2834,0.86931
1.168,0.89252
1.1852,0.8846
1.4932,0.85508
1.3058,0.87326
1.3463,0.86531
1.2597,0.87714
1.3472,0.86678
1.3894,0.85638
1.0548,0.92723
1.0544,0.92771
1.1119,0.91441
1.1658,0.88011
0.96645,0.9413
1.3044,0.86687
1.2827,0.87847
1.2064,0.89662
1.212,0.89496
1.3676,0.86282
1.3077,0.87682
1.3276,0.87588
1.2076,0.89548
1.2411,0.88849
1.2781,0.87963
1.3277,0.85253
1.25,0.87993
1.021,0.93154
1.1353,0.90114
1.3183,0.85623
1.2333,0.87911
1.2037,0.88459
1.1229,0.90818
1.1974,0.88998
1.1367,0.90151
1.1279,0.90493
1.3893,0.85416
1.3077,0.86553
0.99869,0.93938
1.2415,0.88464
1.4601,0.83427
1.2276,0.88414
1.3808,0.86527
1.5087,0.82899
1.1849,0.89248
1.47,0.84277
1.355,0.86677
1.3277,0.87429
1.3516,0.8709
1.1348,0.90079
1.2332,0.88941
1.1507,0.90127
1.4893,0.84304
1.4487,0.84326
1.3839,0.85971
1.4413,0.84864
1.2889,0.87758
1.5394,0.82418
1.3628,0.87042
1.1272,0.90464
1.4778,0.83783
1.0926,0.91491
1.5073,0.82979
1.4659,0.83818
1.4021,0.85848
1.2524,0.88223
1.2263,0.89226
1.2297,0.89185
1.3913,0.85107
1.157,0.90227
1.5141,0.84129
1.2163,0.89522
1.182,0.90265
1.2661,0.87603
1.0479,0.92707
1.1839,0.89091
1.2042,0.88721
1.1804,0.89374
1.292,0.87431
1.3083,0.87682
1.1953,0.89208
1.2624,0.87648
1.2025,0.88771
1.1588,0.90379
1.1447,0.90336
1.0801,0.91601
1.1145,0.90863
1.4748,0.83816
1.3172,0.8653
1.5722,0.81946
1.5111,0.83126
1.3716,0.86064
1.4916,0.8358
1.4461,0.8465
1.4688,0.84452
1.4282,0.84527
1.463,0.84022
1.0685,0.9174
1.2147,0.88561
1.2174,0.88018
1.5014,0.84207
1.0644,0.92391
1.3009,0.86583
1.1183,0.90989
1.1902,0.89235
1.0878,0.91797
1.1761,0.895
1.0878,0.91484
1.1681,0.8966
1.5972,0.81609
1.4795,0.84788
1.3094,0.87793
1.2796,0.87965
1.4583,0.84372
1.2896,0.88063
1.3185,0.87446
1.4147,0.85589
1.3176,0.87453
1.5365,0.83368
1.4078,0.85613
1.2837,0.88442
1.1177,0.91097
1.34,0.87248
1.1158,0.91616
0.98866,0.93821
0.94062,0.95556
1.0343,0.93455
1.0581,0.92409
1.2705,0.86998
1.0145,0.9397
1.0926,0.91957
1.1696,0.89893
1.1479,0.90565
0.83492,0.98231
1.048,0.92216
1.0362,0.93029
1.0135,0.93797
0.98093,0.95066
1.0533,0.93076
0.99333,0.94408
1.0009,0.94455
0.95625,0.95592
0.92774,0.96072
1.0862,0.91231
0.94585,0.95693
1.0633,0.91872
1.2758,0.87028
0.93617,0.95773
0.98767,0.94349
0.96716,0.94753
0.96239,0.94471
0.97705,0.9401
0.89082,0.96797
0.86838,0.96926
0.8409,0.9818
0.9032,0.96562
0.87227,0.96966
1.0816,0.92161
1.115,0.92216
0.85631,0.9771
1.0735,0.92848
1.0324,0.94005
1.1883,0.90578
1.0484,0.93777
1.1528,0.91031
1.2411,0.88844
1.0243,0.93962
1.0459,0.93579
1.1069,0.9187
1.0863,0.92001
1.1222,0.90731
1.2026,0.90023
0.95026,0.95177
0.91758,0.96239
1.0502,0.93409
0.84501,0.97999
1.1418,0.90941
1.0681,0.92735
0.86559,0.97172
0.97043,0.95379
0.88346,0.96658
0.88691,0.9614
1.1595,0.90431
1.0991,0.91871
2.9776,0.69918
1.0635,0.92389
0.91001,0.96094
0.86775,0.96773
0.80256,0.99698
0.84938,0.97827
0.89176,0.96924
0.74391,1.0153
0.99564,0.93461
1.1234,0.90721
1.0492,0.92598
0.7523,1.0077
1.3546,0.87843
1.1166,0.90549
0.88499,0.95598
0.88244,0.96636
0.91142,0.95784
1.0519,0.91957
0.9873,0.93641
1.3266,0.88106
1.3044,0.87245
1.1145,0.90057
0.8677,0.97052
0.77389,1.0037
0.8571,0.97015
1.0708,0.9071
0.86037,0.97244
1.01,0.93136
0.87973,0.97026
0.96614,0.94157
0.98382,0.93625
1.1099,0.9141
1.1042,0.90924
1.0156,0.92131
1.013,0.92464
1.2662,0.85894
1.2774,0.85382
1.2001,0.87608
1.0648,0.91057
1.1396,0.88675
1.1377,0.8838
1.0783,0.91935
1.2139,0.87047
1.0821,0.90129
1.2925,0.85585
1.169,0.89402
1.3071,0.85994
1.1532,0.89886
1.1455,0.89861
1.1317,0.90454
1.2196,0.87351
1.1197,0.90479
0.97322,0.9472
1.0615,0.91766
1.7527,0.77254
1.279,0.87012
1.1884,0.89446
1.4507,0.82988
1.3018,0.87837
1.6767,0.81323
1.441,0.85288
2.0997,0.7499
1.7469,0.80461
1.3067,0.876
1.8183,0.77726
1.3317,0.86281
2.7528,0.68176
1.4903,0.83742
1.9125,0.77824
1.3362,0.84807
1.4097,0.83514
1.0956,0.90614
1.3924,0.84734
1.3851,0.8424
1.4695,0.83747
1.3333,0.86729
1.6848,0.78609
1.1723,0.90264
1.1934,0.89068
1.5022,0.82138
1.2042,0.88728
1.1486,0.8899
1.3574,0.86199
1.6638,0.80545
1.1834,0.88981
1.1083,0.90691
1.3336,0.85267
1.2313,0.8769
1.2192,0.88288
1.4307,0.82859
1.0968,0.90626
1.3794,0.84823
1.4864,0.82476
1.4283,0.82635
1.195,0.89214
1.2726,0.86679
1.3115,0.85981
1.4411,0.84036
1.3047,0.85687
1.6341,0.7952
1.127,0.89687
1.311,0.85723
1.9374,0.76983
1.1467,0.89872
1.64,0.81007
1.5918,0.82106
1.1963,0.88787
1.6471,0.81468
1.558,0.8284
1.7762,0.7971
1.9959,0.7614
1.7706,0.78924
2.0029,0.76283
1.5999,0.82303
1.8881,0.77653
1.4494,0.85185
1.551,0.83259
1.4083,0.85703
1.5874,0.83098
1.7173,0.80545
1.643,0.83423
1.5647,0.83439
1.4782,0.84367
1.6212,0.82174
1.3343,0.87418
1.4225,0.84845
1.3244,0.86947
1.3636,0.86972
1.3909,0.85951
1.2372,0.88931
1.5201,0.83858
1.5237,0.83707
1.2459,0.89376
1.4162,0.85653
1.4817,0.83636
1.4778,0.8434
1.4648,0.84927
1.5725,0.83225
1.44,0.85043
1.4312,0.85493
1.4043,0.85153
1.5657,0.83716
1.5559,0.83224
1.3239,0.8742
1.085,0.92238
1.4475,0.84775
1.5994,0.82648
1.7072,0.80676
1.6459,0.80241
1.27,0.88621
1.5583,0.8316
1.4682,0.85522
1.3983,0.86659
1.7081,0.81626
1.5041,0.84046
1.669,0.81362
1.849,0.79529
1.1953,0.89598
1.4888,0.84994
1.3423,0.87378
1.3079,0.88242
1.3069,0.8806
1.3252,0.87935
1.3543,0.87466
1.2769,0.88871
1.5879,0.81652
1.5401,0.83786
1.5466,0.83406
1.3307,0.87639
1.429,0.85553
1.4514,0.85319
1.5926,0.8241
1.6696,0.8183
1.6602,0.8232
1.5927,0.83264
1.4538,0.84661
1.4213,0.85598
1.5531,0.82677
1.3051,0.88384
1.3423,0.87237
1.331,0.87427
1.4261,0.85678
1.5954,0.83645
1.8018,0.80136
1.485,0.8463
1.4791,0.84925
1.3986,0.86877
1.3811,0.87135
1.3633,0.87623
1.3726,0.87256
1.2748,0.8894
1.3174,0.88497
1.168,0.90593
1.1551,0.91287
1.3589,0.87442
1.4539,0.85045
1.337,0.87732
1.4494,0.85754
1.5047,0.84501
1.695,0.81424
1.357,0.87359
1.0717,0.93177
1.4968,0.85185
1.3787,0.87079
1.2972,0.88671
1.5067,0.84997
1.5114,0.84577
1.5434,0.84669
1.4295,0.86572
1.3827,0.86761
1.3816,0.86763
1.516,0.84675
1.4577,0.85684
2.8458,0.7114
2.5918,0.73633
1.1695,0.91338
1.5239,0.8491
1.4843,0.85405
1.3359,0.88262
1.3307,0.87977
1.2112,0.90582
1.2849,0.88699
1.21,0.90608
1.5256,0.84842
1.3249,0.88413
1.4653,0.86355
1.3831,0.88346
1.2494,0.90391
1.3244,0.89621
1.451,0.86855
1.2946,0.90264
1.4053,0.88384
1.0547,0.94763
1.4796,0.85532
1.4111,0.87641
1.6104,0.83598
1.3414,0.89026
0.94232,0.96917
0.97877,0.95851
1.4215,0.87172
0.99777,0.95619
1.2446,0.90351
1.0306,0.94758
1.0036,0.95774
1.0538,0.94303
1.2245,0.90379
1.0489,0.9449
1.1399,0.92298
1.2904,0.89082
1.2501,0.90826
1.1393,0.93242
1.0992,0.93768
1.1153,0.93561
1.0711,0.94481
1.1106,0.93161
1.0776,0.94364
1.184,0.91327
1.1526,0.92533
1.1126,0.93388
0.95425,0.97001
1.0477,0.95027
1.1868,0.91572
1.1149,0.93147
1.0223,0.95918
1.1686,0.91923
1.0994,0.93617
1.0077,0.9592
1.0714,0.94121
1.1183,0.93347
1.2126,0.91151
1.1121,0.9305
1.0777,0.94014
1.0013,0.9602
1.0624,0.94018
1.2464,0.90665
1.206,0.91607
1.3383,0.89226
1.1512,0.92872
1.2432,0.91058
1.0861,0.94641
1.2107,0.92103
1.0726,0.94704
0.87284,0.99621
1.1628,0.93198
1.05,0.95571
0.92679,0.97927
1.3528,0.88604
1.3365,0.89633
0.917,0.98485
1.2651,0.91586
1.501,0.86128
1.301,0.9038
1.2914,0.90845
1.227,0.91748
1.3837,0.89045
1.3559,0.89663
1.3032,0.90531
1.3461,0.88018
0.97057,0.97117
1.4801,0.85113
1.3438,0.87664
0.96603,0.98105
0.90431,0.99244
1.1406,0.93599
1.227,0.91644
1.1564,0.93394
1.0692,0.95166
1.1548,0.92511
0.99843,0.97149
1.3948,0.86719
1.3363,0.88204
1.343,0.89122
1.3656,0.88853
1.2878,0.8938
1.4454,0.86787
1.1509,0.92689
1.2604,0.90303
1.5586,0.85326
1.3361,0.89435
1.1217,0.94404
1.8711,0.80418
2.29,0.7638
1.4792,0.86978
1.696,0.81482
2.1228,0.75566
1.9946,0.78068
1.2743,0.91216
2.1508,0.75737
1.647,0.84015
2.2106,0.75
1.5471,0.86596
1.8824,0.80263
1.3712,0.89501
1.217,0.91644
1.2697,0.90832
1.1949,0.91755
1.1871,0.92527
1.3899,0.87634
1.1289,0.92787
1.3288,0.88707
1.6277,0.83396
1.5141,0.85395
1.158,0.93356
1.2095,0.9206
1.0953,0.94897
1.4566,0.87804
1.1866,0.93424
1.664,0.83343
1.3608,0.89888
1.7573,0.81898
1.0711,0.94503
1.4875,0.86894
1.2737,0.91391
1.2112,0.92782
1.5739,0.84949
1.3237,0.90899
1.2924,0.91342
1.4599,0.88772
1.3387,0.90072
1.3794,0.8944
1.3586,0.89531
1.4103,0.88631
1.5245,0.87043
1.8195,0.82323
1.7133,0.84143
2.0092,0.78662
1.7333,0.83999
1.6769,0.85029
1.5576,0.87402
1.5294,0.86123
1.4346,0.88057
1.5387,0.85093
1.226,0.92645
1.222,0.93258
1.1177,0.95565
1.1389,0.94155
1.116,0.9551
1.0747,0.96447
1.0551,0.96888
1.2044,0.93642
1.114,0.95507
1.2935,0.9044
1.454,0.89287
1.4043,0.89848
1.3232,0.90735
1.889,0.80233
1.882,0.7959
1.4081,0.89628
1.2773,0.91504
1.2705,0.91939
3.1172,0.72563
1.2649,0.92005
1.2047,0.93021
1.2928,0.91437
1.1445,0.94615
1.3469,0.9108
1.8872,0.83182
1.268,0.92554
1.62,0.8558
1.238,0.9174
1.5534,0.87699
1.2196,0.92799
1.1051,0.95186
1.446,0.88999
1.4722,0.88648
1.155,0.94794
1.2384,0.93297
1.2648,0.92903
1.2145,0.93521
1.2711,0.92712
1.3145,0.91784
1.2873,0.92505
1.0913,0.96253
1.2992,0.91957
1.2873,0.91918
1.2528,0.93003
1.1885,0.94573
1.2349,0.93301
1.2987,0.92228
1.3326,0.91415
1.3671,0.90848
1.3485,0.90914
1.4208,0.89945
1.3176,0.91418
1.317,0.91443
1.39,0.90504
1.4495,0.8945
1.3734,0.90578
1.5147,0.88554
1.4238,0.89809
1.4727,0.88818
1.5338,0.87206
1.3931,0.90595
1.5101,0.88462
1.4675,0.89263
1.5434,0.88211
1.6566,0.86735
1.6311,0.86742
1.5237,0.88747
1.7064,0.85518
1.4234,0.90236
1.613,0.8706
1.5958,0.87244
1.6258,0.87128
1.5573,0.88043
1.6338,0.86781
1.4865,0.8844
1.467,0.89022
1.5023,0.88805
1.3079,0.92432
1.4143,0.9079
1.4839,0.89346
1.5425,0.88553
1.7399,0.86129
1.5563,0.88024
1.7729,0.85618
1.6852,0.86065
2.7204,0.75584
1.6602,0.86661
1.5825,0.8761
1.5922,0.87651
1.703,0.85819
1.7281,0.85916
1.5675,0.87891
1.6271,0.8714
1.7447,0.85887
1.6071,0.88148
1.4237,0.90726
1.4589,0.90139
1.6416,0.87135
1.3804,0.91402
1.3299,0.9232
1.9795,0.83382
1.5933,0.8815
1.7102,0.86373
1.698,0.86658
1.6287,0.87511
1.4787,0.89488
1.5863,0.87896
1.7297,0.85983
1.5065,0.88859
4.9813,0.62864
1.6205,0.87336
1.5274,0.88827
1.7767,0.85807
1.5128,0.89174
1.6004,0.87679
1.7813,0.85368
1.798,0.85254
1.3766,0.91399
1.6587,0.87275
1.6948,0.86634
1.7941,0.85161
1.6877,0.86702
1.7603,0.85826
1.6874,0.86919
1.7995,0.85182
1.7575,0.85569
1.7908,0.85226
1.8323,0.84446
1.7608,0.85478
1.6742,0.86739
3.77,0.69321
3.0193,0.7417
1.6715,0.87148
3.0667,0.73997
1.689,0.87079
1.5863,0.88383
1.6967,0.86883
1.7186,0.86587
1.6269,0.87585
1.6001,0.88306
1.6339,0.87731
1.5765,0.88474
1.5565,0.88893
1.6595,0.87362
1.7607,0.85852
1.6614,0.87117
1.6493,0.87533
1.3758,0.91702
1.6526,0.87128
1.7546,0.85994
1.4513,0.90284
1.6404,0.87194
1.4502,0.90401
1.5671,0.88457
1.5663,0.886
1.493,0.90064
1.6156,0.87993
1.784,0.85276
1.4893,0.89942
1.5847,0.88363
1.4601,0.90592
1.5689,0.88794
1.5155,0.89586
1.5482,0.89489
1.5915,0.886
1.6091,0.87788
1.811,0.84687
1.8202,0.84725
1.8649,0.84348
1.7528,0.8585
1.7454,0.85525
1.7245,0.86442
1.8646,0.84257
1.8166,0.84783
1.6081,0.87807
1.3913,0.91519
1.5613,0.88443
1.553,0.88773
1.8032,0.85275
1.8372,0.84475
1.6008,0.8816
1.6503,0.87427
1.6687,0.86932
1.5141,0.89642
1.7522,0.85963
1.481,0.90222
1.5903,0.88493
1.5783,0.88745
1.4452,0.90657
1.3144,0.92794
1.2885,0.93296
1.6426,0.87615
1.2325,0.94306
1.5439,0.88832
1.3971,0.9167
1.4991,0.89819
1.4475,0.90683
1.3162,0.92962
1.5338,0.89546
1.4046,0.91372
1.6866,0.86956
1.5813,0.884
1.2768,0.93793
1.4742,0.90175
1.5993,0.88238
1.4584,0.90396
1.601,0.8798
1.4808,0.89854
1.5353,0.8895
1.5521,0.88717
1.5752,0.88416
1.5346,0.89084
1.5633,0.8858
1.3624,0.91967
1.251,0.94085
1.435,0.9085
1.5874,0.88123
1.2325,0.94649
1.2185,0.95003
1.5384,0.89171
1.5692,0.88608
1.2576,0.94267
1.3218,0.92835
1.2955,0.93186
1.6252,0.8763
1.1349,0.96059
1.2912,0.92954
1.2482,0.93368
1.238,0.93766
1.1638,0.95461
1.6448,0.86937
1.2198,0.94334
1.0689,0.97618
1.4797,0.90174
1.2344,0.94624
1.347,0.92502
1.0227,0.99117
1.6082,0.88372
1.5888,0.88769
1.5821,0.8857
1.4942,0.9
1.4332,0.91095
1.5538,0.89122
1.4964,0.9034
1.4197,0.91581
1.3241,0.9306
1.5334,0.89757
1.2203,0.95174
1.1954,0.95473
1.2044,0.94996
1.5413,0.89159
1.3673,0.92038
1.4059,0.9161
1.2349,0.94715
1.1988,0.95499
1.4129,0.91513
1.3542,0.92329
1.4287,0.90962
1.5438,0.89117
1.2366,0.94385
1.2577,0.94563
1.4555,0.90329
1.1552,0.96089
1.5017,0.9019
1.3021,0.93346
1.3363,0.93093
1.493,0.90054
1.5622,0.89161
1.405,0.91352
1.4764,0.90413
1.559,0.89244
1.4985,0.90229
1.5495,0.8951
1.3648,0.91839
1.2569,0.9386
1.4569,0.90529
1.3633,0.92248
1.4564,0.90547
1.4348,0.8988
1.2433,0.94497
1.314,0.92716
1.3108,0.92923
1.4304,0.90894
1.3544,0.92645
1.2548,0.9429
1.4295,0.89883
1.3744,0.91188
1.6103,0.88431
1.3011,0.93314
1.1831,0.95915
1.4434,0.90389
1.5509,0.89452
1.423,0.90358
1.5687,0.88764
1.2913,0.93209
1.4209,0.9126
1.4933,0.90141
1.4843,0.89631
1.371,0.91586
1.5342,0.88978
1.668,0.86161
1.477,0.89739
1.5652,0.88826
1.3802,0.92044
1.2618,0.9428
1.4257,0.91439
1.4706,0.89604
1.4223,0.90965
1.4965,0.89568
1.6248,0.87068
1.1838,0.95958
1.5852,0.87916
1.2971,0.93526
1.3881,0.91949
1.308,0.9339
1.3734,0.9245
1.3554,0.92721
1.4588,0.9101
2.4247,0.80103
1.2856,0.94382
1.4251,0.91419
1.6757,0.87364
1.5092,0.89892
1.4944,0.90344
1.6697,0.86978
1.6531,0.86739
1.6002,0.88865
1.4704,0.90973
1.4332,0.9164
1.5032,0.9054
1.4791,0.9083
1.4803,0.90689
1.4835,0.90551
1.3873,0.91612
1.384,0.92637
1.4731,0.91006
1.7365,0.86091
1.7051,0.86889
1.9255,0.83044
1.6505,0.87928
1.4123,0.91163
1.3562,0.92737
1.5281,0.89562
1.3527,0.92233
1.3805,0.92268
1.658,0.88023
1.7306,0.86995
1.7148,0.87392
1.7193,0.87281
1.7509,0.8649
1.5054,0.90174
1.5873,0.89253
1.6049,0.89082
1.4171,0.91762
1.5928,0.89026
1.4977,0.90229
1.7407,0.86664
1.4749,0.9046
1.6328,0.88494
1.5385,0.8896
1.7114,0.87349
1.4979,0.90201
1.4325,0.91243
1.5813,0.88786
1.6579,0.87148
1.5576,0.89156
1.4813,0.90309
1.5164,0.89998
1.6551,0.8821
2.2629,0.79973
1.9315,0.83581
1.5441,0.89255
1.6153,0.88333
1.7245,0.86828
2.7987,0.75763
1.7,0.8729
1.6002,0.89075
2.6673,0.77298
1.6533,0.87961
1.5413,0.89717
1.6356,0.88457
1.8887,0.84273
1.9259,0.84039
1.6887,0.87563
1.738,0.86717
1.7742,0.86722
1.9715,0.83737
1.7638,0.86947
1.7666,0.86611
1.8139,0.85958
1.7088,0.87424
1.8116,0.8586
1.8011,0.86053
2.0026,0.82677
1.6341,0.87724
1.6411,0.88691
1.7391,0.86256
3.2293,0.73682
1.8641,0.85469
1.6564,0.88086
1.7054,0.87987
1.5246,0.90445
1.7135,0.87696
1.6326,0.88406
1.5885,0.89226
1.547,0.89553
1.6228,0.88795
1.9172,0.84753
1.8002,0.86396
1.7493,0.8719
1.8462,0.85824
1.8173,0.86087
1.7043,0.87847
1.7654,0.86989
1.7614,0.86679
1.773,0.8676
1.7131,0.87335
1.7378,0.87788
1.8004,0.8695
1.7457,0.87639
1.7375,0.87533
1.6828,0.88037
2.5336,0.79604
2.8832,0.76673
1.6616,0.88586
1.6418,0.88255
3.446,0.72155
3.5046,0.71915
3.0097,0.75686
1.618,0.88925
1.5997,0.88766
2.0663,0.83913
1.785,0.86069
1.6328,0.88663
1.6992,0.87557
1.8539,0.8597
1.7244,0.86941
1.7806,0.86707
1.723,0.8742
1.6758,0.87768
1.8466,0.85278
1.9773,0.83686
1.6137,0.8903
1.7784,0.86742
1.6903,0.87955
1.6645,0.8835
1.6155,0.89172
1.5964,0.89341
1.7359,0.87363
1.6596,0.88752
1.6173,0.89253
1.6637,0.88688
1.7151,0.87767
1.9894,0.83601
1.8559,0.85688
1.7722,0.87183
2.8917,0.76832
2.473,0.79517
1.8234,0.86549
1.916,0.85299
1.8892,0.85663
1.9847,0.83942
1.871,0.85637
1.8457,0.86271
