103.35,-0.20147
91.991,-0.17585
97.923,-0.18924
92.871,-0.14044
99.09,-0.18445
102.32,-0.20169
92.4,-0.15671
96.502,-0.15245
93.398,-0.16549
105.12,-0.21141
105.09,-0.21343
95.28,-0.1806
94.68,-0.17561
97.648,-0.18928
95.848,-0.18051
98.1,-0.19185
98.074,-0.1889
103.76,-0.20568
93.914,-0.17008
94.295,-0.17389
94.127,-0.16913
94.946,-0.17524
94.675,-0.17562
94.428,-0.17346
96.73,-0.16862
93.857,-0.15271
97.843,-0.18217
97.888,-0.17322
93.805,-0.1636
93.691,-0.16387
94.332,-0.16734
97.114,-0.16529
91.944,-0.15605
95.063,-0.16263
91.474,-0.15493
98.291,-0.18368
95.798,-0.1793
96.136,-0.18254
96.696,-0.18605
97.108,-0.18593
97.247,-0.1906
95.237,-0.17101
97.804,-0.18732
95.346,-0.18175
96.344,-0.18172
97.853,-0.18751
96.496,-0.19164
98.476,-0.1931
94.842,-0.17627
98.369,-0.18757
95.341,-0.17622
95.504,-0.17649
93.184,-0.162
93.782,-0.16688
96.919,-0.18065
97.33,-0.18031
96.452,-0.17436
98.263,-0.18761
95.108,-0.18009
95.772,-0.17498
98.137,-0.18846
96.887,-0.18232
95.47,-0.17827
97.411,-0.18516
96.282,-0.18109
97.955,-0.19608
95.397,-0.17651
96.006,-0.18004
96.664,-0.18255
96.053,-0.17652
97.266,-0.18752
96.014,-0.17293
94.876,-0.18492
96.096,-0.17771
98.535,-0.18981
94.802,-0.17166
95.75,-0.18063
96.064,-0.17675
96.296,-0.18091
94.235,-0.17875
96.467,-0.17853
94.842,-0.16419
96.035,-0.17886
96.693,-0.1775
96.199,-0.19232
91.234,-0.18854
93.089,-0.19837
94.7,-0.20203
93.522,-0.17778
90.502,-0.18068
103.99,-0.2031
89.886,-0.17993
102.14,-0.21011
89.471,-0.17657
99.494,-0.21654
99.889,-0.1726
94.672,-0.18989
98.497,-0.17297
94.237,-0.18914
97.831,-0.17321
98.062,-0.16758
93.539,-0.18435
98.422,-0.17191
98.443,-0.1727
92.44,-0.17489
95.263,-0.1698
98.131,-0.17416
98.213,-0.17094
98.528,-0.18247
99.325,-0.18009
98.151,-0.1749
98.662,-0.17859
98.438,-0.17372
99.143,-0.17724
98.689,-0.17375
97.758,-0.16052
96.708,-0.15759
96.155,-0.16162
92.312,-0.16785
97.183,-0.16309
97.277,-0.15459
97.205,-0.15733
98.47,-0.16838
97.894,-0.16298
98.29,-0.16483
104.62,-0.18643
98.381,-0.16958
95.412,-0.14858
97.861,-0.16355
96.089,-0.1578
95.442,-0.14385
101.01,-0.17189
96.599,-0.15058
97.656,-0.14921
92.288,-0.13618
94.869,-0.14008
102.44,-0.17948
96.396,-0.1523
95.477,-0.15173
98.951,-0.16031
95.381,-0.15193
92.997,-0.14564
97.304,-0.1698
92.172,-0.13121
95.268,-0.14657
98.089,-0.16217
96.323,-0.14734
95.28,-0.1501
96.447,-0.15897
99.652,-0.16536
94.656,-0.13958
94.892,-0.13356
98.377,-0.1574
102.3,-0.17538
92.727,-0.13487
102.48,-0.17512
97.986,-0.1561
96.839,-0.14862
102.37,-0.18465
94.276,-0.1581
101.53,-0.17565
100.56,-0.17092
103.58,-0.18735
92.369,-0.17099
92.943,-0.14334
93.113,-0.1325
101.25,-0.17854
101.97,-0.18387
96.506,-0.17274
94.532,-0.15643
103.11,-0.18897
92.796,-0.15416
92.412,-0.14653
94.149,-0.14868
93.484,-0.14291
96.039,-0.17253
93.162,-0.14286
92.047,-0.15464
90.352,-0.14206
96.198,-0.17133
97.421,-0.18474
94.804,-0.17542
97.903,-0.19137
97.911,-0.18635
95.885,-0.17157
93.438,-0.16639
98.013,-0.19242
96.052,-0.18201
92.885,-0.15962
93.328,-0.17603
93.984,-0.17573
91.454,-0.14305
97.989,-0.17899
100.36,-0.18926
103.82,-0.20698
93.475,-0.15307
93.836,-0.16689
97.579,-0.19385
93.658,-0.16621
89.452,-0.15213
90.317,-0.15991
90.086,-0.15374
91.545,-0.1649
92.926,-0.16449
101.79,-0.19695
103.94,-0.20835
93.953,-0.16765
92.602,-0.15821
92.215,-0.15711
98.514,-0.18105
90.195,-0.15382
92.207,-0.16309
99.771,-0.18876
90.127,-0.15451
92.568,-0.16727
91.295,-0.15917
89.332,-0.14403
91.55,-0.14901
102.03,-0.18706
103.74,-0.2016
102.76,-0.1833
101.68,-0.19183
105.54,-0.20819
99.703,-0.18287
100.11,-0.18561
93.187,-0.17053
107.85,-0.21149
103.05,-0.19387
98.325,-0.17525
91.147,-0.14552
105.14,-0.19114
106.79,-0.20516
105.93,-0.20798
87.985,-0.13627
106.75,-0.20363
104.82,-0.19544
105.79,-0.19808
106.45,-0.2044
107.03,-0.20707
105.14,-0.21937
104.39,-0.22176
106.86,-0.20874
104.28,-0.21923
106.78,-0.20891
94.509,-0.17336
94.55,-0.17268
93.479,-0.16843
100.38,-0.19379
97.601,-0.18231
97.913,-0.16656
95.077,-0.17625
94.258,-0.17402
83.11,-0.15021
81.869,-0.13176
85.308,-0.15573
85.654,-0.13264
93.502,-0.16099
93.186,-0.15809
91.75,-0.18864
89.609,-0.16795
93.963,-0.1864
90.539,-0.18296
92.673,-0.16538
89.989,-0.1768
95.876,-0.1731
89.148,-0.16974
88.203,-0.16489
87.669,-0.16383
87.593,-0.16442
92.863,-0.17449
92.913,-0.16307
89.926,-0.14602
99.911,-0.18188
91.546,-0.15366
89.029,-0.14256
90.321,-0.14752
85.731,-0.1348
86.347,-0.1317
87.452,-0.14175
87.222,-0.14276
88.796,-0.14212
85.495,-0.13317
78.697,-0.13153
84.607,-0.14785
88.302,-0.14614
83.154,-0.1262
82.558,-0.13616
87.089,-0.13823
83.924,-0.11276
85.246,-0.15738
82.943,-0.14036
86.219,-0.12614
88.309,-0.10166
81.806,-0.12438
85.292,-0.10049
90.322,-0.13325
86.436,-0.10148
91.62,-0.1302
79.825,-0.10316
84.339,-0.12181
78.35,-0.058011
83.504,-0.096196
84.23,-0.097763
82.531,-0.084294
79.581,-0.089057
82.009,-0.0823
81.318,-0.078533
78.976,-0.063845
89.625,-0.10653
82.966,-0.1005
81.851,-0.091957
84.084,-0.087045
77.122,-0.037916
79.236,-0.048583
66.692,0.015218
66.377,-0.066771
73.481,-0.017649
66.528,0.013843
73.78,-0.036131
76.404,-0.055634
77.937,-0.057296
64.324,0.019782
69.704,-0.0076243
67.289,-0.0012523
79.003,-0.068362
78.136,-0.056612
90.482,-0.11448
88.798,-0.10924
90.61,-0.15291
76.425,-0.044015
61.145,0.030383
78.974,-0.14251
72.635,-0.037684
73.361,-0.04268
67.889,-0.0015471
69.324,-0.0045529
52.899,0.095061
47.021,0.14193
52.812,0.085615
64.887,0.0067495
60.399,0.04257
53.515,0.069882
37.828,0.19984
32.386,0.24918
22.518,0.3849
18.694,0.43321
40.451,0.18305
26.27,0.31837
22.671,0.37704
36.35,0.22926
70.095,-0.073848
27.619,0.33064
27.996,0.32295
20.14,0.41747
31.927,0.26872
28.022,0.32042
9.2483,0.66343
21.899,0.40941
28.979,0.3428
12.354,0.56974
23.047,0.37148
25.301,0.35163
23.687,0.37807
18.076,0.46771
9.0242,0.71932
15.089,0.56238
10.116,0.6744
10.266,0.64834
13.243,0.58647
7.6922,0.74353
9.7085,0.68448
7.2678,0.75846
6.4053,0.86033
2.1287,1.1637
2.0137,1.1803
1.9705,1.1972
1.4293,1.2937
1.4817,1.277
1.792,1.2127
2.11,1.1904
3.6246,1.0493
1.5656,1.2542
1.5346,1.2523
3.0592,1.0802
3.7566,1.0175
2.722,1.1225
3.0189,1.0915
2.4203,1.153
2.0363,1.2109
2.3334,1.1692
1.8155,1.2379
2.1792,1.1899
0.38772,1.6106
0.31818,1.6729
1.2465,1.3598
1.3818,1.3309
0.99405,1.3865
1.3464,1.328
1.2675,1.3432
1.3536,1.3185
0.52563,1.559
1.6237,1.2837
1.2245,1.3479
1.3077,1.3298
0.52295,1.566
0.85085,1.4556
0.45976,1.6022
1.168,1.3803
0.54314,1.5678
0.47371,1.61
0.45775,1.6091
0.44789,1.615
0.56335,1.5324
0.82134,1.4505
0.4694,1.5867
1.3538,1.3228
1.1698,1.3634
0.4944,1.5558
0.80967,1.4442
0.48246,1.5592
1.0435,1.3988
1.0122,1.4006
0.60642,1.5245
0.65313,1.5029
1.3151,1.3349
0.54912,1.5481
0.53282,1.5572
0.6706,1.4864
0.60526,1.5132
1.1457,1.3635
0.65188,1.4884
0.69184,1.4694
0.47925,1.5681
0.53307,1.5441
0.68749,1.4741
0.94218,1.3919
0.78877,1.437
0.52779,1.5312
0.90928,1.4019
0.55881,1.5093
0.67026,1.4666
0.56693,1.4987
0.65946,1.4567
0.54015,1.5157
1.0688,1.3387
0.7836,1.4257
0.82825,1.4099
14.624,0.6631
0.40512,1.5701
13.004,0.6979
13.136,0.69492
0.38433,1.5831
0.61009,1.4731
0.55592,1.4941
13.37,0.68736
12.557,0.70741
1.1236,1.3288
1.2919,1.2865
1.1719,1.3109
13.128,0.6828
0.44428,1.5443
0.3963,1.5674
0.73979,1.4206
1.0604,1.3343
0.63631,1.4581
0.71475,1.425
1.1754,1.306
0.97213,1.3489
0.89094,1.3601
1.4367,1.2454
0.57434,1.4694
12.882,0.67891
0.82348,1.366
0.61214,1.4342
1.3228,1.2578
1.0249,1.3217
0.31951,1.5725
0.7339,1.3826
1.0438,1.3073
1.0274,1.3085
0.50766,1.4798
0.80294,1.3744
0.89792,1.3487
1.3778,1.2569
0.78989,1.3835
11.099,0.72466
0.54267,1.4675
0.98993,1.325
0.90438,1.3399
0.98191,1.3159
0.83277,1.3501
1.039,1.3091
0.51601,1.4643
0.54363,1.4471
0.45636,1.4942
0.85204,1.3503
0.80925,1.3558
0.8292,1.3513
0.77259,1.3709
0.83597,1.3488
1.0803,1.2921
0.74681,1.3772
0.82182,1.3481
0.78729,1.3606
0.8559,1.3484
0.73133,1.381
0.67806,1.4031
0.92103,1.3265
0.73437,1.3802
0.31934,1.5533
1.0085,1.3075
0.28828,1.5792
0.89691,1.3314
1.0211,1.3041
0.86715,1.3408
0.48551,1.4587
0.9046,1.3106
0.34389,1.5232
0.43642,1.4852
0.97492,1.3037
1.0353,1.2886
0.61831,1.4033
0.36886,1.5163
1.1772,1.2557
1.3475,1.2198
1.2558,1.2288
1.0612,1.2735
0.82196,1.3422
0.95624,1.2955
0.39646,1.4883
0.90964,1.3119
0.34265,1.5283
0.30026,1.557
0.28544,1.5725
1.5243,1.1932
0.39143,1.5152
1.0423,1.2889
0.82805,1.3473
1.5287,1.1908
0.29411,1.5621
0.83521,1.3229
0.34021,1.5244
0.33497,1.5278
0.40905,1.4879
0.8602,1.3195
0.33592,1.5195
0.28438,1.5644
0.35396,1.5007
0.31322,1.5354
0.94271,1.2919
0.26306,1.5904
0.27923,1.5715
0.32923,1.5427
0.3087,1.5554
0.26457,1.5884
0.27664,1.5743
0.30033,1.5508
0.35724,1.5107
0.5513,1.4141
0.28711,1.5613
0.32977,1.5351
0.90007,1.3049
0.39935,1.4758
0.25171,1.5965
0.47906,1.457
0.67912,1.3799
0.81131,1.3277
0.74928,1.3542
0.50296,1.4411
0.42988,1.4823
0.72358,1.3615
0.787,1.337
1.0499,1.2615
0.64434,1.3761
0.66099,1.3728
0.29561,1.5535
0.86942,1.3114
1.0097,1.2659
0.99255,1.2872
2.8521,1.0324
0.89707,1.3045
1.4937,1.1865
1.3855,1.2094
0.86551,1.3136
0.82445,1.3269
0.62397,1.3861
0.82568,1.3287
0.90304,1.3015
0.65669,1.394
0.83038,1.326
1.4149,1.1989
0.76992,1.3442
0.74483,1.3552
1.3872,1.2057
0.87912,1.3147
1.6317,1.1738
0.71204,1.3701
1.165,1.2589
2.674,1.0647
1.2535,1.2333
1.1546,1.2633
9.4436,0.73366
8.9629,0.75199
9.1223,0.74454
0.69491,1.3591
9.304,0.7384
0.81223,1.3255
0.60078,1.3995
1.2624,1.2327
1.0521,1.2668
0.76337,1.3456
2.9972,1.0248
0.67388,1.3816
0.7618,1.3506
0.66669,1.3859
0.75942,1.3489
0.73612,1.3547
0.64748,1.3947
8.5041,0.76839
0.81017,1.3416
8.4667,0.76989
0.64576,1.3916
0.79152,1.3357
1.2159,1.2401
0.87713,1.3143
0.73284,1.3584
0.64683,1.3934
0.48122,1.4586
0.30303,1.5448
0.82718,1.3325
0.89064,1.3046
0.86409,1.3214
0.67538,1.3745
0.88768,1.305
0.82329,1.3196
8.68,0.758
0.54443,1.42
0.91566,1.3019
0.68315,1.3709
7.7525,0.79269
0.71324,1.3604
0.46165,1.4604
1.2259,1.2413
0.79505,1.3338
0.30945,1.5332
0.31037,1.5357
0.86426,1.3092
0.51979,1.4242
1.0132,1.2659
4.4843,0.91909
0.87679,1.3075
4.0728,0.94948
4.0534,0.94849
1.4536,1.1877
0.85813,1.3079
0.49668,1.4283
0.90497,1.3009
0.79963,1.3252
0.3069,1.5335
0.79306,1.3294
0.28837,1.5548
1.4303,1.2052
0.294,1.5512
0.33355,1.5231
0.98219,1.2875
1.2704,1.23
0.68506,1.3656
0.65173,1.3728
0.87723,1.3106
1.0628,1.2681
0.86361,1.3186
1.2763,1.2268
0.27651,1.5629
0.61429,1.386
1.0533,1.2621
0.66304,1.3605
1.0114,1.273
1.0509,1.2582
0.34599,1.5002
8.4127,0.76297
1.0009,1.2707
1.0838,1.2527
0.33405,1.5136
1.0949,1.2524
0.56631,1.4075
0.75629,1.343
0.26898,1.5656
0.51636,1.4296
0.92483,1.2962
0.8163,1.3249
0.65134,1.3814
1.3362,1.2113
1.0376,1.2701
0.88051,1.3162
0.25445,1.5824
0.26449,1.5771
0.29227,1.5495
0.94644,1.2933
0.40188,1.4702
0.93872,1.2834
0.80511,1.3214
0.96825,1.28
1.0319,1.259
0.76189,1.3344
0.31283,1.5358
0.7976,1.3216
0.74113,1.3448
0.91293,1.2844
0.33252,1.5069
0.82253,1.3098
0.49489,1.4214
0.4591,1.4433
1.134,1.2433
0.57174,1.3813
1.0846,1.2546
0.72441,1.3456
0.57094,1.3942
0.82034,1.3211
0.89669,1.293
0.95298,1.2805
0.61207,1.3707
0.54316,1.4099
0.53665,1.4101
0.49814,1.4327
0.5042,1.431
0.57373,1.3947
0.53576,1.4116
0.52471,1.4184
0.54632,1.4064
0.4856,1.4397
0.53619,1.413
0.56937,1.39
1.541,1.1719
1.4234,1.1941
0.84406,1.319
0.67961,1.365
0.68764,1.3585
0.61842,1.3842
0.56,1.4147
0.78661,1.3142
0.74321,1.3286
0.55278,1.4003
0.6249,1.3812
1.1419,1.2383
0.50239,1.4248
0.56239,1.4014
0.8802,1.3081
1.1407,1.2382
0.80526,1.328
0.76681,1.3327
0.69082,1.3622
4.2177,0.93076
1.7265,1.1473
1.3786,1.196
8.0648,0.76874
0.56259,1.4039
0.60147,1.3787
3.989,0.94467
0.51613,1.4144
0.65901,1.3766
0.43089,1.4662
0.91534,1.3008
0.86207,1.3076
0.88206,1.3017
0.39677,1.4875
0.39295,1.4887
0.791,1.3294
0.84813,1.3135
1.2079,1.2345
1.0717,1.2716
0.61066,1.3958
7.1634,0.80642
0.33578,1.5268
7.2416,0.80418
7.3448,0.79822
1.2036,1.2342
7.2101,0.80231
1.2431,1.2269
1.1318,1.254
7.5551,0.78966
0.43261,1.4642
0.40829,1.4777
0.45169,1.4605
0.51606,1.4223
0.50599,1.4267
0.45215,1.4594
0.46183,1.4513
0.4611,1.4463
1.2477,1.2246
0.61586,1.3718
0.5056,1.4277
0.97147,1.2715
0.87862,1.2889
0.85353,1.3035
0.79924,1.32
1.056,1.2631
0.46644,1.4376
0.70909,1.3531
0.52845,1.4118
0.85527,1.3016
0.79406,1.3209
0.59477,1.3822
0.52334,1.4171
0.81001,1.3156
0.42189,1.4627
0.64053,1.3689
0.83981,1.3163
0.91903,1.2896
1.0702,1.2464
0.69752,1.3489
0.46389,1.4422
0.84745,1.3014
0.61719,1.3794
7.7937,0.78004
0.87099,1.3049
0.29338,1.5421
0.78424,1.3202
0.72516,1.3563
0.49904,1.4344
0.84929,1.3133
0.71028,1.3462
0.85336,1.2992
0.92768,1.2751
1.0361,1.2587
0.68698,1.3571
1.2585,1.2207
1.0321,1.264
0.93742,1.2899
0.30398,1.5302
0.3005,1.5311
0.73908,1.3383
0.78462,1.3186
0.76439,1.3292
0.88751,1.2974
0.8186,1.3088
1.0444,1.2543
0.8244,1.3082
0.3989,1.459
0.32967,1.5054
0.32744,1.5071
0.8101,1.3132
0.81592,1.3028
0.86032,1.298
1.2619,1.2144
0.87203,1.2927
0.78445,1.3228
0.80466,1.3111
0.32211,1.5132
1.1483,1.243
0.66795,1.3639
1.2488,1.2132
1.0788,1.2553
0.32625,1.5099
0.73016,1.3457
1.278,1.2161
0.53588,1.4191
0.31041,1.5218
0.37667,1.4895
0.89411,1.2972
0.23745,1.5935
0.60469,1.3856
0.75311,1.3347
1.0523,1.2573
0.37619,1.4835
0.65208,1.3704
0.24524,1.5799
0.85015,1.3185
0.59572,1.3966
0.40631,1.4712
0.61175,1.3886
0.6554,1.3684
1.0318,1.2625
0.82342,1.3174
0.41674,1.4626
0.68681,1.3545
0.96477,1.2807
0.50496,1.4147
0.47814,1.4409
0.28689,1.5458
0.8309,1.3049
0.72015,1.3434
0.72532,1.3435
0.5222,1.4104
0.51761,1.4167
0.69561,1.3562
0.75088,1.3338
0.63779,1.3773
0.67622,1.3608
0.52782,1.4064
0.31716,1.5219
0.65367,1.3686
0.69364,1.3537
0.76274,1.3236
0.42574,1.469
0.47509,1.4379
0.79697,1.3338
0.90148,1.297
0.99215,1.2644
0.83413,1.3036
0.9956,1.2736
0.74725,1.3286
0.93386,1.2817
1.299,1.22
1.3858,1.198
0.76997,1.3314
8.3601,0.75702
1.2317,1.2331
1.1646,1.2463
2.8292,1.0331
1.3458,1.2024
7.7204,0.78036
1.336,1.2053
8.8163,0.74032
8.9282,0.73263
8.0204,0.76962
8.169,0.76087
7.9329,0.7715
0.83137,1.3106
0.72004,1.3427
7.7642,0.77624
8.0125,0.76658
7.6051,0.78584
7.7091,0.77882
7.5634,0.78558
0.55346,1.4018
0.54219,1.4113
0.46326,1.4508
0.55911,1.3999
7.6977,0.77982
7.4995,0.7877
1.1469,1.2436
0.49036,1.4327
0.84075,1.3138
0.53948,1.4078
1.0932,1.2556
0.48799,1.4353
0.42203,1.4636
0.46585,1.4508
0.55472,1.405
6.6714,0.82224
0.79403,1.3266
0.41137,1.4729
0.77802,1.3315
0.41112,1.4737
0.92138,1.2924
0.53557,1.4143
0.30096,1.5328
0.25044,1.5811
1.0089,1.272
1.0506,1.2647
1.0477,1.2669
1.2107,1.2288
0.68411,1.3556
1.0553,1.2645
1.1788,1.2352
1.1216,1.2497
0.60288,1.3821
0.50149,1.4217
0.53117,1.4124
0.91036,1.2896
0.31187,1.5271
0.67375,1.3577
0.33297,1.5089
0.31215,1.5256
0.29431,1.5428
0.35562,1.4904
0.30123,1.5356
8.3031,0.7566
0.39957,1.4592
0.64044,1.3764
0.31169,1.5243
0.8245,1.3175
0.31061,1.5196
0.77348,1.3306
0.3779,1.4873
0.71365,1.3444
0.76316,1.3293
0.78403,1.3205
0.68186,1.3586
0.76844,1.3254
1.0665,1.2503
0.73589,1.3378
1.0199,1.2645
0.88193,1.2992
0.75815,1.3288
1.2405,1.2242
1.2142,1.2122
0.81005,1.307
0.78906,1.315
0.90163,1.2841
0.86517,1.2936
0.93497,1.2711
0.89573,1.2841
1.0847,1.2451
1.169,1.2235
1.1856,1.2184
0.67707,1.3441
0.77684,1.3166
0.71524,1.3402
1.176,1.2201
0.78368,1.3129
0.76799,1.3155
0.95696,1.2745
0.81679,1.3054
0.74167,1.337
0.83808,1.2992
0.80179,1.3147
0.56195,1.3948
0.75617,1.3331
0.92336,1.2838
1.1835,1.219
0.59126,1.3772
0.56773,1.3873
0.87896,1.288
0.4596,1.4324
0.34057,1.5062
1.103,1.2381
0.42429,1.448
0.6744,1.3546
0.6507,1.3633
0.70594,1.3343
0.83875,1.3104
0.74283,1.3372
0.50483,1.4139
0.85175,1.3017
0.42235,1.4642
0.75266,1.3311
0.81952,1.3153
0.78998,1.312
0.45258,1.4386
0.79328,1.3143
0.62665,1.3758
0.43383,1.4556
0.74931,1.3335
0.67883,1.3635
0.43936,1.4553
0.86449,1.3018
0.78387,1.3305
0.77809,1.3282
0.4436,1.4514
1.0375,1.2582
1.1359,1.2402
0.70814,1.3491
0.88644,1.2923
0.51231,1.4238
0.6336,1.3631
0.50011,1.4291
0.59675,1.3888
0.54789,1.4049
0.58694,1.3933
0.61378,1.3746
1.162,1.229
0.61325,1.3836
1.343,1.1838
0.60907,1.3764
1.0565,1.2558
0.77605,1.3358
0.66855,1.3707
1.231,1.23
1.2993,1.2124
0.98943,1.2787
1.3406,1.208
1.21,1.2314
1.2318,1.2304
1.3352,1.2055
1.2712,1.2222
1.4173,1.1872
0.77535,1.3238
1.2882,1.2138
0.80008,1.3181
6.8414,0.81159
7.5728,0.7827
1.0761,1.2533
1.1644,1.2414
1.2459,1.2225
0.74429,1.3388
0.61964,1.3797
0.67099,1.3578
0.67825,1.356
0.24582,1.5725
0.83393,1.3025
6.638,0.82377
0.50984,1.4248
7.6113,0.77791
7.1502,0.79775
7.9054,0.76662
7.3522,0.79052
7.8203,0.77042
7.5499,0.7814
6.9794,0.80452
7.4347,0.78571
8.4244,0.74656
0.73245,1.3468
7.3063,0.79362
7.8999,0.76887
7.6469,0.7797
0.66718,1.3616
0.4138,1.4713
0.60956,1.3855
0.45763,1.4451
6.8711,0.81167
7.8084,0.77319
0.30776,1.5232
0.73626,1.3356
7.5034,0.78498
0.65947,1.3615
8.512,0.7483
7.9273,0.77003
7.3713,0.78845
1.0812,1.2422
7.4942,0.78801
0.71776,1.3415
0.87069,1.2894
0.48971,1.4281
0.48741,1.4183
0.46009,1.4332
0.76661,1.3234
1.4398,1.1782
0.74599,1.3301
1.5464,1.1631
0.81205,1.3056
0.92311,1.2802
8.0101,0.76483
0.92836,1.2763
0.9344,1.2716
1.2435,1.2064
0.89331,1.2883
7.8139,0.77373
0.69282,1.3378
0.66946,1.3469
1.0279,1.2459
0.73556,1.3228
0.93582,1.2729
0.90463,1.2796
0.36935,1.4717
0.39562,1.4562
0.70864,1.3305
0.92079,1.2755
1.2152,1.2129
0.90133,1.2811
0.91674,1.2682
0.94174,1.2777
0.90413,1.2827
0.96598,1.2719
1.2859,1.2063
0.86919,1.2906
0.90278,1.2822
0.85949,1.2927
0.87745,1.2951
0.50375,1.4162
0.8855,1.2885
0.97874,1.2669
0.80727,1.3071
0.86347,1.2867
0.80634,1.3082
0.79038,1.3132
0.47282,1.421
0.81528,1.3052
0.94283,1.2685
0.34181,1.4968
0.40302,1.4534
0.82826,1.3004
0.84303,1.2963
0.76031,1.3223
0.49414,1.4191
0.52279,1.4015
0.96185,1.2672
0.35638,1.4848
0.67434,1.3459
0.38198,1.466
0.37926,1.4758
0.31088,1.5199
1.0556,1.2459
0.41357,1.4529
0.9164,1.2893
0.70415,1.3464
0.78083,1.3075
0.68799,1.3405
0.93012,1.2743
0.28601,1.5382
0.79013,1.3182
0.65554,1.3664
0.82522,1.2992
1.2084,1.2157
1.0346,1.255
1.562,1.1545
1.3241,1.197
0.66656,1.3504
0.52165,1.4173
0.9484,1.2721
0.89574,1.2902
0.82335,1.3017
0.47713,1.4226
0.59398,1.381
0.76774,1.3198
0.79873,1.3057
0.6199,1.3815
0.7046,1.3457
0.81308,1.3054
1.0156,1.2526
1.3586,1.1969
0.80306,1.3184
0.83156,1.3072
0.87333,1.2939
0.89192,1.289
1.2333,1.2174
0.55277,1.3942
0.92231,1.2772
0.89911,1.2863
1.2922,1.2014
0.58762,1.3742
0.77703,1.3196
0.55793,1.4035
0.83955,1.3156
0.60886,1.3795
0.63689,1.3647
1.2414,1.2233
0.56698,1.3916
7.1498,0.79385
1.4758,1.171
1.3515,1.1982
1.3863,1.1905
7.4218,0.78428
7.3151,0.7879
1.4723,1.1671
1.6348,1.1376
1.4083,1.1821
7.5009,0.7836
1.3177,1.2057
1.1042,1.254
1.3722,1.1892
1.2787,1.2105
1.1952,1.2317
0.58042,1.3714
1.4807,1.1711
1.331,1.1979
0.96133,1.2831
0.89698,1.2939
0.97581,1.2771
1.0405,1.2581
1.0688,1.2518
3.4952,0.97637
0.83273,1.3125
7.3163,0.78746
6.9046,0.80537
1.1728,1.2218
1.0566,1.2567
7.1021,0.79678
0.88496,1.282
7.3086,0.79136
7.464,0.78907
7.0154,0.80179
0.80241,1.3103
0.68754,1.3442
7.2568,0.78695
0.68226,1.3473
6.8099,0.80635
6.7588,0.80755
6.9034,0.80134
0.6228,1.3664
0.6693,1.3396
0.8016,1.3099
1.4319,1.1724
1.3923,1.1797
0.80072,1.3017
0.51414,1.3936
0.60413,1.364
0.73095,1.3186
1.4744,1.1589
0.68263,1.3292
0.37127,1.4609
1.3166,1.1903
0.78263,1.3057
0.80585,1.2971
0.86565,1.2795
3.2393,0.98052
0.69897,1.327
1.7106,1.1251
1.2834,1.1758
0.7893,1.2908
0.76666,1.2986
1.0375,1.2337
0.99906,1.2392
0.72306,1.311
0.94922,1.252
0.83079,1.2873
0.86131,1.2754
1.436,1.1636
1.0339,1.2356
1.0115,1.2345
1.0587,1.2298
0.9003,1.2601
0.98759,1.2429
1.0365,1.2312
0.49418,1.39
1.4954,1.1491
0.41496,1.415
0.78384,1.2847
0.6937,1.317
0.58166,1.3574
1.1076,1.2221
1.2064,1.1887
1.0989,1.208
0.50387,1.3751
0.55258,1.3606
0.48774,1.3853
0.65108,1.3141
0.4829,1.3786
0.3845,1.4312
0.90035,1.2529
0.86199,1.2629
1.0019,1.2286
0.37555,1.4381
0.42162,1.4081
0.8387,1.2649
0.39868,1.4217
0.41044,1.4148
0.48694,1.3819
0.7427,1.2928
0.75641,1.2867
0.36948,1.4334
0.31322,1.4759
0.47585,1.3819
0.68862,1.3018
0.39447,1.4253
0.43814,1.3937
0.35579,1.4449
1.1885,1.1797
0.42406,1.4047
0.40859,1.4105
0.43035,1.3969
0.8227,1.2579
0.61191,1.317
0.65914,1.297
0.91894,1.2301
0.50589,1.344
0.50873,1.3602
0.55561,1.3365
0.5388,1.342
0.54411,1.3507
0.9346,1.2144
1.0748,1.1738
1.0965,1.1809
1.3123,1.131
1.6068,1.0847
0.69921,1.2515
0.55929,1.3122
0.53562,1.3223
0.68356,1.2553
0.60216,1.2896
0.83011,1.2181
0.67662,1.2559
0.74464,1.2478
1.4388,1.0989
0.70847,1.239
1.0179,1.1679
1.3924,1.1067
0.86483,1.2143
1.0426,1.1679
1.9322,1.0234
1.215,1.1219
0.93961,1.1941
1.1688,1.1336
1.1606,1.1345
1.2467,1.1127
1.2904,1.1026
1.0631,1.1506
1.9078,1.0176
0.70741,1.2385
1.1371,1.1352
1.1568,1.1265
1.1541,1.127
1.0164,1.1632
1.167,1.1233
1.1799,1.1219
6.1674,0.75815
0.84924,1.2072
0.91896,1.1883
0.90326,1.188
3.708,0.87497
1.0688,1.1392
1.0979,1.1336
1.2267,1.1024
1.1821,1.1111
1.6651,1.0436
5.6694,0.76645
1.1161,1.1216
1.1169,1.1193
5.0335,0.79092
4.8129,0.80093
0.93937,1.1635
1.0005,1.1474
0.75506,1.2218
0.81518,1.1993
0.97701,1.1606
1.0507,1.1397
0.96951,1.16
4.1271,0.83816
0.89231,1.1776
4.5257,0.81599
0.84417,1.1822
3.934,0.84536
3.9068,0.84597
0.84278,1.1828
5.1292,0.78401
4.5667,0.81167
3.8169,0.84804
3.7192,0.85417
4.571,0.80882
3.6244,0.85915
4.0178,0.84124
3.4473,0.87055
0.47936,1.2937
3.5678,0.86191
4.1695,0.82701
6.9595,0.70098
0.45719,1.3042
0.7437,1.1988
4.1757,0.82595
0.8236,1.1752
4.1007,0.82872
0.69655,1.2132
0.78804,1.1837
0.72073,1.2034
3.4716,0.86129
0.72686,1.2001
4.3425,0.81215
0.9119,1.1501
0.80638,1.1708
0.9714,1.1321
0.50665,1.2665
1.1515,1.0957
0.8716,1.1524
0.65302,1.211
0.95946,1.1315
0.97632,1.1233
0.78885,1.1692
1.0623,1.1071
1.2104,1.0801
0.7343,1.1848
4.1202,0.80943
4.4198,0.78363
0.52728,1.2456
0.91347,1.1367
0.54075,1.242
0.63675,1.2103
0.6113,1.2113
0.81078,1.1564
1.2692,1.0617
1.4024,1.0416
1.332,1.0517
0.5619,1.2285
0.94913,1.1166
4.1675,0.79844
0.51841,1.2399
0.54202,1.2289
0.56008,1.2239
0.5645,1.2176
3.7257,0.82295
3.7356,0.82144
1.0343,1.0915
0.72188,1.169
0.79309,1.1473
0.68498,1.1777
0.61614,1.2008
0.49343,1.2476
0.98102,1.1034
0.74911,1.1605
0.49382,1.2423
0.76624,1.1533
0.54,1.2247
0.97163,1.1037
1.3007,1.0386
1.1537,1.0673
0.96595,1.1039
1.0401,1.0849
0.94244,1.1028
1.0831,1.0765
0.97427,1.0937
0.72843,1.1575
0.67332,1.1707
1.0779,1.0724
0.89713,1.1136
0.52886,1.2181
1.0208,1.0831
0.96851,1.0956
1.0327,1.0805
0.88665,1.1117
0.8148,1.1302
0.61407,1.1856
3.1432,0.84175
0.97502,1.0905
1.1096,1.0638
0.47952,1.2311
0.82322,1.1248
0.82735,1.1234
1.0053,1.0822
0.84128,1.1208
0.71078,1.155
0.88012,1.1097
0.76947,1.135
0.58482,1.1905
0.63911,1.173
0.54772,1.2051
0.65245,1.1725
3.1991,0.83155
0.84173,1.1177
0.98993,1.0815
3.2417,0.82534
0.60034,1.1834
0.66609,1.1618
0.66517,1.1615
0.67185,1.1582
0.51405,1.2126
0.46714,1.2307
0.76413,1.1298
0.42867,1.2488
0.61247,1.1773
0.7769,1.1279
0.41871,1.2528
0.45106,1.2355
0.9689,1.0811
0.96219,1.0812
1.044,1.0655
2.1887,0.9057
0.99307,1.0751
1.0062,1.0697
1.0098,1.0694
0.90735,1.0922
0.9489,1.0806
0.9654,1.0757
3.0547,0.82758
2.208,0.89754
2.1469,0.90354
2.2612,0.8901
1.0038,1.0653
2.6824,0.85271
2.2998,0.88602
0.61265,1.1695
3.9486,0.76637
2.539,0.86572
2.5973,0.86013
0.65046,1.1529
0.89817,1.0855
2.5894,0.86011
0.69145,1.1373
2.5859,0.85806
4.0243,0.75725
2.6527,0.85287
3.068,0.819
0.67447,1.1413
2.6264,0.85326
2.5404,0.8612
2.6964,0.84548
2.6735,0.84867
3.5593,0.77834
3.5168,0.78572
2.6284,0.85029
4.9681,0.70572
4.0638,0.75182
0.49479,1.1994
2.516,0.85816
2.5842,0.85305
2.5013,0.85758
2.4942,0.85882
2.0964,0.89692
1.9646,0.90812
2.4616,0.86114
1.9851,0.90521
2.4797,0.8598
4.5324,0.71181
1.9808,0.90523
4.8755,0.70275
3.7021,0.75233
2.5308,0.85023
1.0159,1.0476
0.61625,1.1512
4.8404,0.70118
0.62548,1.1469
4.8525,0.69876
2.638,0.84093
0.9598,1.0576
4.7171,0.70489
4.71,0.70485
2.4519,0.84465
3.1084,0.79263
0.98995,1.0468
2.1323,0.88409
2.2409,0.8712
2.2259,0.87294
0.9442,1.0565
2.267,0.86938
0.94881,1.0546
0.59711,1.1503
0.53523,1.1743
3.5717,0.75248
2.0807,0.88166
2.4197,0.85261
2.1074,0.87835
2.0216,0.88899
1.9324,0.89945
1.37,0.97317
1.9047,0.90244
2.379,0.85395
0.65578,1.1258
2.3751,0.85359
2.4038,0.84913
1.9432,0.8934
0.85738,1.069
0.64733,1.1269
0.60551,1.1399
4.4418,0.71282
0.62683,1.135
4.6538,0.70028
2.429,0.84545
5.5553,0.6568
2.1775,0.87169
2.7938,0.79832
2.2605,0.86095
1.1226,1.0066
0.72297,1.097
0.58549,1.1441
0.62532,1.1295
0.67098,1.1144
0.61432,1.1349
0.67303,1.1127
0.68321,1.1116
0.65981,1.1194
0.57495,1.1476
0.71854,1.0995
2.3175,0.85098
0.60241,1.1391
0.59934,1.137
0.58885,1.1425
0.52771,1.1611
0.59347,1.1405
0.89595,1.0554
0.49746,1.1744
0.57564,1.1471
0.60028,1.1379
0.44253,1.2027
0.5035,1.1726
0.50717,1.1698
0.53053,1.1592
0.68079,1.1091
1.0396,1.0254
0.77354,1.0806
1.6933,0.92261
0.4031,1.2179
0.77669,1.085
0.66777,1.115
0.69321,1.1091
0.95768,1.0417
0.65324,1.119
0.99305,1.0329
0.87103,1.0623
2.7102,0.81693
1.0009,1.0293
0.929,1.048
0.53556,1.1596
0.6097,1.1348
0.59248,1.1404
0.52091,1.168
0.9568,1.0418
2.2386,0.86129
0.90332,1.0559
2.3802,0.84466
0.85077,1.0642
1.7295,0.91417
1.0341,1.0231
1.8293,0.90181
2.8533,0.80395
0.94719,1.044
2.2156,0.86142
0.66045,1.1185
0.94749,1.044
1.736,0.91122
1.6443,0.92473
1.7012,0.91969
0.67256,1.1184
1.1281,1.0041
2.5706,0.82763
4.4048,0.70539
3.4174,0.76294
1.5784,0.93499
1.3585,0.96774
4.1472,0.71856
4.2256,0.71399
1.8442,0.89914
3.8945,0.7317
4.059,0.72417
1.4804,0.94951
2.0538,0.87903
2.1191,0.87236
2.514,0.83484
2.4918,0.83793
2.1271,0.87169
4.2693,0.71352
2.2064,0.85993
2.0802,0.87625
2.5831,0.82881
1.7055,0.92098
4.2085,0.71317
4.4101,0.70521
2.4497,0.84013
2.1281,0.86722
2.4072,0.84248
2.0688,0.87655
2.2868,0.85409
4.4098,0.70353
2.0142,0.88327
0.46066,1.1888
2.1912,0.85995
2.1003,0.8715
2.1091,0.86961
0.82437,1.0717
0.58017,1.1459
4.2142,0.71599
4.3533,0.70788
0.9942,1.0323
4.7379,0.68958
0.46876,1.1822
5.0263,0.67279
0.5901,1.1424
4.4128,0.70438
0.60053,1.1378
0.8269,1.0715
4.3255,0.71006
4.1039,0.71004
4.2001,0.70421
5.1496,0.66713
4.3288,0.7063
5.255,0.66111
4.217,0.71308
5.0734,0.66833
4.8688,0.67958
4.3885,0.70352
0.68783,1.1017
5.1473,0.66471
4.3926,0.7035
4.7906,0.68007
4.4205,0.6998
4.4581,0.70001
4.4572,0.69804
4.3553,0.70463
4.4393,0.70155
4.3679,0.70616
0.66977,1.1083
4.1802,0.71481
4.1309,0.71587
4.0871,0.72003
4.112,0.71972
0.56465,1.1393
0.92122,1.0402
0.94789,1.0335
1.0439,1.0072
0.52391,1.1563
0.91585,1.0427
0.84023,1.06
4.5659,0.69303
0.92018,1.0406
0.89988,1.0474
0.73482,1.0832
0.90942,1.0395
0.89714,1.0415
0.79749,1.0663
0.80359,1.0667
0.75994,1.0796
0.8179,1.0616
0.59389,1.1302
0.74783,1.0832
4.3804,0.69991
0.58526,1.1303
0.53009,1.1481
4.7728,0.67802
4.6953,0.68347
0.72046,1.0872
0.61089,1.1265
0.97136,1.0279
0.90475,1.0453
0.97883,1.0273
0.92087,1.0398
0.71367,1.0905
0.83282,1.0655
0.91833,1.0417
0.69232,1.0992
0.92141,1.0412
0.71086,1.0941
4.606,0.68839
0.97499,1.0302
1.0746,1.0066
0.78307,1.0747
0.7734,1.0765
0.77695,1.0761
4.3029,0.70558
2.3237,0.84245
0.81841,1.0635
0.64741,1.113
4.7672,0.68186
0.84705,1.0608
0.56571,1.136
0.51149,1.1665
0.48241,1.1792
0.55092,1.1487
0.54341,1.1532
0.55375,1.1488
0.82207,1.068
0.78416,1.082
0.77293,1.0826
0.80798,1.0719
0.80887,1.0715
0.46201,1.1871
0.4874,1.1705
0.50376,1.1685
0.78691,1.0769
1.9911,0.87959
1.9951,0.88052
2.0029,0.87931
2.0851,0.86842
4.0394,0.72017
1.9963,0.87969
0.78988,1.0763
2.2027,0.85881
1.9928,0.88089
0.42148,1.1992
0.37402,1.2297
0.87914,1.0553
0.42413,1.2003
0.3583,1.2391
0.85042,1.0639
0.3971,1.2156
0.39437,1.2153
3.7429,0.73735
3.9008,0.72942
1.856,0.89516
1.6875,0.91636
1.51,0.94168
2.1701,0.86267
2.1216,0.8686
1.6071,0.9295
2.2142,0.85853
2.1789,0.86012
3.762,0.73559
3.8685,0.73044
1.5653,0.93242
3.7874,0.73505
2.4238,0.83329
3.835,0.73171
3.8163,0.73474
4.1159,0.7173
4.196,0.71313
3.7264,0.74011
4.1848,0.71359
4.1388,0.71549
3.8697,0.7309
3.8576,0.73301
2.6294,0.81879
0.42647,1.2038
2.5083,0.82959
1.9457,0.88498
2.0646,0.86986
1.9734,0.88115
1.9422,0.88554
2.0234,0.87515
1.9451,0.88668
1.9052,0.89075
1.9382,0.88621
2.0525,0.87206
1.939,0.88783
1.9303,0.88892
2.0584,0.87217
2.0141,0.87792
0.48561,1.1722
4.2279,0.71037
4.2303,0.7103
0.68503,1.1079
4.1149,0.71658
0.90202,1.0478
4.7586,0.68257
4.1984,0.71206
0.87254,1.0563
2.0531,0.8705
0.87002,1.0559
4.1817,0.71317
0.44056,1.1926
4.2577,0.70825
4.1571,0.71305
4.5928,0.69046
4.7965,0.68132
2.1686,0.85864
4.2651,0.70696
4.1186,0.71627
4.2774,0.70599
2.0546,0.87094
3.9746,0.72502
2.1212,0.86327
2.1476,0.86006
2.1133,0.86331
4.2505,0.70556
0.8422,1.0584
4.261,0.70661
0.85157,1.0561
2.4857,0.82238
4.3415,0.69867
0.69883,1.0978
0.84386,1.0566
2.321,0.83977
0.76278,1.0773
0.9312,1.0329
0.87454,1.0486
0.60485,1.1267
0.91638,1.0381
0.6371,1.1139
4.2264,0.70594
4.3274,0.70415
1.7948,0.89605
4.3001,0.70229
4.3446,0.70021
0.78697,1.0719
0.84872,1.0562
4.2051,0.69596
4.5662,0.68991
2.9668,0.76933
1.6349,0.9114
2.8173,0.78154
4.1207,0.71113
0.60286,1.1256
4.1831,0.7079
4.1286,0.71166
2.1977,0.8539
2.2056,0.85209
0.63587,1.1163
0.58032,1.1325
0.60465,1.1223
0.52449,1.1556
0.5005,1.1675
0.48409,1.1754
0.54045,1.1488
0.48376,1.1737
0.53116,1.1517
0.48479,1.1687
0.5007,1.166
0.86378,1.0539
0.8148,1.0688
0.52243,1.1565
0.48626,1.1721
0.78551,1.0752
0.78991,1.074
0.703,1.1015
0.79145,1.0733
2.0519,0.87058
0.56195,1.1435
0.81869,1.0642
1.9226,0.88584
0.77433,1.0777
0.50002,1.1666
0.57642,1.1378
0.57716,1.1391
0.58156,1.1372
0.5357,1.1548
0.56406,1.145
0.72294,1.0952
1.6855,0.91494
0.55751,1.1471
0.67996,1.108
0.7337,1.0915
0.5611,1.1448
1.9481,0.88341
0.71104,1.0974
0.68411,1.1044
0.70655,1.0967
2.1281,0.86024
0.7262,1.0927
0.69147,1.1018
2.6358,0.8157
2.8605,0.79648
2.7843,0.80375
2.6026,0.816
2.7636,0.80483
2.537,0.82373
2.1027,0.86317
1.9261,0.88538
2.0105,0.87394
2.0891,0.86455
2.0131,0.87453
1.8924,0.89029
2.0789,0.866
1.5919,0.92665
1.9121,0.88769
0.75873,1.0835
1.5043,0.94075
0.74963,1.0856
2.0817,0.86518
2.0306,0.87178
1.5346,0.92686
2.0024,0.87607
2.022,0.87366
0.71786,1.0975
0.701,1.1016
1.8894,0.89029
0.69541,1.1034
0.69128,1.1042
0.7315,1.0908
1.9539,0.8816
0.80273,1.0681
2.7751,0.79961
0.76136,1.0807
0.72483,1.0924
0.77626,1.0761
0.74925,1.0846
0.78524,1.0735
0.74175,1.087
3.9238,0.72352
0.7518,1.0843
0.74688,1.0855
0.80589,1.0674
0.81929,1.0644
3.8316,0.73273
0.69073,1.1042
0.75093,1.085
4.0041,0.72137
0.75082,1.0852
0.79596,1.0717
0.84882,1.055
0.75611,1.0835
0.75547,1.0845
0.77774,1.0764
0.74078,1.0871
0.86492,1.0512
4.7345,0.68134
0.89048,1.046
0.81037,1.0679
0.78473,1.0756
2.1259,0.86024
0.8512,1.0572
0.8641,1.0525
0.91179,1.039
0.82303,1.0622
4.0535,0.71565
1.9609,0.87956
0.81761,1.0614
0.79303,1.0694
0.83093,1.0576
0.81304,1.0634
0.77707,1.074
0.85759,1.0502
0.81505,1.0635
0.73934,1.0877
0.79632,1.0682
0.78014,1.0728
0.81906,1.0608
0.84224,1.0557
0.91647,1.0372
0.76961,1.0742
0.82035,1.0644
0.79543,1.0699
0.86324,1.0504
0.89514,1.0413
0.89906,1.0401
0.62734,1.115
0.77969,1.0749
0.8737,1.0472
2.2147,0.84999
0.56917,1.1345
0.76548,1.0764
0.7877,1.0725
3.9872,0.71987
0.79395,1.0687
0.68974,1.0935
2.1158,0.86147
0.51432,1.1568
0.6166,1.1184
0.7277,1.0859
0.56404,1.1418
0.70782,1.0916
0.59071,1.1291
0.92715,1.0325
0.83398,1.0591
4.0113,0.71837
0.74284,1.0872
0.67208,1.1059
0.65325,1.1141
1.4911,0.93875
0.6954,1.1024
0.64754,1.1161
0.70269,1.0962
0.5729,1.1394
1.59,0.92545
0.54526,1.1435
0.54748,1.1443
0.71878,1.089
0.66137,1.1092
0.62306,1.1223
0.506,1.1625
0.55918,1.1393
0.49326,1.1692
0.82457,1.0626
0.76933,1.0785
0.6141,1.1262
0.55771,1.1489
0.76578,1.0789
0.72687,1.0915
0.69119,1.102
0.817,1.0644
0.75713,1.0815
0.72516,1.0911
2.096,0.86358
0.79743,1.0722
0.804,1.0635
4.0536,0.7133
0.74129,1.0868
2.7166,0.80636
1.6057,0.91674
1.5793,0.92395
2.4731,0.82353
2.1462,0.8534
2.4889,0.82356
2.4953,0.8212
2.343,0.83814
2.4177,0.82945
2.5084,0.82474
3.6889,0.73636
2.3974,0.83167
2.4655,0.82733
0.71516,1.0923
0.71035,1.0926
0.75993,1.08
0.75966,1.0813
0.74269,1.0862
0.65024,1.1151
0.75419,1.0828
3.8802,0.72564
0.71276,1.0958
2.6537,0.81393
0.77732,1.0764
0.79854,1.0693
4.1503,0.71061
2.6548,0.81216
2.6761,0.81075
2.0956,0.86557
2.7657,0.80148
4.1183,0.71168
2.702,0.80669
2.6307,0.81255
1.7252,0.90653
0.70462,1.0973
2.6381,0.81289
4.0108,0.71711
2.1836,0.85297
4.0755,0.70886
3.9535,0.71995
0.75129,1.0839
0.71248,1.0972
3.7802,0.73177
0.72429,1.0922
1.9475,0.88116
0.70873,1.0981
3.9394,0.72417
3.9065,0.72608
0.78415,1.0737
0.46181,1.1805
0.45941,1.182
2.7144,0.79207
3.9238,0.71544
3.8609,0.72483
4.4737,0.69158
2.7277,0.79256
0.77424,1.0738
3.6559,0.73044
3.9003,0.72291
0.73089,1.0869
2.6434,0.80022
2.439,0.82579
0.81802,1.06
2.1439,0.85743
0.75881,1.0775
2.2001,0.85101
2.237,0.84624
0.77572,1.0736
0.72965,1.0868
0.79676,1.0675
0.8029,1.0645
2.1939,0.8528
0.77893,1.0721
4.0833,0.71293
2.6432,0.81041
2.7337,0.79997
2.5608,0.81632
1.5238,0.92771
4.0496,0.70909
3.9974,0.71571
4.1519,0.70886
1.5931,0.91932
3.9488,0.72036
3.8185,0.71827
2.7204,0.80265
0.73767,1.0819
2.2684,0.84367
0.74928,1.079
0.80543,1.0624
0.68548,1.1011
0.83111,1.054
0.72089,1.0892
0.72788,1.0856
0.50674,1.1606
2.0549,0.86485
0.6641,1.1058
0.7315,1.0857
3.8557,0.72412
0.75996,1.0765
1.546,0.92035
0.83673,1.0536
0.80667,1.0633
0.85482,1.0482
0.72232,1.0874
0.70171,1.0945
0.80315,1.0624
0.7313,1.0861
0.75031,1.0794
0.70779,1.093
1.9917,0.87204
0.76618,1.0742
2.0282,0.86866
0.81151,1.059
1.9838,0.87349
0.77101,1.0738
0.66659,1.1085
4.0691,0.71111
1.8257,0.89112
0.72662,1.0885
4.0545,0.71026
4.15,0.70651
1.9777,0.87577
4.254,0.70346
0.66235,1.1092
1.9488,0.87998
3.7261,0.735
0.72896,1.0891
4.0457,0.71281
2.4449,0.8271
1.833,0.8945
3.2172,0.7672
0.72606,1.0913
1.6186,0.91917
1.9835,0.87329
0.75479,1.0817
4.0012,0.71794
1.787,0.89987
1.7799,0.90139
1.892,0.88598
3.5089,0.74775
0.65986,1.1121
2.053,0.86831
1.8388,0.89259
1.8587,0.89017
2.0072,0.87209
1.5626,0.92662
2.01,0.87483
2.0863,0.86607
1.4306,0.94402
1.9104,0.88272
2.1501,0.85867
3.6483,0.7391
1.9743,0.87605
1.4934,0.93721
1.5515,0.9297
1.4497,0.94301
1.5259,0.93388
4.0817,0.71203
4.0615,0.71368
0.68221,1.103
2.0162,0.869
1.8242,0.89511
1.8286,0.89417
2.1085,0.86235
2.0138,0.87381
4.0149,0.71577
3.435,0.75231
3.3839,0.75648
4.0591,0.71356
3.9313,0.72174
3.9191,0.72261
3.9107,0.72227
4.0001,0.71691
3.9425,0.72046
3.917,0.72162
3.9634,0.72009
3.9257,0.72223
1.8835,0.88734
4.0121,0.71653
3.9471,0.7216
4.1093,0.70968
3.917,0.70927
3.8206,0.72605
3.8818,0.7229
3.7997,0.7146
3.778,0.72914
0.70799,1.0926
3.8117,0.72622
3.7336,0.73209
3.7246,0.73208
3.6761,0.73418
3.6615,0.73531
3.8119,0.72684
4.1724,0.70522
4.4183,0.68933
4.0853,0.71108
4.1472,0.7064
4.0221,0.71387
3.9766,0.71608
4.1612,0.70529
0.69677,1.0954
3.9578,0.71927
4.1325,0.70708
3.9109,0.72317
4.0895,0.71066
0.741,1.081
0.73055,1.084
0.68868,1.0978
0.71576,1.0872
4.0444,0.71076
0.79371,1.0655
2.1782,0.85087
2.1592,0.8529
2.1899,0.84885
0.63306,1.111
1.9805,0.87558
0.63021,1.1122
0.63611,1.1055
3.9023,0.72103
4.0035,0.71447
0.60211,1.1205
0.61298,1.1147
2.1269,0.85449
0.764,1.0726
0.7276,1.084
0.58806,1.1248
0.60891,1.1165
0.59485,1.1222
0.75525,1.0759
0.77064,1.0693
0.72762,1.082
0.69828,1.0916
0.75678,1.0737
0.69162,1.0954
0.82048,1.0564
0.73962,1.0805
0.6056,1.1209
3.8713,0.72226
3.9139,0.71844
0.69819,1.0942
0.67783,1.1019
2.1814,0.8506
0.81659,1.0569
2.2454,0.84276
2.1154,0.8579
2.1852,0.8495
2.1687,0.85178
2.189,0.8502
0.69267,1.0967
2.0538,0.86606
2.1178,0.85746
2.0299,0.86884
0.75457,1.0745
0.72543,1.085
0.74477,1.0785
2.0375,0.86568
0.52244,1.1534
0.72106,1.0859
0.72699,1.0838
0.70085,1.0929
0.75581,1.0749
0.70621,1.0899
0.64746,1.1121
0.66283,1.1064
0.68172,1.0999
0.72537,1.0865
1.8293,0.88956
2.0298,0.86671
1.901,0.88258
0.52455,1.1504
1.9284,0.87941
2.4692,0.82534
0.72435,1.0865
1.9145,0.88251
3.8871,0.72175
3.9647,0.71801
2.416,0.82776
0.79945,1.0644
0.75808,1.0779
0.71307,1.0898
0.72952,1.0861
0.68654,1.0999
0.66064,1.1092
0.72273,1.0861
0.71214,1.0908
0.73847,1.082
0.72393,1.0868
0.71679,1.0888
1.8752,0.88492
1.9314,0.88046
2.0764,0.86187
3.9822,0.71591
1.9967,0.87216
3.941,0.71845
3.9337,0.71925
3.9383,0.71718
3.8749,0.72304
2.5199,0.8208
1.9114,0.88241
3.0001,0.78251
2.4896,0.82338
2.5195,0.82166
2.5503,0.81895
2.6806,0.8056
1.6011,0.92074
3.9949,0.716
3.7527,0.72727
2.4711,0.82602
3.7462,0.72991
2.4648,0.8254
2.4598,0.82801
2.6696,0.80729
3.8664,0.72492
3.7684,0.73037
3.7205,0.73208
0.73308,1.0852
3.8251,0.72635
3.8825,0.7239
1.9725,0.8775
1.8674,0.88825
3.7962,0.7288
3.844,0.72588
3.799,0.72859
3.7921,0.72868
3.8133,0.72757
0.71697,1.0862
3.9234,0.7187
3.9894,0.71655
3.9292,0.71895
3.941,0.7199
0.69466,1.0964
3.6923,0.73277
3.8385,0.72541
3.8408,0.72477
3.8295,0.72541
3.5286,0.72747
3.9217,0.71994
3.8821,0.71948
3.7208,0.73036
3.7673,0.72835
3.2762,0.7417
3.7892,0.7272
4.0094,0.71235
3.8069,0.72532
3.8555,0.72162
3.8182,0.7245
3.8367,0.72338
3.8591,0.72192
3.8491,0.72264
3.5108,0.74461
0.65316,1.1078
1.8562,0.88626
2.846,0.77391
0.71759,1.0871
0.66094,1.1038
2.7484,0.80099
3.6864,0.73313
3.9744,0.71404
3.8876,0.71912
3.793,0.726
0.67281,1.0989
1.9024,0.87787
3.8631,0.71893
3.846,0.71889
2.0666,0.85659
0.74972,1.0773
1.9091,0.87619
0.76552,1.0701
0.61597,1.1187
0.79479,1.0607
0.70284,1.0868
0.79375,1.0605
0.83794,1.0477
3.8511,0.71977
1.0035,1.0136
3.895,0.71639
3.9521,0.71149
0.99148,1.0157
4.0061,0.70734
4.1884,0.69739
3.8935,0.71532
2.3613,0.83147
3.9801,0.71019
1.6155,0.91168
1.9764,0.86915
0.72223,1.0772
2.0635,0.85471
0.74811,1.0703
3.9896,0.70363
4.1217,0.69688
0.72037,1.0763
1.7471,0.88908
0.72788,1.0769
0.72046,1.0791
3.6434,0.7264
0.6297,1.1066
0.63514,1.1043
0.80497,1.0506
1.5439,0.91924
0.67058,1.095
0.69954,1.0833
0.64275,1.103
1.6917,0.89547
0.80972,1.0478
1.681,0.89687
1.643,0.90334
0.7428,1.0679
1.6786,0.89856
1.6728,0.89879
0.66294,1.0952
0.64636,1.101
0.64683,1.1018
0.46523,1.1661
1.5372,0.91735
3.5701,0.73157
1.7638,0.88591
0.74918,1.0665
2.308,0.82598
1.933,0.86379
2.3326,0.82531
0.71736,1.0759
0.8375,1.0406
2.6029,0.79757
3.805,0.71197
0.70412,1.0785
2.4042,0.81174
2.372,0.81818
2.5154,0.8041
3.8606,0.70503
3.839,0.70737
3.9331,0.70154
3.6079,0.72417
3.7995,0.70932
0.75341,1.062
1.9921,0.85723
2.3123,0.82069
3.7104,0.71394
2.2996,0.82288
2.1063,0.8418
2.4997,0.80293
2.1393,0.83823
2.2777,0.82477
2.2173,0.82988
0.62246,1.1028
0.72029,1.0686
2.2294,0.82953
2.3205,0.82109
3.6623,0.7151
3.6737,0.71378
3.5811,0.71901
3.4661,0.72739
3.5331,0.7235
3.6275,0.71637
3.5779,0.71901
2.5124,0.7973
0.6787,1.0811
3.6215,0.71621
0.69658,1.0727
3.6386,0.71315
3.7418,0.70307
2.5063,0.79898
3.7128,0.7079
3.563,0.71785
3.7648,0.70344
3.7813,0.70118
2.537,0.79071
3.6693,0.70954
3.5235,0.71945
3.5941,0.71472
3.5048,0.71964
3.3845,0.72731
0.66347,1.0804
3.6121,0.71209
0.68508,1.0711
0.62687,1.0922
3.3318,0.72941
3.3378,0.72856
0.57561,1.1122
3.2139,0.73896
3.3856,0.72386
3.313,0.72823
3.5059,0.71316
3.6193,0.70452
3.483,0.71782
3.2826,0.72744
3.2516,0.73211
3.3715,0.72181
3.732,0.69611
1.7861,0.86446
3.4562,0.7124
3.5129,0.69442
3.365,0.71971
3.534,0.70553
3.8221,0.68266
3.5723,0.70276
3.452,0.71282
3.7429,0.68996
3.3675,0.71617
3.5288,0.70485
3.4905,0.70772
3.4495,0.70858
3.2103,0.72881
3.331,0.71911
3.4519,0.70769
3.3023,0.71914
3.603,0.69894
3.4399,0.70997
3.4554,0.70862
2.2372,0.80749
3.2794,0.72203
2.3132,0.79813
2.3383,0.79657
3.3375,0.71531
3.3884,0.71141
3.2851,0.71862
3.0959,0.73494
3.29,0.71878
3.4218,0.70801
3.2091,0.72515
3.3344,0.7145
3.5369,0.69745
3.0293,0.73844
1.5598,0.88407
3.1386,0.7275
1.7005,0.86051
1.364,0.90084
2.2265,0.80152
1.9632,0.83318
1.4926,0.89046
3.7789,0.68169
1.9538,0.8149
3.1432,0.72441
3.1416,0.72304
3.2217,0.7176
2.9642,0.73873
3.323,0.71145
3.1016,0.72616
3.0994,0.72726
3.1041,0.72711
3.0478,0.72957
3.025,0.73228
2.942,0.73842
2.7476,0.75129
2.4114,0.78075
2.5119,0.77204
2.3503,0.78849
2.9212,0.73527
2.4813,0.77308
2.5624,0.76389
2.4051,0.78299
2.5534,0.76885
2.4705,0.77287
2.1661,0.80398
1.9289,0.82872
1.2939,0.91882
2.1832,0.79757
2.8081,0.74238
2.8349,0.74005
1.9941,0.81657
2.7214,0.7495
1.7887,0.84454
1.4073,0.89304
2.0114,0.8151
1.5786,0.86414
1.3492,0.90033
1.4177,0.88806
2.2461,0.79168
1.3797,0.90215
2.1695,0.80078
1.4802,0.88173
1.774,0.84175
1.2823,0.91386
1.7431,0.84126
1.6063,0.85997
1.7514,0.84062
1.497,0.87628
1.4779,0.87976
1.4889,0.87065
1.6425,0.85712
1.5933,0.86541
1.5183,0.87546
1.5916,0.85912
1.6193,0.85855
1.7927,0.83361
1.5403,0.86829
1.4422,0.88428
1.4606,0.88156
1.5346,0.8687
1.195,0.92192
1.4275,0.88249
1.6075,0.8578
1.4433,0.88143
1.3992,0.89053
1.3609,0.89748
1.4189,0.88898
1.4055,0.89113
1.279,0.91374
1.3936,0.89471
1.556,0.86076
1.2475,0.912
1.4374,0.87814
1.2249,0.91192
1.3701,0.89073
1.1972,0.92134
1.2741,0.90718
1.401,0.88368
1.2185,0.91695
1.2412,0.91168
1.2436,0.9135
1.4237,0.87525
1.213,0.91397
1.2802,0.90095
1.0998,0.93914
1.2059,0.91505
1.3027,0.89574
1.3308,0.88682
1.3075,0.89255
1.2812,0.89896
1.1502,0.92651
1.9701,0.80474
2.1448,0.78392
1.1446,0.92568
1.3012,0.89381
1.3001,0.89196
1.192,0.91011
1.1986,0.91229
1.6016,0.84789
0.98091,0.96122
1.4821,0.85891
1.3036,0.89084
1.6058,0.84353
1.7071,0.83031
1.3225,0.88718
1.3254,0.88611
1.4324,0.87068
1.6975,0.8289
1.4229,0.87159
1.3216,0.88205
1.1441,0.92228
1.1288,0.92564
1.1427,0.92249
2.4928,0.74139
1.9518,0.79892
1.8985,0.80711
2.0562,0.78648
2.474,0.74222
2.2378,0.76317
1.9141,0.80312
1.8773,0.80728
2.0589,0.78203
2.3523,0.75249
2.3881,0.74749
1.8626,0.80303
1.8679,0.80387
1.9515,0.79032
2.1426,0.77039
2.1601,0.76957
2.5054,0.73243
2.6594,0.7158
2.3428,0.74348
2.5313,0.73081
1.4355,0.85556
2.0711,0.7734
2.0695,0.77268
2.3117,0.74852
2.2439,0.75283
2.0231,0.77613
2.1303,0.76719
2.1925,0.75713
2.1724,0.76088
1.5644,0.83376
2.1803,0.76013
2.423,0.73138
1.0903,0.92098
1.0135,0.93848
1.6436,0.82941
1.1306,0.90803
1.2048,0.89525
1.1297,0.91346
1.1581,0.90782
1.1371,0.90958
1.0206,0.93637
1.8855,0.79369
2.2996,0.74859
2.1332,0.76708
1.1206,0.90481
2.4523,0.73002
2.2622,0.74814
2.2797,0.74211
1.4334,0.85008
1.842,0.79278
1.2391,0.88664
1.6242,0.82576
1.0505,0.91949
1.6199,0.82683
1.087,0.91358
1.4589,0.84458
2.0847,0.75716
2.2207,0.75265
2.2182,0.75017
2.2752,0.74512
2.0557,0.7713
0.92782,0.94617
2.1866,0.75531
1.1098,0.90535
1.0219,0.9264
1.0157,0.92806
0.86037,0.96842
0.87162,0.96474
1.6501,0.81743
1.6568,0.81784
1.5891,0.83079
1.5727,0.83234
1.2142,0.88823
0.80532,0.97972
1.7797,0.79998
1.4895,0.84335
1.0349,0.91738
1.8149,0.7897
1.4325,0.85371
0.85121,0.96425
1.0217,0.92605
0.90849,0.95164
0.9524,0.93966
0.8671,0.9629
0.88139,0.95776
0.84104,0.96938
0.89136,0.95469
0.86909,0.95916
0.82884,0.97362
0.84789,0.9636
0.88989,0.95415
0.86357,0.96305
0.90544,0.95638
0.90211,0.95752
0.90388,0.95221
0.98367,0.93352
1.0422,0.91968
0.89155,0.95944
0.90325,0.95558
1.0039,0.92726
0.86275,0.96733
0.93416,0.9488
1.0229,0.9217
0.93226,0.94523
0.90431,0.95421
1.0251,0.92789
1.0798,0.9131
0.97821,0.93495
0.86624,0.96244
1.1018,0.90677
0.88978,0.95459
0.73484,0.99644
1.0285,0.92398
1.2862,0.87266
1.2548,0.87372
1.2349,0.87667
1.0859,0.90405
1.655,0.81044
2.0626,0.76475
2.3103,0.73255
1.0039,0.92856
0.97114,0.93455
1.1294,0.89474
1.1126,0.8983
1.0746,0.9125
0.98549,0.92988
1.0328,0.91889
0.95406,0.93654
0.73169,0.99762
0.77431,0.98226
0.68425,1.0135
0.7671,0.98521
0.80543,0.97414
0.83406,0.96445
1.9553,0.77402
0.77616,0.98499
2.3608,0.72497
0.76296,0.99118
0.96898,0.93668
1.592,0.82399
0.85381,0.95766
1.7118,0.80319
1.5588,0.82669
1.546,0.82613
1.1048,0.90145
1.1041,0.9032
1.2738,0.87243
1.386,0.85073
2.1956,0.74707
0.8047,0.97385
1.3016,0.86641
1.1682,0.8927
2.1832,0.74495
1.4669,0.83907
1.5236,0.82987
1.4146,0.84931
1.4663,0.83974
1.5149,0.83098
1.5622,0.8208
2.1988,0.74165
2.3017,0.72939
1.1917,0.88495
1.1882,0.88389
1.233,0.87971
1.5383,0.82939
1.5839,0.82258
2.3459,0.73119
2.0951,0.75861
1.9889,0.76991
1.7113,0.80099
1.5843,0.81961
1.7167,0.7969
1.729,0.79727
2.2862,0.73173
1.7145,0.79793
2.3801,0.7221
1.6206,0.81443
1.9949,0.77087
2.2107,0.74424
2.1189,0.73477
2.2281,0.74228
1.4718,0.83825
2.3006,0.71289
1.5089,0.82984
1.6814,0.80493
0.8977,0.94448
1.904,0.77603
2.2354,0.72136
1.7185,0.7947
1.7929,0.78574
1.6327,0.80814
1.1475,0.89192
0.96374,0.9285
0.82614,0.96817
0.85389,0.96024
1.5138,0.8306
1.5264,0.82863
0.90225,0.94516
1.5746,0.81642
1.4709,0.83427
1.4259,0.84099
1.6031,0.81446
0.88846,0.94598
1.6063,0.81288
1.7469,0.79688
0.81125,0.96919
0.75961,0.98635
0.90847,0.93993
2.0587,0.75617
0.85334,0.9587
0.92297,0.93696
0.85611,0.954
1.3269,0.86059
1.1144,0.90262
1.3486,0.85731
0.94626,0.93171
0.97642,0.92491
0.97187,0.92756
0.8509,0.95918
0.945,0.93162
1.411,0.84459
1.3717,0.85074
1.7941,0.78731
1.9554,0.7696
1.4802,0.83213
1.3976,0.84639
1.5095,0.82443
0.75195,0.98531
1.3735,0.8498
1.4275,0.83936
1.5116,0.82433
1.456,0.83256
1.337,0.85466
1.3569,0.85038
0.84472,0.96129
1.4109,0.84038
1.1234,0.89447
1.8234,0.78427
2.0735,0.75186
1.8994,0.77289
1.9887,0.7623
2.1104,0.7485
2.0488,0.75568
1.8684,0.77934
0.94261,0.93346
0.84629,0.95841
0.85444,0.95675
0.84494,0.95837
0.7096,0.99764
1.7399,0.79331
1.71,0.79712
1.3323,0.84818
0.80966,0.96227
0.78543,0.96995
0.70415,0.99537
0.74106,0.98946
0.66346,1.0122
0.83914,0.95866
0.72202,0.99148
0.65164,1.0173
0.75029,0.98505
1.4062,0.84295
1.7804,0.78712
1.999,0.76507
1.9005,0.76769
1.2157,0.87903
1.3023,0.86379
1.5147,0.8201
1.2321,0.87367
1.2949,0.86307
1.448,0.83669
1.2519,0.87322
1.5654,0.81431
0.77759,0.97141
1.7988,0.78148
1.3772,0.84468
1.8505,0.77792
1.5007,0.8235
1.3085,0.85762
1.9247,0.76638
0.74134,0.98675
2.0633,0.74448
1.821,0.78302
2.1585,0.74214
0.77994,0.97043
1.2074,0.87155
1.0902,0.88755
0.8823,0.93819
1.4678,0.82926
1.441,0.83332
1.1634,0.88363
1.1509,0.8859
1.4671,0.82882
1.4169,0.83741
1.5643,0.81511
0.86134,0.94905
0.97368,0.91301
0.99761,0.90813
0.84133,0.95152
0.89593,0.93747
0.89236,0.93704
0.99836,0.9136
1.698,0.79861
0.91208,0.93638
0.87165,0.94764
1.6037,0.80775
2.0593,0.75026
1.6864,0.79554
1.6838,0.7975
2.1752,0.73691
1.9776,0.75967
2.0423,0.75471
1.9484,0.76595
1.9366,0.76788
1.7996,0.78591
0.85839,0.95231
1.9661,0.76391
0.81488,0.96262
0.801,0.96673
2.1937,0.73371
2.0197,0.75483
1.9061,0.77096
0.68761,1.0027
0.76023,0.97812
2.0833,0.74815
1.777,0.78532
2.0347,0.75388
1.9319,0.76914
1.9604,0.76608
1.6047,0.80879
1.3074,0.85937
1.9647,0.7644
1.7375,0.79363
1.4405,0.83216
1.8858,0.76974
1.8352,0.77706
1.311,0.85685
1.9202,0.76382
1.8169,0.7797
1.831,0.77777
2.0631,0.75057
2.0211,0.75173
1.9141,0.76744
0.78306,0.96938
1.7822,0.78768
1.7379,0.79301
1.829,0.77843
1.9793,0.75916
2.141,0.73772
1.9601,0.75963
1.7976,0.78052
1.9401,0.76459
1.7554,0.79012
1.7524,0.78988
1.9535,0.76091
1.6059,0.81394
0.73679,0.98354
1.6448,0.80982
0.57428,1.0456
1.458,0.83968
0.62136,1.026
1.8757,0.77522
1.8157,0.77999
0.75056,0.97657
1.0745,0.89681
0.99635,0.91853
0.83604,0.95624
1.703,0.79418
0.85559,0.94975
0.74621,0.98209
0.89084,0.93836
0.69461,1.001
0.73367,0.98365
0.76939,0.974
0.77572,0.97384
0.80865,0.96395
0.69965,0.99713
0.64411,1.0188
0.77956,0.97254
0.7118,0.99587
1.855,0.77539
1.7781,0.78659
1.7331,0.79039
1.8325,0.77867
1.2321,0.87169
1.4528,0.83508
1.0607,0.90202
1.1608,0.88043
1.7514,0.78879
1.8198,0.77873
1.0731,0.90025
1.0026,0.91522
1.119,0.88295
0.77272,0.97051
0.88454,0.9425
0.74229,0.97768
0.80941,0.95928
0.76118,0.97359
1.1503,0.87801
1.1204,0.88629
0.75653,0.97532
1.0681,0.89875
1.104,0.89144
0.77856,0.96661
1.231,0.86728
1.6414,0.80399
0.86579,0.95114
1.5307,0.82016
1.321,0.85122
1.8828,0.77077
1.9117,0.76561
2.0245,0.74956
1.791,0.77898
2.0139,0.74836
1.7882,0.78104
1.8513,0.77385
0.68277,0.99943
2.0981,0.74233
1.9221,0.76319
0.94118,0.92806
1.9955,0.75439
1.8879,0.76445
0.58144,1.0378
2.0451,0.74867
0.86847,0.9446
1.0188,0.90908
2.1057,0.7404
1.9319,0.76332
0.89626,0.93405
0.74781,0.9746
0.85672,0.94853
0.83058,0.94846
1.7442,0.77854
2.1375,0.73355
0.97469,0.91696
0.93624,0.92928
0.62242,1.0217
1.8066,0.7812
1.744,0.78883
2.2792,0.71797
0.89694,0.93691
0.97357,0.91241
0.99127,0.91268
0.80711,0.95966
0.84025,0.9501
0.81645,0.95711
0.84088,0.95021
0.9302,0.92555
0.95658,0.92027
0.84668,0.94763
0.9641,0.91902
0.82432,0.9536
2.3523,0.7138
1.4688,0.82683
1.8782,0.76695
1.9,0.76265
2.105,0.7445
1.8845,0.7651
1.1951,0.86784
1.8165,0.77414
1.8956,0.76394
1.8444,0.77201
1.8527,0.76986
1.8916,0.76621
1.9537,0.76055
0.9987,0.916
1.8819,0.76844
0.9995,0.91254
2.1098,0.73857
1.9606,0.7574
1.7316,0.78792
1.9452,0.76092
0.98114,0.92074
2.0467,0.74926
1.0892,0.89657
2.0237,0.75079
0.95478,0.91956
0.7916,0.96504
0.80076,0.96286
0.95996,0.92207
2.1462,0.73297
1.7811,0.78251
1.8823,0.7655
1.8975,0.76321
1.9062,0.76378
2.1136,0.73835
1.9274,0.76105
2.0017,0.75037
0.7224,0.98628
0.73647,0.97939
0.71579,0.98896
1.8203,0.77533
1.6996,0.79453
1.8231,0.77597
0.71787,0.9883
0.79893,0.95936
0.8325,0.95225
2.0103,0.75351
1.8102,0.77698
1.8467,0.7744
1.939,0.75869
1.8367,0.77626
2.131,0.73671
1.8397,0.77287
1.8274,0.77315
1.8057,0.77754
1.8835,0.76832
2.2038,0.72983
1.8985,0.76599
1.0991,0.88939
2.049,0.74563
1.8568,0.76868
1.9296,0.75988
1.687,0.7944
1.8792,0.76452
1.8293,0.77369
1.7817,0.78189
1.7934,0.7799
1.7592,0.78352
0.80655,0.95724
0.78666,0.96342
0.83506,0.94765
1.7926,0.78163
0.84764,0.94775
1.6656,0.7919
1.8064,0.77482
1.7669,0.77899
1.7279,0.78425
2.0188,0.74522
1.8042,0.77621
0.76096,0.97304
0.71006,0.99021
0.69148,0.99674
1.7872,0.78142
1.8142,0.77996
1.6894,0.79498
1.778,0.78063
1.4957,0.82081
1.7771,0.78104
1.2701,0.85755
1.7507,0.78291
1.7924,0.77962
0.70042,0.99493
1.7233,0.78755
0.59653,1.0311
1.6044,0.8037
1.8406,0.77062
1.8729,0.76251
1.8042,0.772
1.9149,0.75799
1.5358,0.81502
0.71411,0.98464
1.6343,0.79797
0.6629,1.0005
0.70539,0.99092
0.65033,1.0069
0.72488,0.98522
0.72098,0.98056
0.61519,1.0246
0.69886,0.99485
1.1973,0.86189
1.9106,0.75792
1.8707,0.76327
2.0279,0.7419
2.162,0.72367
2.0898,0.73746
1.9255,0.75692
2.1428,0.72894
2.1141,0.73432
0.79016,0.95729
0.82004,0.95039
1.8134,0.77449
1.8041,0.7662
1.8029,0.76817
2.4392,0.69518
1.9607,0.75327
2.05,0.73603
1.0366,0.8981
1.1157,0.88478
1.1627,0.86788
1.1698,0.87113
1.2341,0.84726
1.2628,0.85275
1.082,0.8861
0.89937,0.93103
0.8715,0.94196
0.86764,0.93964
0.81221,0.95289
0.88232,0.93534
0.86311,0.93982
2.1138,0.73632
1.0191,0.90026
0.8081,0.9535
0.84242,0.94484
0.91331,0.92355
2.0482,0.7359
1.7577,0.77389
2.0516,0.74295
2.0352,0.74063
1.9649,0.75226
1.103,0.88449
1.9265,0.75519
1.0595,0.88149
0.96562,0.91219
1.0843,0.89263
0.9164,0.92571
0.90315,0.92733
1.39,0.81362
2.1003,0.73838
1.0003,0.90676
1.9258,0.75874
1.8266,0.77361
2.1125,0.73107
1.9738,0.75386
2.0356,0.74417
2.0388,0.74219
2.0737,0.73807
1.8688,0.76443
1.9759,0.74955
1.9913,0.74234
1.5927,0.79893
2.1656,0.72796
2.2502,0.72042
0.87226,0.93846
2.0175,0.74783
2.0249,0.74591
2.0043,0.74762
2.2327,0.71861
2.185,0.72212
2.1406,0.72892
2.1094,0.73194
1.0167,0.89979
2.047,0.74633
1.9024,0.76328
2.0819,0.73898
1.7792,0.7776
2.2241,0.71837
1.9739,0.74942
2.0171,0.74477
2.1132,0.73324
2.2217,0.7191
2.1341,0.73017
1.9609,0.75259
1.8603,0.76614
2.2431,0.71528
2.0905,0.73966
2.0546,0.74303
2.0745,0.73941
1.9138,0.75997
1.8879,0.76267
1.8255,0.76605
1.9662,0.75308
2.0017,0.7484
0.85754,0.94194
2.2038,0.72566
0.80173,0.95696
2.2931,0.71445
2.0329,0.74389
2.0597,0.74086
1.9971,0.7474
1.7942,0.77522
2.0639,0.73863
2.0286,0.74588
2.1573,0.72931
1.9538,0.75371
2.2186,0.71897
1.965,0.75297
2.0201,0.74385
1.0588,0.89523
1.9057,0.7597
2.0115,0.74546
2.225,0.71769
2.0333,0.74271
2.0429,0.74325
2.0115,0.74741
1.1958,0.86593
1.1692,0.87144
1.1137,0.88365
1.1144,0.88155
1.7949,0.77356
1.9824,0.75042
1.7655,0.7762
1.4379,0.82358
1.3071,0.84677
0.76563,0.96582
1.0947,0.8836
1.4682,0.81779
1.8964,0.75774
1.8925,0.76082
2.0689,0.73809
2.085,0.73661
1.9918,0.74766
1.8192,0.7699
1.7148,0.78549
1.9435,0.75211
1.7421,0.78268
0.78177,0.96487
1.5755,0.80831
0.77626,0.96176
0.89533,0.92965
0.68529,0.9886
1.9476,0.75088
1.9781,0.74736
1.9277,0.75367
0.9906,0.90558
1.102,0.88489
0.92238,0.92252
1.7958,0.77195
0.68655,0.99068
2.1195,0.73211
0.97207,0.91162
0.79956,0.95683
1.7479,0.77939
1.8404,0.76333
2.264,0.71305
1.9899,0.74592
1.717,0.7836
1.9022,0.74835
1.0137,0.89836
1.9878,0.74603
1.9523,0.7499
1.0976,0.88205
1.8886,0.75844
0.87272,0.93856
0.85228,0.94444
1.8145,0.77193
1.0033,0.91333
1.6737,0.79091
2.0392,0.73985
1.9458,0.7503
2.6029,0.66642
2.0676,0.73293
2.2538,0.71304
2.0953,0.73333
2.0788,0.73187
2.25,0.70888
2.1459,0.72671
2.0538,0.7343
1.0262,0.89506
1.0532,0.8907
2.05,0.72854
2.0204,0.74244
1.7831,0.77219
1.6292,0.79832
1.8045,0.77211
2.0708,0.73376
1.972,0.74647
1.8666,0.75921
1.9207,0.75552
2.086,0.73402
1.9413,0.75009
2.2085,0.71516
1.9078,0.75065
1.0864,0.87994
0.81168,0.94608
2.1941,0.72032
2.2492,0.71048
1.0979,0.87497
1.1083,0.87827
0.96058,0.90902
0.99266,0.90523
0.98975,0.90667
1.0155,0.89799
0.88876,0.9236
1.1119,0.87277
1.1073,0.87979
1.0525,0.89499
1.0526,0.88938
1.1832,0.86012
1.0788,0.88866
1.0582,0.89561
1.1344,0.88069
1.1404,0.87625
1.9593,0.75275
1.0775,0.88675
1.1181,0.88154
1.9737,0.74774
1.9164,0.75368
2.0923,0.72923
1.2483,0.85267
2.0213,0.73954
0.9336,0.91597
0.84435,0.93233
2.3447,0.70284
0.85876,0.93942
1.2432,0.85555
2.191,0.72122
2.0736,0.73285
0.95288,0.91299
0.74428,0.9677
1.0771,0.88222
1.9505,0.75025
2.0626,0.73257
1.9654,0.74417
0.85164,0.93589
2.1563,0.72327
1.9539,0.7493
2.0453,0.73794
0.77135,0.96203
0.88344,0.92743
1.7791,0.77694
1.8458,0.76413
1.9539,0.75182
2.0122,0.745
2.0039,0.74165
0.65423,1.0006
2.1087,0.73135
2.0504,0.73952
1.9308,0.75372
2.2094,0.71879
2.0147,0.742
2.0314,0.73763
1.993,0.74191
1.8483,0.76398
1.9248,0.75464
2.1642,0.72307
2.0357,0.73836
1.8192,0.76936
1.808,0.77035
1.7297,0.77996
1.7728,0.77591
1.9962,0.74766
1.8071,0.77009
1.0098,0.90582
1.5552,0.80718
1.82,0.77065
1.871,0.7626
1.9361,0.75343
1.926,0.75004
1.8024,0.76998
1.7999,0.77147
1.707,0.78453
1.9361,0.75255
1.8067,0.77045
1.8899,0.75989
1.8521,0.76301
1.8799,0.75929
1.925,0.75467
1.8896,0.75977
1.9748,0.7499
1.8962,0.75464
1.7887,0.77198
2.02,0.74204
1.9075,0.75403
1.9011,0.75405
1.8329,0.76431
1.8869,0.75688
1.8187,0.76696
2.2002,0.7099
2.0184,0.73861
1.8915,0.75767
2.0003,0.74187
1.8542,0.7621
2.2685,0.70727
2.0044,0.74442
1.0549,0.89088
1.9096,0.75518
1.0764,0.88686
1.7696,0.77388
1.057,0.88956
1.939,0.75143
1.2807,0.84465
1.1199,0.87795
1.7219,0.77952
1.2668,0.84714
1.6887,0.78373
1.3246,0.82834
1.105,0.87988
1.0658,0.88842
1.1147,0.87989
1.1571,0.87075
1.8312,0.76795
1.7783,0.77218
1.7724,0.77158
1.7278,0.78024
1.9284,0.74879
2.1304,0.72664
1.5894,0.79747
1.776,0.77116
1.0912,0.87967
2.0133,0.7418
2.13,0.72709
1.5537,0.80783
1.9989,0.74303
1.8682,0.76193
1.726,0.77563
1.6461,0.79366
2.0057,0.74068
1.6312,0.79277
1.5889,0.79904
1.9843,0.7385
1.7652,0.77084
1.9503,0.74835
1.9324,0.75095
1.5472,0.80787
2.0069,0.7403
1.8356,0.76078
0.72372,0.97543
1.6477,0.79034
0.75347,0.96463
0.58912,1.0192
0.5548,1.0398
0.68034,0.99059
1.8278,0.76322
0.70634,0.97664
0.73252,0.96251
2.207,0.71066
0.70373,0.98195
1.4208,0.82708
1.6346,0.79633
2.0145,0.74133
1.4407,0.81971
2.2924,0.68571
1.8956,0.75672
1.0206,0.89312
1.864,0.76138
0.91156,0.92344
2.0071,0.74135
2.1242,0.72817
1.7967,0.76108
2.2776,0.71117
2.2984,0.70569
2.1936,0.71908
1.8646,0.75745
2.0705,0.73183
2.4386,0.6923
0.86304,0.93298
2.2934,0.70981
2.4043,0.69366
2.2643,0.71388
2.2902,0.70934
0.82267,0.94646
1.3748,0.82833
1.3208,0.83858
0.8714,0.93114
0.80709,0.95053
2.0518,0.73715
0.7697,0.96281
0.7894,0.95672
0.82445,0.94022
0.88011,0.92894
0.89136,0.92759
0.77187,0.9634
0.84843,0.93854
2.5367,0.67914
2.1629,0.72327
2.2098,0.71159
0.82448,0.9465
2.0751,0.73723
2.1287,0.73081
0.94336,0.91354
1.0393,0.89097
1.9346,0.7545
0.99969,0.9009
2.3027,0.71187
2.5689,0.67989
1.1056,0.87787
0.68047,0.99358
0.78341,0.96097
0.77131,0.96411
0.78871,0.95536
0.73475,0.97629
0.8092,0.94529
0.75632,0.96821
0.7039,0.98526
0.79754,0.95545
2.0459,0.74136
2.0627,0.74269
2.2645,0.71624
0.91865,0.92634
2.0029,0.75216
2.0617,0.74421
2.363,0.70898
2.3898,0.70312
2.367,0.70729
2.1048,0.73617
2.1366,0.73202
2.1948,0.72526
2.1606,0.72974
2.1948,0.72646
1.0206,0.89916
2.1168,0.73663
1.0115,0.90777
1.0653,0.89607
1.2467,0.86245
1.058,0.89979
1.9793,0.7549
0.92022,0.93181
0.77987,0.9694
0.87389,0.93934
1.1764,0.87453
0.79432,0.96196
2.0815,0.73889
1.9811,0.75158
1.9309,0.75823
1.9084,0.76263
2.0055,0.74783
1.4818,0.8192
2.0191,0.74717
2.0844,0.74244
2.1316,0.74014
1.1825,0.86922
2.1567,0.73627
2.0741,0.74578
1.9467,0.75988
1.7736,0.7829
1.8482,0.77352
1.9709,0.7544
1.8464,0.77561
2.0168,0.75169
2.1297,0.74301
2.1705,0.73821
2.0115,0.75412
2.004,0.75532
1.8618,0.77158
2.056,0.74783
2.2851,0.7215
2.0236,0.75321
2.0821,0.74546
2.1048,0.74176
2.0164,0.75201
1.18,0.87839
1.9216,0.76421
1.8629,0.77063
1.7879,0.7835
2.027,0.7527
2.0041,0.75454
1.8041,0.77985
2.3201,0.71792
2.1152,0.74522
2.2978,0.71878
0.78453,0.96878
2.2998,0.72317
2.1799,0.73469
1.9702,0.75962
2.2092,0.73141
2.0948,0.7459
2.0719,0.74986
2.2821,0.72554
2.3656,0.71675
2.0182,0.75598
1.7458,0.78693
2.1207,0.74377
2.3726,0.71592
2.074,0.74769
2.1716,0.73713
2.1983,0.73484
1.7725,0.7887
2.0056,0.75462
2.2718,0.72731
0.75327,0.98208
2.3058,0.7252
2.3814,0.71636
2.2608,0.72917
2.3541,0.71936
2.3064,0.72421
2.2269,0.73279
2.2775,0.72686
2.2733,0.72712
0.95523,0.9259
2.2024,0.7324
2.3661,0.71462
1.1782,0.8761
2.1766,0.73689
2.015,0.75434
2.2624,0.72617
1.5949,0.81097
1.9862,0.7608
2.2574,0.72909
0.82234,0.96051
0.83472,0.95799
2.1948,0.73691
0.82273,0.96272
2.3649,0.71737
0.86897,0.94926
1.0394,0.90483
2.299,0.7268
2.0275,0.75653
0.82294,0.95966
2.279,0.72771
2.0311,0.75877
2.074,0.75321
2.4715,0.70628
1.8885,0.777
2.2517,0.73118
2.2467,0.73369
1.1466,0.8883
2.2721,0.73098
1.8135,0.78501
2.0313,0.75825
2.0861,0.75167
2.2377,0.73526
1.7742,0.79004
2.0683,0.74264
0.91032,0.94214
1.546,0.82274
2.1922,0.7421
2.0583,0.75838
2.0636,0.75387
1.7863,0.78955
0.8282,0.96243
0.8266,0.964
0.85808,0.95443
0.79125,0.97353
0.87488,0.9521
0.84016,0.95985
0.87046,0.95113
0.91263,0.93846
0.87677,0.9497
0.82223,0.96594
0.79053,0.9747
0.82557,0.96518
0.85558,0.9565
0.93207,0.94004
1.0302,0.91227
1.0827,0.90551
1.7371,0.79618
2.5163,0.7081
2.008,0.76669
0.98112,0.92572
0.74653,0.99134
0.78343,0.97736
2.4896,0.71246
1.2156,0.87755
2.5581,0.69938
1.0495,0.90617
0.99081,0.91982
0.98707,0.91834
0.9021,0.94405
1.0034,0.91415
0.8532,0.95981
0.88899,0.94757
0.82387,0.96869
0.75041,0.99196
0.88624,0.95037
2.2104,0.7444
0.89696,0.94884
1.1982,0.87812
1.1233,0.8939
2.4403,0.71669
2.3085,0.7325
2.2848,0.73741
2.0237,0.7628
1.7742,0.79818
1.9297,0.7731
2.0711,0.75936
1.9209,0.77571
1.5499,0.82767
3.0017,0.65977
1.3128,0.86239
2.3935,0.72362
1.4794,0.83457
2.3581,0.73162
2.1964,0.7417
2.5802,0.70391
2.2583,0.73964
2.4293,0.72284
2.512,0.71269
2.5309,0.71355
2.287,0.73801
2.2026,0.73934
1.606,0.822
2.395,0.72513
0.80905,0.98103
2.3911,0.73004
1.8393,0.79483
0.87358,0.96204
2.4082,0.72673
0.84586,0.96982
2.2208,0.75043
0.80682,0.97962
0.78315,0.98754
2.3382,0.73646
0.72684,1.0047
0.78916,0.98454
0.81256,0.97782
0.74614,0.99948
0.81453,0.9778
0.84094,0.96891
0.70957,1.0113
0.83266,0.97346
0.73601,1.0035
1.8935,0.78937
0.8399,0.9692
2.4741,0.72369
2.6103,0.71332
2.3193,0.74086
2.5596,0.71726
2.6989,0.70351
2.659,0.70783
2.5191,0.72109
2.4917,0.72263
2.3846,0.73618
2.612,0.71394
2.307,0.74301
2.5521,0.7199
1.9889,0.77603
0.96283,0.93661
2.0249,0.77363
2.346,0.73911
2.7663,0.70013
0.87397,0.96248
0.82029,0.97994
0.88844,0.96009
0.87182,0.96463
0.8886,0.95918
2.1141,0.76478
0.84297,0.97421
2.3972,0.73299
2.3187,0.7433
2.2978,0.74443
2.4236,0.73221
2.104,0.76934
2.279,0.74848
1.9734,0.78372
1.9885,0.78065
2.1144,0.76453
1.8603,0.79224
2.3907,0.73534
2.1675,0.75974
0.96887,0.94128
2.5039,0.72611
1.2562,0.88194
1.1271,0.91018
2.265,0.75124
1.0996,0.91695
0.91082,0.95826
2.2808,0.75067
2.6626,0.71303
2.0092,0.77942
2.3973,0.73847
1.9621,0.78549
2.2603,0.74905
1.9749,0.78248
2.2586,0.75317
2.4613,0.73173
2.3973,0.73826
2.2908,0.75201
2.5066,0.72953
2.5754,0.7216
2.5106,0.72899
2.1474,0.76262
2.3593,0.74314
2.2815,0.75049
2.0036,0.78247
2.2242,0.75597
2.7977,0.69919
2.3885,0.73943
1.0978,0.91641
1.1529,0.90706
2.1715,0.76573
1.1425,0.90938
1.1536,0.90902
1.1663,0.90608
2.2316,0.76017
2.7353,0.70627
2.7671,0.70443
3.0246,0.68267
1.4661,0.85109
2.5824,0.72258
1.6044,0.83206
0.95348,0.95265
1.0159,0.93341
1.0164,0.93567
1.0697,0.91962
0.9648,0.94495
0.95148,0.95258
2.2711,0.75632
0.97525,0.94247
0.96793,0.94523
2.7624,0.70485
0.98084,0.94368
2.5931,0.72148
0.96025,0.94879
0.98273,0.94352
0.95264,0.9508
1.0206,0.93537
0.88506,0.96881
0.91382,0.96176
0.87443,0.97361
0.92811,0.95803
2.6855,0.71441
2.8086,0.70456
2.4054,0.74074
2.4023,0.74272
2.0221,0.78391
2.3757,0.7468
2.2297,0.76226
2.4166,0.74125
0.87136,0.97427
2.0463,0.783
0.89982,0.96762
0.95264,0.95377
0.94241,0.95701
1.0179,0.93795
0.92911,0.96068
0.89373,0.96977
2.5822,0.72858
2.7473,0.71276
0.88889,0.96925
2.5243,0.73321
0.90766,0.96686
0.90206,0.96895
0.87373,0.9772
2.4356,0.74227
1.1017,0.92073
2.5121,0.73667
2.5317,0.73263
2.5688,0.72913
0.9251,0.96342
0.93573,0.96071
0.94074,0.95847
0.98622,0.94925
2.5327,0.73701
0.94082,0.9606
2.2566,0.7627
2.9999,0.6935
2.7565,0.71208
2.4189,0.74407
2.6798,0.72262
2.6985,0.71995
2.8508,0.70492
2.5746,0.73321
2.7371,0.71831
2.8131,0.71063
0.91693,0.96882
2.6604,0.72316
0.99606,0.94841
2.3335,0.75041
1.9799,0.79347
1.9462,0.80031
1.8909,0.80462
1.8613,0.80991
1.2007,0.90518
1.9754,0.79652
1.0851,0.92923
1.1743,0.90951
1.0929,0.92911
1.1415,0.91742
2.0065,0.79021
1.114,0.92429
3.3199,0.67117
2.7185,0.72334
1.1294,0.92481
1.1277,0.92611
2.439,0.74855
1.1623,0.91866
1.1555,0.92025
2.6428,0.73133
2.6143,0.73363
1.1026,0.93048
2.786,0.71849
2.891,0.70852
2.7656,0.72095
2.2694,0.76324
1.1146,0.926
2.0166,0.79434
2.334,0.76199
0.94185,0.96721
1.9056,0.80837
2.1246,0.78129
1.6857,0.83448
0.97148,0.95992
3.013,0.6993
2.6235,0.73433
2.6273,0.73289
2.5397,0.74377
2.7669,0.72351
2.7615,0.72113
2.0076,0.79227
2.5611,0.74209
2.7136,0.72657
2.6461,0.73138
1.9667,0.80247
2.6493,0.72935
2.8923,0.7093
2.6241,0.73647
2.7002,0.72844
2.6851,0.7309
2.5542,0.74084
2.0286,0.79257
2.5162,0.74629
2.456,0.75234
1.8489,0.82018
2.5088,0.74789
2.5594,0.74188
2.5737,0.74258
2.6686,0.72771
2.894,0.71209
2.7381,0.72687
2.2077,0.77705
2.851,0.71673
2.7968,0.72321
2.5793,0.74286
2.7625,0.72602
1.1859,0.91444
2.823,0.71801
2.8528,0.71644
2.6058,0.73807
2.6269,0.73554
2.8865,0.71446
2.926,0.71117
1.5441,0.85663
2.7022,0.72828
1.9617,0.80428
2.7347,0.72674
1.4961,0.86294
1.8862,0.81279
2.8984,0.71205
2.8245,0.71763
1.8963,0.81195
1.9374,0.80608
3.043,0.70103
2.7839,0.72301
2.8595,0.71554
1.6273,0.84379
1.6187,0.8454
1.5438,0.85993
2.7096,0.73016
2.637,0.73754
2.0315,0.79565
1.8358,0.82018
2.8263,0.71867
1.5393,0.86132
2.8966,0.7148
2.9893,0.70481
3.1967,0.68767
2.6936,0.73163
2.8949,0.7148
2.9237,0.71205
3.3768,0.67427
2.8835,0.714
2.1668,0.77915
2.7865,0.72243
2.8317,0.71932
2.9739,0.70723
3.5159,0.6616
3.0626,0.69949
1.7713,0.82371
2.2133,0.77527
3.2901,0.67997
3.0382,0.70125
3.1394,0.69202
1.7564,0.83057
3.2263,0.68497
1.8595,0.81456
2.7414,0.72819
1.7832,0.82345
1.6567,0.8411
1.7153,0.83346
1.5228,0.86398
1.7972,0.82036
1.7622,0.82738
1.5863,0.85276
2.8816,0.71679
2.9494,0.70959
3.0222,0.70571
3.1298,0.69367
3.21,0.6907
2.9926,0.70865
1.1087,0.93427
1.1167,0.93047
2.152,0.78319
1.1608,0.9235
1.3324,0.88943
2.3212,0.77316
2.1193,0.78975
2.8984,0.71791
1.111,0.93458
2.2288,0.7765
2.6807,0.7359
2.5746,0.74719
2.5229,0.74379
2.9524,0.71272
1.112,0.93385
1.1313,0.93149
1.2577,0.90571
1.1512,0.92609
1.3056,0.8974
3.0386,0.70476
1.2479,0.90904
2.0454,0.79838
3.0276,0.70738
1.2668,0.90639
1.2671,0.90034
1.3266,0.89201
2.3828,0.76138
2.6565,0.73233
1.2609,0.90328
2.3809,0.75917
3.4183,0.67637
2.3611,0.76356
1.9834,0.80861
1.2961,0.89736
2.1815,0.78474
1.0663,0.94811
3.3272,0.68481
2.2402,0.77808
2.4205,0.762
1.9612,0.81223
2.2973,0.77014
2.0809,0.79622
3.3204,0.68415
2.0559,0.79968
2.0477,0.79711
2.2978,0.77487
1.168,0.92517
1.1022,0.93953
1.224,0.9176
1.2464,0.90776
1.1515,0.92859
2.3921,0.76113
2.323,0.77084
2.2776,0.77558
2.2547,0.77941
1.1209,0.94006
2.1572,0.79044
2.3008,0.7772
1.1811,0.92745
1.0311,0.9553
2.0278,0.8057
2.1998,0.78587
1.0828,0.9472
1.1348,0.93591
1.0724,0.94707
1.031,0.95879
1.918,0.8179
1.2568,0.9089
1.93,0.81727
1.9741,0.81306
1.9842,0.81063
1.9978,0.80984
1.0469,0.95427
1.14,0.93535
1.0335,0.95639
2.5767,0.74912
0.94875,0.97717
1.1498,0.93216
1.2321,0.9148
1.0135,0.96178
1.9947,0.80913
1.1002,0.94114
2.3522,0.77216
1.975,0.81145
1.9229,0.82067
2.1741,0.7889
1.9249,0.81916
1.6732,0.84989
1.6269,0.85454
2.2525,0.78273
2.1009,0.79709
1.1738,0.92802
1.0956,0.94588
1.1761,0.92811
1.1937,0.92462
2.0889,0.80151
2.1951,0.78541
1.222,0.91835
2.1288,0.79694
2.0448,0.80573
2.1683,0.79319
1.111,0.94421
2.9081,0.72527
1.1058,0.94566
2.1387,0.79503
1.9729,0.81666
2.1675,0.79475
2.123,0.80017
2.3119,0.77674
1.0524,0.9554
2.1656,0.79268
1.9868,0.81605
2.0602,0.80515
2.1236,0.79844
2.1706,0.79255
1.066,0.95279
2.1115,0.79769
2.2815,0.7795
2.2051,0.78765
2.2337,0.7845
2.053,0.80655
2.5555,0.75606
1.9531,0.81769
2.6614,0.7462
1.9211,0.82165
2.6757,0.74467
2.0393,0.80566
2.068,0.80258
1.9994,0.81159
2.0056,0.81085
2.7917,0.73427
2.5718,0.7541
2.0936,0.7986
2.7724,0.73636
2.04,0.80683
1.8689,0.82786
1.9116,0.82107
2.1917,0.78817
1.9197,0.82354
2.7033,0.74526
2.1394,0.79346
2.6665,0.74519
2.4883,0.76335
2.7435,0.74101
1.9016,0.82644
2.6204,0.75075
1.9375,0.82039
2.0565,0.80594
2.6511,0.74815
1.9641,0.81565
2.7231,0.74323
2.0086,0.81235
2.5677,0.75631
1.8223,0.83661
2.5307,0.76104
1.8891,0.82744
2.7997,0.73399
1.9735,0.81426
1.8649,0.82955
2.0006,0.81134
2.5504,0.75646
2.0438,0.80523
1.8057,0.83588
2.1271,0.79983
1.2179,0.92029
1.0145,0.96385
1.0117,0.96476
1.0685,0.95148
2.9424,0.72243
2.9261,0.72537
1.8683,0.8285
3.0782,0.70958
1.0962,0.94508
0.98013,0.97327
2.4123,0.77197
1.1301,0.93893
2.3304,0.77418
1.1653,0.93229
2.4756,0.76699
3.4218,0.68502
1.3643,0.89439
2.1471,0.79422
2.0006,0.81302
2.597,0.75591
1.8774,0.82966
2.4012,0.77286
2.1074,0.79893
2.019,0.81058
2.1379,0.79561
2.0017,0.81387
1.8579,0.83232
2.2404,0.78468
2.0855,0.80722
2.1074,0.79872
2.1884,0.79434
2.0785,0.80361
2.2697,0.78044
1.9712,0.81723
2.1085,0.80299
1.9736,0.8163
2.1417,0.80207
2.0616,0.80655
2.2673,0.78495
1.9988,0.81416
2.2226,0.78664
1.6534,0.85804
1.1978,0.92805
1.4066,0.88608
1.2697,0.91586
1.3059,0.90439
1.2873,0.90816
