58.208,0.011747
61.257,-0.008822
56.74,0.03205
58.479,0.0091555
54.932,0.031718
62.409,-0.015128
58.055,0.020217
60.797,-0.0059311
53.012,0.059098
61.395,-0.011065
61.966,-0.016057
61.623,-0.018474
57.891,0.01712
59.157,0.0051548
56.175,0.031113
58.395,0.014305
60.094,-0.0037066
60.401,-0.0040691
59.081,0.0076755
58.57,0.01123
55.908,0.035344
58.274,0.015195
59.224,0.0016592
57.407,0.02002
48.54,0.086514
52.084,0.056915
56.253,0.038322
55.228,0.045682
58.772,0.0064006
57.302,0.025644
58.094,0.013812
57.848,0.017313
56.604,0.02823
58.159,0.015463
57.283,0.024509
56.033,0.033149
53.385,0.055592
56.918,0.020159
53.27,0.062595
57.348,0.018704
57.11,0.020064
55.275,0.044202
57.301,0.017723
53.351,0.055085
54.349,0.048601
51.867,0.067298
52.751,0.070314
53.733,0.049531
53.885,0.053427
51.852,0.07497
53.517,0.058998
48.585,0.10124
52.832,0.05459
51.307,0.07676
53.126,0.050191
54.223,0.041641
49.817,0.084073
51.483,0.06997
52.594,0.065245
50.846,0.076708
47.72,0.10516
50.85,0.076669
50.088,0.079572
48.977,0.099913
51.473,0.074575
49.895,0.080829
45.675,0.12706
49.295,0.094257
48.251,0.11081
48.727,0.10322
50.49,0.083972
45.546,0.13182
44.221,0.14041
43.001,0.151
47.855,0.11355
47.836,0.10959
46.119,0.12518
47.305,0.1224
48.462,0.11463
42.772,0.16338
47.735,0.11608
41.823,0.16058
47.063,0.12376
41.324,0.18299
45.877,0.12442
41.464,0.15213
43.413,0.13179
42.947,0.13871
44.188,0.12442
42.147,0.14783
40.244,0.16273
38.445,0.18349
39.456,0.17129
37.236,0.19519
31.656,0.26404
35.94,0.21332
39.697,0.17482
36.533,0.21603
35.4,0.22458
36.453,0.21467
35.43,0.23122
34.042,0.25031
36.315,0.21456
33.997,0.25051
31.871,0.27151
37.294,0.20449
31.644,0.27016
35.114,0.23165
33.383,0.25847
32.373,0.2744
32.521,0.27095
32.095,0.27802
33.644,0.25387
35.821,0.22698
33.511,0.25495
33.454,0.25481
33.328,0.25984
29.866,0.30334
34.286,0.24524
34.652,0.24248
31.887,0.27849
31.359,0.28444
30.937,0.29473
34.722,0.24188
34.057,0.25295
34.388,0.25375
30.639,0.30258
34.703,0.24736
33.903,0.26061
34.002,0.26228
36.235,0.23025
33.145,0.26807
34.755,0.2485
35.908,0.23244
30.899,0.29983
34.367,0.25248
32.261,0.27964
33.201,0.26658
34.817,0.24774
34.916,0.248
37.209,0.21316
33.455,0.26716
34.589,0.25237
31.287,0.29463
32.971,0.26967
33.251,0.27002
31.111,0.29814
30.57,0.29652
30.233,0.30637
29.835,0.31027
29.884,0.30774
29.283,0.31949
27.824,0.33653
27.215,0.34382
28.646,0.31772
24.681,0.3854
28.49,0.33456
26.617,0.35612
27.482,0.33639
22.439,0.41395
23.476,0.39971
23.584,0.39427
22.865,0.40375
23.288,0.40684
15.419,0.55827
21.639,0.43506
17.94,0.50484
19.094,0.48233
20.766,0.44123
18.189,0.49128
19.391,0.46983
19.735,0.45969
20.539,0.44427
21.881,0.4198
20.776,0.43887
21.942,0.41654
21.062,0.43277
15.909,0.55028
15.374,0.55749
17.345,0.51129
17.266,0.51501
14.889,0.5711
14.767,0.57384
15.635,0.54898
16.707,0.52616
17.757,0.49831
15.771,0.54953
15.151,0.55756
14.352,0.57885
12.714,0.62247
13.609,0.60286
14.055,0.58635
14.654,0.57101
16.199,0.53412
15.479,0.55113
15.841,0.53728
13.802,0.59008
13.272,0.60366
13.167,0.60865
12.318,0.63673
12.62,0.62522
12.288,0.63021
13.189,0.60116
15.908,0.53107
11.382,0.66094
11.164,0.67136
10.878,0.68008
10.96,0.67602
10.092,0.70661
11.243,0.66361
10.374,0.69398
14.958,0.55254
11.767,0.64397
12.987,0.61
12.572,0.62168
11.339,0.6637
15.149,0.54166
9.6149,0.71342
10.721,0.67084
10.094,0.69294
10.189,0.68927
10.143,0.68997
12.244,0.61997
11.325,0.64929
10.66,0.67016
10.902,0.66223
12.013,0.62943
9.9479,0.69746
11.142,0.65684
10.963,0.65914
12.418,0.61521
11.316,0.6476
12.308,0.61734
13.182,0.58988
13.48,0.58286
11.847,0.63508
12.105,0.62147
10.972,0.65824
11.985,0.62498
12.177,0.61678
19.356,0.45009
12.569,0.60751
11.494,0.64071
13.404,0.58028
13.515,0.57646
15.623,0.52999
17.865,0.47912
6.9853,0.76582
16.788,0.50766
8.1628,0.71092
17.512,0.48469
9.3468,0.66724
14.328,0.56214
13.748,0.57845
14.471,0.56531
13.024,0.58745
16.071,0.52427
14.892,0.55039
15.076,0.54307
13.657,0.58274
13.648,0.57927
14.67,0.55383
13.646,0.57325
12.377,0.60732
12.308,0.61288
12.17,0.6175
12.736,0.59951
17.779,0.47223
11.024,0.64653
15.569,0.52126
12.874,0.59293
12.503,0.60121
17.881,0.47206
12.722,0.602
12.649,0.60409
12.117,0.6205
14,0.56331
12.866,0.59556
13.014,0.58923
13.323,0.58009
12.736,0.59467
12.793,0.59202
11.954,0.61079
11.988,0.60196
11.591,0.61254
12.218,0.59802
12.178,0.60536
12.062,0.60769
12.061,0.60871
11.8,0.61213
11.347,0.62439
10.874,0.63893
11.123,0.63175
7.975,0.72034
11.794,0.61395
12.062,0.60743
12.34,0.60137
12.206,0.60437
12.056,0.60938
12.244,0.59618
11.473,0.62083
11.254,0.62453
12.449,0.59875
11.887,0.60927
12.043,0.60616
11.88,0.61016
11.763,0.61233
12.504,0.58994
11.956,0.61391
12.24,0.60445
12.763,0.59175
12.627,0.594
12.329,0.59002
12.126,0.60315
11.902,0.60803
11.819,0.61061
11.943,0.60863
11.953,0.6095
12.439,0.59908
12.829,0.58562
12.012,0.60758
11.951,0.60994
11.487,0.62188
11.744,0.61572
4.4608,0.85855
13.88,0.55196
12.977,0.58114
15.406,0.5177
13.275,0.57178
13.754,0.5589
13.105,0.57376
13.254,0.56861
12.93,0.57403
12.269,0.59664
12.726,0.5834
12.99,0.57959
14.362,0.54576
14.142,0.54873
13.061,0.57722
16.617,0.48585
13.314,0.56972
13.236,0.57446
12.785,0.58471
12.904,0.58527
12.996,0.57667
11.978,0.60256
12.748,0.58093
14.177,0.55279
13.784,0.55867
13.981,0.55203
13.69,0.55632
13.241,0.57136
13.382,0.5675
12.561,0.58855
12.284,0.59597
13.095,0.57015
13.11,0.57254
13.796,0.55597
12.373,0.59635
13.041,0.57515
13.729,0.56516
13.774,0.56188
15.324,0.52663
13.938,0.55794
13.818,0.5634
14.69,0.53616
14.682,0.53972
12.734,0.58533
14.255,0.54355
14.09,0.54834
13.381,0.56579
13.441,0.56806
13.71,0.55596
12.539,0.59126
13.021,0.57716
12.816,0.58074
12.776,0.57679
12.759,0.5778
12.463,0.59094
13.015,0.57783
13.226,0.57752
13.413,0.57457
13.16,0.57751
13.038,0.57659
15.283,0.51597
14.165,0.55327
14.763,0.53497
13.872,0.55918
15.076,0.53078
14.358,0.54719
14.32,0.54688
14.397,0.54536
13.302,0.56856
13.363,0.56905
13.267,0.56921
13.149,0.57848
14.625,0.53295
12.113,0.60084
13.208,0.57051
13.58,0.56185
13.743,0.55874
15.495,0.52093
14.513,0.54088
13.925,0.55634
13.883,0.55513
13.224,0.57207
13.612,0.56488
14.157,0.54925
13.686,0.55999
12.958,0.57785
13.415,0.56502
13.699,0.56165
13.366,0.57408
13.001,0.58029
12.801,0.58254
12.886,0.58136
12.766,0.58452
13.531,0.56921
13.676,0.56651
13.462,0.57032
14.763,0.53502
12.741,0.58472
13.155,0.57505
13.621,0.55909
13.965,0.55808
14.428,0.54258
14.038,0.55231
14.425,0.54525
13.502,0.56622
13.088,0.57569
13.91,0.55599
13.953,0.55338
16.439,0.50088
14.793,0.53881
14.103,0.55561
13.824,0.55748
13.613,0.56425
13.937,0.55705
13.644,0.56546
14.115,0.55474
13.612,0.56795
13.907,0.55969
13.024,0.57816
12.739,0.58461
15.625,0.50816
14.05,0.55324
13.473,0.56822
14.398,0.53805
13.311,0.56978
13.297,0.57027
13.68,0.56246
13.504,0.56829
12.979,0.57895
12.639,0.58892
13.067,0.5757
12.763,0.58267
14.804,0.52975
15.181,0.52218
16.224,0.49861
15.099,0.52537
14.564,0.54034
14.188,0.5436
13.923,0.55291
13.7,0.55544
14.043,0.54765
14.157,0.54588
14.698,0.53727
14.506,0.54101
14.577,0.54298
13.366,0.56835
14.418,0.53639
12.778,0.58104
13.228,0.5719
13.849,0.55859
14.351,0.54734
13.151,0.57031
13.685,0.5592
13.132,0.57059
13.201,0.57244
14.685,0.53823
15.123,0.51802
13.891,0.55422
13.955,0.54493
13.124,0.56858
13.149,0.56833
13.499,0.5604
13.686,0.55736
13.78,0.55936
13.642,0.56229
13.632,0.56332
13.19,0.5732
13.095,0.57523
14.495,0.53938
13.596,0.56336
14.723,0.53376
14.058,0.5519
14.115,0.55303
13.749,0.5573
13.321,0.56548
13.889,0.55344
13.973,0.55444
14.378,0.54462
14.307,0.548
14.458,0.54377
13.012,0.57531
13.865,0.55435
13.142,0.57199
13.03,0.57249
13.13,0.57266
13.016,0.57245
13.689,0.56151
14.573,0.54182
14.889,0.53974
14.246,0.54875
14.206,0.5474
14.45,0.54059
14.357,0.5358
13.447,0.55895
13.608,0.5612
14.429,0.53989
13.591,0.56241
13.623,0.56161
13.641,0.55837
13.725,0.55678
13.551,0.56348
14.048,0.55207
13.93,0.55588
14.222,0.54507
14.382,0.53672
14.376,0.53814
14.103,0.54742
14.309,0.54026
14.338,0.54063
13.697,0.55784
15.315,0.51124
13.734,0.55563
13.775,0.55373
13.626,0.55764
14.051,0.54645
14.322,0.54054
13.48,0.5637
12.954,0.57162
13.316,0.5626
13.355,0.56249
13.574,0.55806
14.132,0.54855
13.608,0.55896
13.995,0.54944
14.066,0.54927
13.966,0.55051
13.283,0.56747
13.136,0.56901
13.844,0.55116
13.884,0.55075
14.032,0.54588
13.961,0.55213
13.345,0.56462
13.954,0.54993
13.827,0.55142
14.102,0.54555
13.786,0.55386
14.372,0.53784
14.587,0.53165
14.179,0.54362
15.12,0.52721
13.786,0.55361
13.541,0.56147
13.571,0.56036
13.559,0.56083
13.334,0.56552
13.611,0.55944
13.567,0.5583
13.576,0.55575
13.379,0.56322
13.762,0.55312
13.54,0.55636
14.914,0.52905
14.044,0.54642
14.249,0.54372
14.425,0.53952
14.178,0.54465
14.012,0.54873
13.8,0.55302
13.941,0.54827
14.036,0.54921
14.503,0.53429
13.889,0.54877
13.71,0.55196
14.31,0.53802
14.046,0.54522
14.159,0.54365
14.356,0.54087
14.979,0.52436
13.555,0.55688
13.201,0.56493
13.065,0.56831
12.968,0.57122
13.634,0.55615
13.488,0.55986
14.222,0.54659
15.001,0.52966
14.256,0.5434
13.617,0.55413
13.912,0.54968
14.216,0.54402
13.717,0.55301
13.626,0.55778
15.853,0.50549
14.648,0.53154
15.756,0.50873
13.499,0.56032
13.789,0.5534
14.268,0.54135
13.835,0.55298
14.252,0.54129
15.386,0.51672
14,0.54592
13.924,0.54715
14.854,0.52839
13.896,0.55161
14.115,0.54404
13.783,0.55227
14.013,0.54796
14.626,0.53298
14.516,0.53058
14.267,0.53867
14.015,0.54391
14.708,0.53268
13.769,0.55296
13.641,0.55651
13.655,0.55318
13.851,0.54862
14.261,0.54063
14.551,0.53383
14.062,0.54451
13.386,0.5634
15.481,0.51347
15.668,0.50935
15.309,0.51843
16.362,0.49903
14.746,0.53306
16.98,0.48489
15.426,0.51383
15.107,0.51887
14.038,0.54274
15.119,0.51452
14.799,0.52604
14.596,0.53112
14.741,0.53199
14.151,0.54668
14.23,0.54154
14.005,0.54569
13.333,0.5635
13.654,0.5571
14.029,0.55055
14.741,0.53322
15.148,0.52704
14.049,0.54716
14.339,0.54068
14.103,0.54656
15.487,0.51618
14.002,0.54477
13.882,0.54712
14.065,0.54229
14.439,0.5349
14.458,0.53616
14.341,0.53766
13.703,0.55565
13.509,0.55653
14.19,0.54366
13.868,0.55148
14.199,0.54616
14.745,0.52973
14.378,0.53564
3.3508,0.9162
14.482,0.5352
14.266,0.53821
14.138,0.54213
14.808,0.52749
14.493,0.53309
14.616,0.52971
14.492,0.53299
14.313,0.53721
14.213,0.53878
15.919,0.50351
14.412,0.53611
13.771,0.5513
14.13,0.54443
14.05,0.54589
13.907,0.54761
14.712,0.52659
14.061,0.54346
13.774,0.55268
14.537,0.53811
14.801,0.53567
14.23,0.54539
13.758,0.55015
14.891,0.52837
13.943,0.5494
15.414,0.51455
15.241,0.51827
15.419,0.51029
15.235,0.51562
14.338,0.53907
14.8,0.52845
14.406,0.53812
14.427,0.5349
14.049,0.54455
13.871,0.54546
13.828,0.54812
13.802,0.55166
14.507,0.53554
14.522,0.53764
14.854,0.52895
13.967,0.54608
13.579,0.55514
13.875,0.54923
14.267,0.54297
14.458,0.53688
14.058,0.54638
15.497,0.50876
15.128,0.52225
15.024,0.52166
15.924,0.50443
14.811,0.53153
15.704,0.50953
14.997,0.52548
14.582,0.5318
14.626,0.53035
14.059,0.54628
14.603,0.53483
14.924,0.52462
15.119,0.52128
15.011,0.52319
14.592,0.53259
13.606,0.55478
14.426,0.53166
14.183,0.54284
15.224,0.52057
13.919,0.5515
14.094,0.54645
13.869,0.55287
14.181,0.5445
13.927,0.55106
16.866,0.48001
15.172,0.51999
16.591,0.48997
15.061,0.52649
14.592,0.53326
13.995,0.54564
15.06,0.51927
14.345,0.53922
14.024,0.54645
14.234,0.54097
14.066,0.54715
13.829,0.54861
14.762,0.52572
14.338,0.53936
14.079,0.54489
14.197,0.54307
13.862,0.5529
15.598,0.50912
15.35,0.51535
15.436,0.51378
15.941,0.49986
14.179,0.53275
15.277,0.51584
14.762,0.52818
15.762,0.50276
16.43,0.49511
16.494,0.49286
15.695,0.50785
14.63,0.5293
14.902,0.52183
13.77,0.55154
14.43,0.53749
15.214,0.52033
14.588,0.53727
14.661,0.53237
14.491,0.53563
13.176,0.55954
13.655,0.55206
14.112,0.54388
14.328,0.53722
14.962,0.5256
14.843,0.52858
14.458,0.53787
14.735,0.53243
14.726,0.53102
14.668,0.52905
14.769,0.52814
14.215,0.54029
14.751,0.52563
15.366,0.51641
14.697,0.52818
14.2,0.54408
15.288,0.52001
15.385,0.51625
14.417,0.53882
13.945,0.54749
13.905,0.5498
13.976,0.54764
14.483,0.53524
14.746,0.52629
15.128,0.52006
14.491,0.534
14.858,0.52403
14.215,0.54001
13.82,0.54822
14.466,0.53384
15.078,0.52015
14.854,0.52846
15.299,0.5203
15.078,0.52425
14.407,0.53513
14.259,0.53718
15.184,0.51885
15.191,0.51964
14.735,0.52964
14.748,0.53075
14.274,0.53917
14.745,0.52479
14.887,0.52412
14.682,0.53051
14.623,0.53063
14.977,0.52294
16.04,0.4971
14.569,0.53321
15.406,0.51335
15.038,0.51976
15.965,0.50209
15.563,0.50747
17.155,0.47102
15.458,0.50919
16.366,0.49174
15.913,0.49889
16.794,0.47812
15.926,0.49408
15.174,0.51559
14.278,0.54208
14.998,0.52463
15.197,0.51662
15.111,0.51958
15.406,0.51327
15.982,0.49707
14.339,0.53932
14.017,0.54386
14.372,0.53332
14.593,0.53103
14.662,0.52923
14.568,0.53696
15.115,0.52329
16.368,0.49085
16.211,0.49666
14.406,0.53183
16.938,0.47417
15.096,0.51863
15.035,0.52211
14.695,0.5316
14.363,0.54075
15.224,0.524
15.102,0.52724
14.552,0.5358
14.581,0.53509
15.455,0.50626
14.679,0.52575
15.723,0.50351
15.68,0.50517
16.439,0.48785
15.902,0.49985
15.206,0.51421
14.007,0.54354
14.978,0.52427
14.786,0.5331
15.14,0.52385
14.483,0.53818
16.101,0.49573
13.887,0.54658
13.694,0.55061
14.02,0.54295
14.443,0.53097
14.333,0.53622
14.182,0.54371
15.085,0.52363
14.282,0.54254
13.41,0.56198
14.545,0.53418
14.257,0.53999
14.456,0.53608
14.575,0.53424
14.641,0.53481
14.981,0.52802
14.842,0.53128
14.436,0.53696
13.745,0.55241
13.628,0.55351
14.123,0.54202
14.432,0.53864
15.355,0.51797
15.146,0.51968
14.584,0.5327
14.261,0.53922
14.423,0.53449
15.196,0.51647
14.636,0.53199
15.525,0.51535
14.587,0.53626
14.463,0.53592
14.772,0.52585
14.663,0.52968
15.161,0.5154
14.358,0.53715
14.347,0.53621
14.775,0.53004
15.963,0.50277
14.752,0.52931
14.629,0.52963
14.618,0.5333
14.01,0.54666
14.363,0.53547
14.523,0.53182
15.304,0.51385
15.027,0.52217
15.529,0.51239
15.432,0.50743
15.544,0.51008
16.288,0.49003
14.857,0.52331
14.8,0.52611
14.355,0.53741
14.734,0.52565
14.502,0.53086
16.258,0.49615
14.889,0.5301
16.144,0.50368
14.399,0.53836
16.531,0.48596
16.593,0.48133
15.968,0.49671
16.88,0.48068
15.616,0.51288
16.253,0.49418
14.654,0.53173
14.569,0.53487
15.032,0.51958
14.355,0.54012
14.494,0.53626
14.722,0.53326
15.467,0.51344
15.49,0.5126
14.751,0.5294
14.798,0.52683
14.383,0.53158
14.494,0.53089
14.522,0.53057
14.837,0.52984
14.673,0.53389
14.671,0.52878
14.261,0.53969
14.411,0.53531
15.274,0.51706
16.38,0.49029
14.658,0.53224
14.857,0.52692
14.497,0.53547
14.483,0.53404
14.261,0.53848
14.095,0.54218
14.339,0.54048
14.468,0.53663
14.458,0.53579
14.267,0.54065
15.869,0.5043
14.814,0.52396
15.364,0.51528
15.203,0.51793
14.961,0.52697
14.729,0.53236
14.721,0.53138
15.071,0.52431
14.367,0.54068
14.972,0.52351
14.186,0.54174
14.758,0.53065
16.838,0.48187
15.129,0.52632
15.019,0.52437
13.901,0.5492
14.082,0.54516
14.073,0.54354
14.734,0.53016
14.238,0.5428
14.472,0.53696
14.14,0.54488
14.291,0.53987
14.403,0.5388
14.154,0.54342
14.586,0.53346
15.044,0.5221
15.216,0.52024
14.172,0.54203
14.741,0.52935
14.913,0.52795
14.352,0.53805
14.348,0.53945
14.54,0.53265
14.432,0.53664
14.477,0.53386
14.538,0.5319
15.399,0.51179
14.624,0.53415
14.768,0.53092
14.93,0.52804
14.619,0.53299
14.383,0.53822
14.659,0.53465
14.971,0.52769
14.998,0.52604
14.937,0.52531
14.26,0.53801
15.245,0.51637
15.987,0.50535
15.395,0.5167
14.847,0.52812
14.555,0.53426
14.697,0.5294
14.708,0.53292
15.237,0.51799
14.922,0.52794
15.902,0.50192
16.143,0.50254
14.473,0.53592
14.496,0.53012
14.868,0.52016
14.681,0.52893
15.168,0.51835
14.438,0.53316
14.589,0.53099
15.174,0.51656
14.968,0.52517
14.558,0.53308
13.859,0.54748
14.541,0.53412
14.734,0.5284
15.003,0.52306
14.442,0.53826
14.413,0.5361
14.294,0.53985
14.283,0.53915
14.359,0.53766
14.444,0.53619
14.035,0.54431
14.104,0.54333
13.708,0.55088
14.027,0.54608
14.674,0.52946
15.336,0.51701
15.369,0.51613
15.16,0.52143
14.82,0.52821
14.658,0.52827
14.549,0.53551
14.642,0.53234
14.596,0.53413
14.597,0.53543
14.711,0.53203
14.538,0.53394
14.58,0.53394
15.298,0.51871
15.172,0.5221
14.755,0.53148
14.715,0.53113
14.59,0.5322
14.56,0.5333
14.576,0.53232
14.615,0.53183
14.687,0.5316
14.712,0.53066
15.342,0.51783
15.305,0.51541
14.776,0.52578
16.047,0.49651
15.35,0.51374
16.643,0.48843
15.143,0.52447
15.917,0.50476
14.933,0.52767
14.427,0.53848
14.358,0.53922
14.704,0.5302
14.67,0.53367
15.094,0.52436
16.495,0.491
14.964,0.52536
14.663,0.5285
14.565,0.53251
13.759,0.55084
13.884,0.54725
14.656,0.53211
14.718,0.53132
15.06,0.52254
14.673,0.53154
14.099,0.54407
13.918,0.54749
15.077,0.51905
15.056,0.52356
14.897,0.52617
14.68,0.53177
14.514,0.53593
15.581,0.51194
15.41,0.50711
14.33,0.53764
14.854,0.52463
15.069,0.52036
14.675,0.52889
14.792,0.52655
14.756,0.52769
15.036,0.52014
14.847,0.5275
15.081,0.5247
14.938,0.52755
14.858,0.52786
14.72,0.53077
14.139,0.53927
14.181,0.53978
14.636,0.53049
15.107,0.51976
14.903,0.52761
15.323,0.51578
14.972,0.51796
14.981,0.52174
14.827,0.52912
15.067,0.52226
14.264,0.53882
14.603,0.53302
4.6876,0.83477
14.363,0.53734
14.004,0.54359
14.425,0.532
14.941,0.52547
15.523,0.51254
14.795,0.52962
14.474,0.5341
14.403,0.53528
14.29,0.53816
15.053,0.52518
15.145,0.52405
15.167,0.5227
14.086,0.54079
14.885,0.52459
15.051,0.5241
15.222,0.52261
15.117,0.51973
14.692,0.52613
15.305,0.51525
14.99,0.52245
14.59,0.53314
14.81,0.52674
14.719,0.52599
14.848,0.52603
14.534,0.52997
14.749,0.52767
14.722,0.52833
14.93,0.52264
15.033,0.52137
14.677,0.5315
14.751,0.53076
14.544,0.5348
14.336,0.53989
14.76,0.53057
14.541,0.5365
14.652,0.5323
14.666,0.53283
14.491,0.5363
14.111,0.53982
14.446,0.53551
15.896,0.49067
15.549,0.50738
15.055,0.52176
15.13,0.51852
14.932,0.51934
14.542,0.52989
14.733,0.52462
14.807,0.5238
14.139,0.53771
14.319,0.53696
15.021,0.52377
14.895,0.52786
17.92,0.46079
17.413,0.46458
17.156,0.47054
14.041,0.5434
14.043,0.54218
14.747,0.52898
14.673,0.53407
14.866,0.52472
14.661,0.53581
14.967,0.52872
14.614,0.53471
14.398,0.53768
15.099,0.51961
14.683,0.52688
14.552,0.53253
14.741,0.52761
14.502,0.53562
14.378,0.53687
14.313,0.53787
14.83,0.5188
14.37,0.53622
14.827,0.52795
14.97,0.52585
15.107,0.52139
14.884,0.52742
15.255,0.51764
14.553,0.53431
14.344,0.53656
14.931,0.52148
14.503,0.5307
14.186,0.53903
14.285,0.53765
14.134,0.5426
14.92,0.52927
15.459,0.51929
15.388,0.52116
15.847,0.50546
14.648,0.53175
14.516,0.52986
14.345,0.53674
15.013,0.52095
14.402,0.53572
14.544,0.53328
14.697,0.53093
15.166,0.51582
14.127,0.54092
14.493,0.53453
15.449,0.51126
16.3,0.50062
16.307,0.49508
15.871,0.50244
15.751,0.50203
15.121,0.51574
15.123,0.51753
15.388,0.50961
15.428,0.51424
15.247,0.51813
15.027,0.52109
15.243,0.5158
15.069,0.52131
15.36,0.5082
15.114,0.52167
16.249,0.48753
16.136,0.48799
16.196,0.49022
15.751,0.50371
16.581,0.48889
16.336,0.49872
15.522,0.51292
15.798,0.50384
15.09,0.51709
14.696,0.5265
17.131,0.47054
16.686,0.48704
16.286,0.4988
16.884,0.48384
16.229,0.49892
15.543,0.50912
15.17,0.51255
14.919,0.52029
15.015,0.52098
15.764,0.50231
16.014,0.49788
15.859,0.5025
15.935,0.50119
16.261,0.48985
15.357,0.51326
14.957,0.51869
15.794,0.50438
16.078,0.49808
15.857,0.50212
15.397,0.51397
15.309,0.51518
15.505,0.51132
15.468,0.51079
15.304,0.51442
15.065,0.51722
14.803,0.52392
14.973,0.52159
16.14,0.49849
15.918,0.50345
16.082,0.49932
15.992,0.50372
15.882,0.50386
16.224,0.49531
15.928,0.5013
15.683,0.50454
15.873,0.50032
16.68,0.48725
16.734,0.48316
16.109,0.49531
15.939,0.4983
15.638,0.50146
15.856,0.49921
16.43,0.4877
16.329,0.49055
16.286,0.49394
16.167,0.49291
16.545,0.48532
16.366,0.49019
16.796,0.48336
17.146,0.47531
17.077,0.4797
16.578,0.4855
16.792,0.48333
17.033,0.47786
16.828,0.48242
8.5973,0.6633
16.165,0.49069
16.636,0.48174
16.728,0.4819
17.249,0.47141
17.177,0.46862
17.244,0.46943
16.897,0.47667
17.51,0.4638
17.689,0.46303
17.646,0.46344
17.647,0.462
17.776,0.45962
17.755,0.46023
18.409,0.45054
18.122,0.45313
18.304,0.44954
18.381,0.44735
18.117,0.44936
18.702,0.44056
18.769,0.43969
18.858,0.43757
18.662,0.4415
18.828,0.43794
18.501,0.44369
18.941,0.43461
19.419,0.42878
19.555,0.4274
19.794,0.42143
19.81,0.42215
20.094,0.41574
20.584,0.40839
20.413,0.41201
20.403,0.41199
20.399,0.41202
20.341,0.41173
20.34,0.41148
20.825,0.40338
20.719,0.40538
21.083,0.40056
20.593,0.40698
21.129,0.39742
21.311,0.39501
22.096,0.38298
21.703,0.38858
22.349,0.37956
22.35,0.37783
22.352,0.37939
23.073,0.3675
22.408,0.37591
22.622,0.37409
23.669,0.36031
23.998,0.35648
23.459,0.36064
23.531,0.3588
23.847,0.35447
24.427,0.34642
25.266,0.33842
25.339,0.33655
25.233,0.33605
24.662,0.34191
24.496,0.34534
25.715,0.32754
25.345,0.33442
25.428,0.33292
26.594,0.31794
26.044,0.32361
26.362,0.31925
25.988,0.32175
26.821,0.31266
26.292,0.31944
26.394,0.31656
27.493,0.30529
27.997,0.30119
28.471,0.29452
28.587,0.2923
28.6,0.29297
29.396,0.28407
29.291,0.28393
31.74,0.26048
30.424,0.27364
31.58,0.26143
31.172,0.26373
29.586,0.2803
30.946,0.26619
31.437,0.26234
30.491,0.27274
32.755,0.25018
32.577,0.25115
28.506,0.29052
33.453,0.23878
30.246,0.27339
33.956,0.236
32.414,0.25225
32.272,0.25421
32.202,0.25573
32.806,0.24662
32.476,0.24985
32.745,0.24933
31.08,0.26417
30.62,0.27006
32.266,0.25024
30.492,0.26534
30.39,0.26779
30.289,0.26703
30.047,0.27054
28.871,0.28153
28.843,0.28205
25.724,0.31441
25.962,0.31049
25.827,0.31132
25.405,0.31616
24.398,0.32601
28.336,0.28293
28.72,0.28163
28.275,0.28556
28.385,0.28434
27.943,0.28789
28.714,0.27976
28.268,0.28507
28.63,0.28164
29.232,0.27312
26.406,0.30215
26.552,0.30098
27.128,0.29401
25.566,0.30455
26.895,0.29412
27.049,0.28895
25.968,0.30151
26.669,0.299
26.428,0.302
26.491,0.30094
25.617,0.30931
25.71,0.30394
25.439,0.30821
24.947,0.3138
24.624,0.31701
24.017,0.32022
24.207,0.31939
25.113,0.30723
25.264,0.30728
24.59,0.3156
23.691,0.32214
22.614,0.33606
22.568,0.33544
21.729,0.34221
21.638,0.34133
21.978,0.34042
21.217,0.34871
24.349,0.30823
25.045,0.30337
22.908,0.3275
23.803,0.31587
23.409,0.31898
22.471,0.33
22.714,0.32743
21.873,0.33919
21.672,0.34049
22.393,0.33063
22.47,0.3314
22.466,0.33044
21.546,0.3405
21.153,0.3444
22.241,0.33077
21.054,0.34468
20.995,0.34295
21.007,0.34379
21.13,0.338
21.791,0.33406
20.634,0.3484
20.66,0.34654
20.595,0.34813
20.462,0.34956
19.501,0.36062
19.953,0.3554
19.306,0.36216
20.127,0.35203
20.153,0.35125
20.031,0.34584
19.949,0.35136
19.342,0.35794
19.062,0.36252
19.802,0.35308
18.892,0.36066
19.282,0.35799
18.814,0.36091
17.374,0.37999
18.305,0.36996
17.573,0.37655
18.596,0.36565
17.417,0.38121
16.491,0.39315
18.162,0.3691
18.179,0.36807
18.538,0.36343
19.678,0.34868
19.251,0.35226
17.547,0.37406
17.587,0.37239
17.832,0.37061
17.398,0.37317
18.07,0.36618
17.503,0.37176
17.563,0.37252
17.153,0.37534
10.937,0.48642
16.929,0.38095
16.494,0.38138
16.538,0.38371
16.917,0.37162
17.249,0.36872
18.091,0.3592
17.056,0.37082
17.67,0.36397
17.963,0.35643
17.852,0.36145
17.108,0.37183
17.185,0.37193
16.307,0.38309
16.016,0.38292
16.713,0.37675
16.237,0.38148
16.614,0.37636
16.206,0.38192
16.105,0.38277
16.541,0.37411
16.543,0.37548
15.561,0.39087
15.757,0.38682
16.425,0.37589
15.811,0.38623
15.53,0.38928
15.502,0.39
15.564,0.38827
14.933,0.39809
14.743,0.39929
14.79,0.39907
15.113,0.39192
15.289,0.38955
14.897,0.39638
14.364,0.40561
14.886,0.39523
14.722,0.39614
14.623,0.39521
15.431,0.3855
16.291,0.36729
15.448,0.37754
14.837,0.39098
14.817,0.39232
15.197,0.38542
15.651,0.37849
15.122,0.3868
15.592,0.37551
15.087,0.38592
15.536,0.37611
15.344,0.38077
14.839,0.38876
15.268,0.38347
15.074,0.38449
14.636,0.39328
14.577,0.39255
14.4,0.39623
14.256,0.39905
14.875,0.38663
14.291,0.39585
14.71,0.38976
14.431,0.39377
14.257,0.39705
14.025,0.39934
13.77,0.39939
13.875,0.39881
13.818,0.39979
13.768,0.40075
13.897,0.39739
13.495,0.40336
14.226,0.39025
14.044,0.39465
13.365,0.40537
14.487,0.3881
13.227,0.40829
13.928,0.38687
12.905,0.40637
13.414,0.40366
13.574,0.40129
14.424,0.38277
13.437,0.40311
13.566,0.4014
13.494,0.40115
12.934,0.40911
13.291,0.40527
2.3861,0.78093
13.033,0.4066
12.833,0.41153
13.187,0.40584
13.254,0.40374
13.231,0.40274
13.039,0.40722
13.009,0.40658
13.115,0.40554
12.505,0.41522
12.569,0.4156
12.82,0.40617
12.826,0.40228
11.83,0.42865
12.764,0.40878
11.857,0.42694
11.865,0.42652
11.837,0.41982
11.706,0.42655
12.306,0.41526
12.425,0.41492
12.618,0.40823
12.553,0.41027
12.087,0.42175
12.303,0.41616
12.081,0.41813
12.084,0.41694
12.514,0.4051
13.21,0.39057
14.159,0.36926
13.575,0.38175
12.415,0.40637
13.447,0.38437
13.851,0.37955
12.131,0.41781
13.353,0.39116
12.019,0.41311
13.376,0.38899
13.076,0.39774
12.645,0.41189
11.789,0.42703
12.593,0.41174
12.213,0.41669
12.069,0.4224
11.79,0.42478
10.947,0.44485
10.76,0.4462
12.225,0.41695
12.023,0.42262
13.315,0.39448
11.468,0.43114
12.387,0.40654
10.998,0.43455
12.263,0.39921
12.014,0.4169
12.585,0.3909
12.371,0.41027
2.95,0.72569
12.14,0.40574
12.067,0.41139
12.376,0.39491
12.088,0.4069
11.616,0.4097
11.997,0.41005
12.268,0.41006
12.579,0.40448
12.608,0.40002
12.269,0.40615
12.096,0.41042
12.151,0.4083
12.193,0.41216
12.248,0.40998
11.811,0.4195
12.21,0.41021
12.159,0.41211
11.985,0.41796
11.949,0.41412
11.971,0.42186
12.285,0.40623
11.805,0.42197
11.996,0.4184
12.034,0.41483
11.912,0.41511
11.687,0.42119
11.77,0.42354
11.823,0.41875
10.161,0.4527
5.9125,0.57652
11.342,0.42865
11.371,0.42516
5.5684,0.58904
11.659,0.42675
5.5718,0.59266
11.886,0.42163
11.524,0.42683
11.671,0.42599
12.196,0.41217
11.768,0.42313
11.713,0.42023
12.371,0.40277
11.781,0.41584
11.51,0.42577
11.5,0.42323
11.965,0.41708
11.801,0.418
11.296,0.43083
11.37,0.43161
11.411,0.42935
11.325,0.43153
12.03,0.41428
11.909,0.41739
6.3284,0.55499
11.683,0.41545
11.725,0.41264
11.523,0.42354
9.8442,0.45952
11.623,0.42018
11.824,0.41608
11.862,0.41486
12.216,0.40909
12.361,0.39995
9.8007,0.45991
12.608,0.39092
11.579,0.42359
11.97,0.41106
11.674,0.41852
11.993,0.41316
11.96,0.41258
11.766,0.41206
11.575,0.42208
11.874,0.40875
11.801,0.41632
11.601,0.41987
11.605,0.4208
2.602,0.74739
12.414,0.40525
11.884,0.41782
11.94,0.41162
11.764,0.41501
12.075,0.41295
12.269,0.40795
12.047,0.41332
12.014,0.4131
11.921,0.41425
11.906,0.41591
11.983,0.41529
11.722,0.40924
11.625,0.41933
12.064,0.41098
11.626,0.42193
11.882,0.41712
12.175,0.40833
11.973,0.41276
11.989,0.41236
11.911,0.41322
11.734,0.4184
11.806,0.41568
12.093,0.41297
11.872,0.4151
11.83,0.40804
11.953,0.40936
11.337,0.42594
11.685,0.41563
11.46,0.42395
11.14,0.43
11.476,0.42152
11.323,0.42725
11.248,0.42728
12.244,0.40223
11.11,0.43044
11.954,0.41477
11.35,0.42215
11.865,0.41483
11.626,0.41688
12.119,0.41256
12.024,0.41292
11.921,0.41536
12.251,0.40882
11.89,0.41531
12.106,0.41093
11.645,0.41691
11.54,0.42281
11.737,0.41912
11.531,0.42038
11.379,0.42108
11.795,0.41349
11.718,0.4165
11.726,0.41897
11.976,0.41302
11.781,0.4155
11.322,0.42626
10.481,0.44698
11.262,0.42708
11.939,0.41397
11.285,0.42315
11.736,0.4173
11.815,0.41657
11.323,0.42416
11.645,0.41994
11.422,0.42456
11.504,0.42187
11.37,0.42409
11.542,0.42289
11.421,0.42478
11.238,0.42913
11.493,0.42184
11.179,0.43282
11.177,0.42716
11.848,0.41605
7.255,0.52484
7.3224,0.5252
11.705,0.4188
11.176,0.42455
11.596,0.42093
11.245,0.4285
11.509,0.41853
11.577,0.42121
11.293,0.4275
11.374,0.4266
11.099,0.42931
11.701,0.4193
11.538,0.41929
11.923,0.41624
11.795,0.41931
11.284,0.42717
11.266,0.43002
9.5225,0.46903
11.51,0.42493
11.206,0.42814
11.159,0.42969
11.475,0.42031
11.157,0.42815
11.095,0.42937
11.072,0.43144
11.353,0.42498
11.271,0.42343
11.02,0.43033
11.267,0.42922
2.8566,0.7242
11.34,0.42752
11.219,0.43071
11.411,0.42584
11.081,0.43129
10.755,0.43656
10.968,0.43167
11.074,0.43377
11.147,0.42914
11.122,0.43069
11.223,0.43084
11.507,0.41983
10.894,0.43847
11.272,0.42507
10.476,0.44412
11.026,0.43405
11.843,0.40747
11.113,0.43082
11.224,0.4216
10.668,0.43345
11.11,0.43209
11.271,0.42896
10.839,0.43403
11.316,0.42848
11.355,0.42682
11.19,0.42972
11.123,0.43047
11.127,0.43067
11.259,0.42788
10.936,0.43193
11.04,0.43084
11.059,0.42216
11.66,0.41943
11.27,0.42659
11.467,0.4234
11.656,0.41628
11.394,0.41945
11.402,0.42471
11.68,0.42006
12.156,0.41151
11.703,0.41685
10.875,0.43857
10.081,0.45509
10.115,0.4534
10.959,0.43296
11.263,0.4272
10.876,0.43717
10.728,0.44065
10.01,0.45693
10.478,0.44602
11.097,0.43105
10.58,0.44331
11.004,0.43482
11.395,0.42044
10.316,0.44513
10.968,0.43562
10.81,0.43713
11.242,0.43095
11.519,0.42341
11.508,0.4247
10.822,0.43747
10.884,0.43378
10.612,0.44001
10.938,0.43431
11.657,0.41903
11.685,0.42286
11.231,0.42891
11.269,0.42803
11.194,0.43012
10.765,0.44037
11.236,0.4289
11.362,0.42693
11.296,0.42366
11.038,0.42891
10.927,0.43477
11.029,0.43233
11.196,0.42917
11.043,0.43263
10.908,0.43198
10.79,0.43398
10.699,0.43841
11.174,0.42026
11.192,0.41919
11.119,0.42381
10.959,0.43207
10.785,0.43409
10.976,0.42684
11.054,0.4314
10.926,0.43466
11.321,0.42899
11.041,0.43094
11.421,0.4234
11.119,0.43272
11.076,0.43237
10.923,0.43508
11.102,0.43249
11.133,0.43061
10.99,0.43267
11.195,0.42948
11.301,0.42748
10.989,0.43461
10.961,0.43453
10.882,0.43702
10.837,0.43576
10.666,0.44001
10.787,0.43731
10.857,0.43702
10.763,0.43896
10.825,0.43628
10.835,0.43784
10.976,0.43363
10.89,0.43423
10.91,0.43736
11.601,0.40805
11.146,0.4295
11.172,0.42748
11.376,0.4249
10.918,0.43324
11.1,0.43023
10.944,0.43391
10.967,0.43119
11.376,0.42426
11.304,0.42674
11.114,0.4287
11.134,0.43161
11.652,0.41416
11.239,0.42507
10.989,0.43241
11.604,0.41759
11.178,0.4248
6.4314,0.55471
10.673,0.4369
10.856,0.43723
11.012,0.43328
11.119,0.43014
11.128,0.42386
11.014,0.42879
10.657,0.44017
10.863,0.43492
10.773,0.43902
10.832,0.43362
10.996,0.43368
10.688,0.43889
10.792,0.43395
10.629,0.44295
10.689,0.43787
10.777,0.43611
11.247,0.42246
10.785,0.43531
10.673,0.43488
10.812,0.43568
10.855,0.43652
10.809,0.43458
10.534,0.43954
10.952,0.43339
10.956,0.43365
11.34,0.42593
11.263,0.4286
10.669,0.43668
10.514,0.44112
10.738,0.43891
11.09,0.42773
10.618,0.44219
11.282,0.42361
10.799,0.43825
9.7993,0.45752
10.856,0.43789
10.701,0.44059
11.036,0.43442
11.056,0.43128
10.581,0.43802
10.464,0.44405
10.503,0.44511
10.641,0.43535
11.106,0.41947
10.888,0.43364
10.782,0.43909
10.496,0.4403
10.953,0.4313
10.78,0.43218
11.08,0.42795
10.835,0.43537
10.853,0.43238
11.059,0.42444
11.028,0.42483
10.98,0.4306
2.8588,0.71526
10.943,0.42054
10.445,0.44481
10.746,0.43757
10.422,0.44391
10.922,0.42937
10.837,0.43206
11.209,0.41956
11.023,0.43216
10.509,0.44012
10.418,0.44514
10.757,0.43706
10.974,0.41846
11.309,0.41737
10.865,0.43546
11.21,0.4263
11.283,0.42383
11.012,0.43066
10.912,0.43403
11.25,0.41921
10.781,0.43591
10.627,0.44024
10.564,0.44509
10.733,0.43683
10.884,0.43199
10.807,0.43361
10.752,0.43586
10.848,0.43401
10.557,0.43987
10.792,0.43602
10.511,0.44167
10.847,0.43518
10.853,0.43429
10.69,0.43763
10.703,0.43322
11.123,0.42224
10.796,0.43104
10.679,0.43372
11.212,0.41684
10.9,0.42977
10.956,0.43238
11.028,0.43187
11.22,0.4265
10.456,0.44437
10.688,0.43883
11.352,0.41558
10.693,0.44155
10.587,0.43808
11.336,0.42443
10.469,0.43834
10.854,0.43731
10.717,0.43605
10.506,0.44147
10.968,0.4347
10.995,0.43366
10.751,0.43126
10.531,0.44123
10.77,0.43553
10.899,0.43354
11.829,0.39987
11.777,0.39927
10.898,0.4347
11.119,0.42618
10.91,0.43127
10.667,0.44093
11.115,0.42272
10.719,0.44038
10.368,0.44352
10.315,0.44686
10.526,0.43741
10.477,0.44523
11.653,0.41917
10.782,0.43809
11.231,0.42871
10.68,0.44203
10.744,0.43396
10.636,0.44256
10.912,0.43585
10.775,0.44023
10.308,0.44607
10.55,0.44441
11.01,0.42618
10.685,0.43903
10.536,0.4433
10.608,0.43845
10.263,0.45132
10.788,0.4302
10.486,0.44506
10.286,0.44775
10.776,0.43816
11.225,0.43097
10.799,0.43837
11.165,0.41949
10.64,0.43987
10.903,0.43342
11.636,0.41181
11.162,0.42381
11.133,0.42329
11.142,0.42464
10.795,0.43312
10.365,0.44114
11.026,0.43318
10.795,0.43537
10.664,0.43709
10.896,0.43504
10.86,0.43506
10.874,0.43183
11.053,0.41488
10.627,0.43792
10.469,0.43904
11.136,0.40852
10.706,0.42942
10.381,0.4361
10.685,0.43796
10.71,0.4368
10.505,0.43928
10.358,0.44386
10.352,0.44552
10.514,0.43936
11.326,0.42285
10.803,0.43721
11.322,0.41607
10.405,0.44422
10.498,0.44245
10.775,0.43838
10.988,0.42751
11.037,0.43185
10.987,0.43154
10.657,0.43812
10.825,0.43516
11.307,0.42321
10.357,0.44234
10.504,0.43832
10.742,0.43317
11.825,0.41248
11.937,0.40899
12.11,0.40215
11.186,0.42129
10.658,0.43774
11.055,0.4283
11.491,0.41471
11.42,0.41513
10.969,0.43524
11.487,0.42323
11.989,0.40134
9.4415,0.46497
11.549,0.41985
11.536,0.42114
11.082,0.43161
11.28,0.42265
11.095,0.42886
10.927,0.43586
10.905,0.43635
11.34,0.41461
10.998,0.42668
9.2388,0.46757
9.0997,0.47173
2.4519,0.75177
12.367,0.3984
8.9398,0.48249
12.006,0.41189
9.0976,0.47685
12.613,0.39604
11.023,0.4317
12.388,0.39834
10.738,0.43952
10.698,0.44079
13.055,0.38375
12.312,0.40603
10.645,0.43884
11.862,0.41288
11.122,0.43087
11.936,0.41277
10.952,0.43203
2.075,0.78966
10.646,0.43771
1.9652,0.80326
10.911,0.42872
10.913,0.43163
12.762,0.38702
11.108,0.43136
10.432,0.44702
11.597,0.40998
11.168,0.42949
10.776,0.43646
11.169,0.42392
10.733,0.43111
11.485,0.41533
10.288,0.45001
11.563,0.41591
10.322,0.44916
10.949,0.43405
12.914,0.38649
12.633,0.39602
11.579,0.41987
10.345,0.44365
12.818,0.39347
11.556,0.42177
12.561,0.39667
10.85,0.43694
2.6312,0.73093
11.559,0.41527
10.633,0.43592
12.041,0.409
12.292,0.39954
10.408,0.44618
12.182,0.39868
11.243,0.42527
10.458,0.44439
12.579,0.39841
10.453,0.44579
10.413,0.44762
10.408,0.44655
12.264,0.40391
10.911,0.43275
11.228,0.42661
11.304,0.42632
11.432,0.42467
11.047,0.4308
10.889,0.43692
11.153,0.42759
11.133,0.43247
10.973,0.43574
11.004,0.42379
11.695,0.41556
11.836,0.40972
12.487,0.39582
12.151,0.39822
10.965,0.42488
12.292,0.38906
12.055,0.39785
11.662,0.40758
10.919,0.42955
10.785,0.43187
11.649,0.40931
10.665,0.43278
10.109,0.45091
10.986,0.42669
11.044,0.4274
11.766,0.41043
11.872,0.40938
10.146,0.44902
10.565,0.43027
11.169,0.41812
10.384,0.44488
10.917,0.42373
11.018,0.40589
10.847,0.42867
10.404,0.44569
11.348,0.40791
10.121,0.44396
12.34,0.4024
12.373,0.40265
12.961,0.37794
11.965,0.40247
10.651,0.44011
11.637,0.41984
11.29,0.42603
11.406,0.42479
12.375,0.40348
12.263,0.40438
11.014,0.43123
11.465,0.42337
10.567,0.43681
10.9,0.42954
10.947,0.42677
11.269,0.42657
11.963,0.39809
11.437,0.42065
11.415,0.41632
11.38,0.42247
11.147,0.43107
11.358,0.42649
11.33,0.42595
11.012,0.43224
10.886,0.43511
9.8101,0.45788
12.065,0.40906
12.048,0.40931
12.075,0.40815
12.416,0.3996
12.898,0.38726
11.352,0.42428
11.475,0.4132
10.872,0.42927
11.883,0.40819
12.198,0.40232
10.229,0.44887
10.272,0.44918
10.716,0.42568
10.216,0.4494
10.559,0.44057
10.582,0.43466
10.455,0.44559
10.546,0.4437
10.229,0.44833
10.329,0.43588
10.688,0.43756
10.417,0.43839
12.249,0.39901
11.979,0.4032
10.568,0.4349
10.689,0.4369
10.933,0.42754
11.046,0.42882
11.315,0.41369
11.084,0.41458
12.336,0.38786
10.434,0.43652
12.197,0.39771
11.105,0.4194
10.994,0.41747
11.049,0.41511
12.25,0.3891
10.718,0.43532
10.641,0.43897
11.625,0.41585
10.422,0.44231
10.155,0.44971
10.482,0.44219
10.857,0.43492
11.607,0.41356
10.757,0.43826
11.589,0.41031
12.088,0.40342
10.873,0.43318
12.236,0.40249
11.422,0.40634
11.269,0.40706
10.256,0.44524
10.722,0.43013
11.387,0.40756
11.59,0.41806
10.723,0.43599
10.054,0.44599
12.276,0.38492
12.651,0.38151
11.983,0.39167
11.741,0.41237
4.9131,0.60534
12.271,0.39801
10.646,0.43369
11.902,0.41249
10.585,0.43432
10.413,0.43713
12.064,0.40613
10.621,0.43712
10.391,0.44294
11.473,0.40831
10.941,0.42771
11.007,0.42108
11.278,0.42519
10.6,0.436
10.275,0.44331
10.68,0.434
10.449,0.44441
10.051,0.44866
10.113,0.44208
10.149,0.44807
11.428,0.41812
10.766,0.43523
10.526,0.43774
9.9649,0.45605
10.281,0.44793
10.923,0.43317
11.043,0.43061
12.172,0.40766
10.153,0.4472
11.697,0.41566
12.01,0.41064
9.7015,0.46055
10.348,0.44235
10.803,0.43593
10.692,0.43917
10.676,0.43817
10.464,0.44372
10.563,0.44113
10.522,0.44182
10.541,0.44161
10.636,0.439
10.585,0.43934
10.518,0.44227
10.621,0.43608
12.052,0.39743
11.558,0.4056
10.802,0.43371
10.684,0.42843
11.25,0.41265
11.26,0.42263
11.768,0.40698
10.726,0.43222
11.001,0.42585
6.2418,0.55215
11.627,0.40469
12.059,0.39958
11.818,0.4085
11.58,0.41294
10.188,0.44871
11.14,0.42409
11.386,0.41547
10.909,0.43115
10.943,0.42345
11.341,0.42391
11.377,0.42228
11.31,0.42354
10.344,0.4412
11.338,0.42172
11.355,0.39933
10.864,0.41881
11.666,0.39063
11.718,0.40842
11.379,0.42167
11.431,0.41339
11.376,0.40865
11.147,0.42013
10.416,0.43831
10.251,0.4442
10.676,0.43241
10.31,0.44276
11.141,0.41256
10.514,0.42916
10.208,0.43876
11.218,0.3974
10.915,0.41196
10.687,0.41526
10.998,0.41049
10.521,0.42224
10.01,0.44789
5.4209,0.58159
10.046,0.43953
9.8884,0.44728
7.3512,0.50656
11.243,0.40538
11.052,0.40668
11.229,0.39773
11.273,0.40373
10.921,0.42102
10.368,0.4426
10.747,0.41317
10.296,0.44724
10.375,0.43246
9.8068,0.45822
10.429,0.44224
12.255,0.3871
11.691,0.40626
11.379,0.41702
10.257,0.44455
12.238,0.4006
10.361,0.43603
9.9882,0.45229
11.85,0.40958
10.986,0.43145
12.011,0.40846
11.766,0.41006
11.738,0.41308
12.784,0.36591
11.042,0.40835
11.62,0.40127
11.675,0.39754
12.098,0.38471
10.684,0.43185
12.135,0.38854
10.652,0.43158
10.267,0.43995
12.184,0.39067
12.162,0.3858
10.298,0.44015
11.029,0.41871
10.818,0.40442
10.572,0.43122
10.041,0.44585
10.662,0.42226
10.11,0.44766
11.266,0.40121
10.077,0.44597
11.11,0.40642
10.219,0.44307
10.817,0.4161
10.76,0.41475
10.801,0.42718
11.206,0.42144
10.61,0.42264
10.48,0.43898
9.6449,0.46043
10.785,0.43046
10.68,0.43576
10.62,0.43313
11.39,0.40544
10.892,0.4243
9.8123,0.45574
10.865,0.42356
9.6499,0.44938
9.2,0.47059
9.5473,0.45838
9.3573,0.45533
9.2638,0.47038
9.2327,0.46419
9.2124,0.46968
8.7728,0.47918
10.046,0.43018
9.5839,0.45098
9.2709,0.4614
9.8735,0.44178
10.771,0.41742
9.8174,0.43659
10.319,0.43144
10.089,0.44419
9.0116,0.46874
10.39,0.42529
10.198,0.4312
9.7336,0.45492
9.7171,0.44758
9.5829,0.44787
9.6944,0.45029
9.9782,0.43977
9.7769,0.44738
10.257,0.43092
10.336,0.42571
9.4875,0.4606
9.8403,0.44741
10.132,0.43814
9.796,0.45106
9.8453,0.44281
9.3632,0.45754
9.788,0.44337
9.7981,0.44621
9.3932,0.4608
9.0492,0.45904
9.7876,0.43174
9.2029,0.45074
9.0382,0.46788
9.2785,0.44793
8.6897,0.47732
8.7113,0.46845
10.326,0.40057
9.6032,0.44528
9.4645,0.44156
9.0166,0.45419
9.1954,0.45795
9.4624,0.44622
9.0947,0.45566
8.7837,0.46203
8.807,0.46636
9.4138,0.44199
8.8497,0.46901
8.419,0.48264
9.2987,0.44368
8.1271,0.496
8.359,0.48886
9.1372,0.45867
8.2826,0.48856
8.9088,0.46605
8.6158,0.47615
8.7723,0.47097
8.7846,0.46668
8.4614,0.48182
7.9011,0.49926
8.2091,0.4907
8.3809,0.48875
8.7073,0.47575
8.0209,0.4933
8.4701,0.48067
8.4403,0.48774
7.9351,0.50311
8.2503,0.49567
8.2949,0.48334
8.6838,0.46843
8.1821,0.48754
8.5856,0.47851
8.776,0.46965
9.6394,0.42379
7.8796,0.49881
8.1144,0.49332
7.8796,0.50486
7.5712,0.50874
8.1888,0.47464
7.7889,0.4965
8.271,0.4691
7.7825,0.49523
7.9132,0.4915
7.9106,0.49538
7.5314,0.51222
7.35,0.5158
7.4079,0.51526
7.7791,0.50398
7.8006,0.49676
7.5218,0.5106
7.5669,0.51562
7.9274,0.49603
7.6143,0.51015
7.3544,0.51824
7.5253,0.50936
7.5914,0.50447
7.4038,0.50751
7.75,0.49793
7.2871,0.52334
7.2684,0.52889
7.3955,0.5217
7.5945,0.51038
11.118,0.37114
8.6767,0.45888
8.4985,0.45872
8.4057,0.46347
9.1274,0.45868
7.4356,0.50277
9.2868,0.44121
8.4599,0.44318
9.4184,0.43878
8.3595,0.4845
8.1199,0.49821
6.0468,0.55511
8.5268,0.46868
9.0545,0.44416
8.7406,0.46281
7.279,0.49978
8.1744,0.49283
9.1365,0.43903
6.7502,0.52546
6.9627,0.52203
9.3557,0.44809
8.2977,0.48588
8.3947,0.46384
3.3964,0.65739
8.6709,0.43496
10.29,0.36805
1.3856,0.8504
8.7965,0.44252
8.0046,0.494
9.1385,0.42714
9.1227,0.42914
9.2433,0.4149
7.9344,0.48405
8.5283,0.45857
8.1006,0.48222
7.8122,0.48999
8.6914,0.44126
7.7518,0.48674
8.3063,0.45798
8.054,0.47667
9.2205,0.42339
9.4893,0.41633
8.7645,0.44212
6.9258,0.51616
6.8045,0.51844
6.8744,0.51607
8.1812,0.44941
9.0527,0.41254
9.0686,0.43721
8.7006,0.44099
1.0913,0.91241
9.6693,0.40132
7.1784,0.49487
7.0685,0.50036
8.1142,0.4691
8.2295,0.46095
6.8448,0.51474
10.193,0.38381
8.0136,0.47775
7.5677,0.47884
7.3419,0.48431
6.9607,0.49943
6.7462,0.51246
7.8109,0.45449
7.6606,0.46242
7.5404,0.46381
8.0468,0.43974
7.0587,0.49438
8.3296,0.42858
9.0865,0.39756
7.5522,0.47067
7.3107,0.47374
7.6191,0.45538
6.922,0.49774
6.0826,0.53221
6.5195,0.50942
6.8713,0.49165
7.4916,0.46199
7.3607,0.4696
7.0519,0.48641
7.0708,0.4832
7.4069,0.46987
6.7443,0.49855
6.4509,0.52281
8.1573,0.44059
7.9134,0.44275
5.9106,0.55572
5.3229,0.58391
5.5181,0.55978
5.3545,0.56717
6.4296,0.51458
5.2719,0.59221
4.5864,0.63273
5.7177,0.55961
8.014,0.45836
5.5733,0.55705
6.0402,0.52658
5.1863,0.58518
5.5918,0.55086
5.1817,0.58712
5.8104,0.54118
5.069,0.59684
5.0777,0.5996
5.5723,0.57464
6.0663,0.52498
5.6861,0.55779
5.2213,0.59813
4.8254,0.60934
6.2798,0.52023
6.2652,0.51399
5.952,0.5393
6.6113,0.4981
5.8382,0.54586
6.2462,0.51858
5.5787,0.55707
5.1189,0.58947
4.4745,0.63868
4.6428,0.62571
5.0664,0.59031
5.2857,0.57378
7.2883,0.45503
3.5708,0.68667
4.9667,0.60493
5.2402,0.59551
6.5047,0.52699
6.889,0.51945
7.0607,0.51124
7.8704,0.45354
4.7404,0.60366
7.0963,0.49711
5.4754,0.56747
6.0038,0.53344
4.4514,0.64128
5.1346,0.59305
5.4348,0.57218
4.9275,0.60572
5.2042,0.58727
5.708,0.55039
5.3477,0.5803
4.8819,0.61635
5.52,0.56979
5.3527,0.57934
5.2099,0.58402
5.3115,0.58074
6.2474,0.51319
5.4383,0.56111
5.898,0.53357
7.466,0.44523
5.4759,0.5572
5.4778,0.55948
6.1218,0.5169
5.4119,0.56589
4.2111,0.65096
6.4283,0.49501
6.1472,0.51378
4.8379,0.60765
3.5251,0.70971
4.1539,0.66066
3.9249,0.67534
3.8618,0.68456
4.4844,0.63172
4.8239,0.60294
4.2649,0.64387
4.3244,0.63897
5.3122,0.57079
5.9954,0.52749
4.0427,0.66167
4.8754,0.59478
4.6482,0.61021
4.5777,0.6126
6.0998,0.50228
5.1433,0.57609
5.4528,0.55604
5.6939,0.53834
4.7576,0.60001
5.568,0.54863
6.0998,0.51602
5.9804,0.51593
3.6132,0.70454
3.9923,0.65841
7.6441,0.42851
6.3922,0.49783
3.7657,0.6854
5.4941,0.5433
5.2108,0.57472
6.9953,0.47352
7.0859,0.46264
6.4874,0.49447
7.0849,0.45473
5.5811,0.54021
4.5292,0.6248
3.823,0.68083
5.106,0.57585
9.3036,0.37279
6.2971,0.51443
8.6777,0.40232
5.6215,0.52836
6.2514,0.52252
7.7862,0.43984
8.6667,0.40234
5.4384,0.54243
4.4242,0.64193
7.7956,0.4411
8.8692,0.40416
3.9586,0.60374
6.8404,0.46324
6.6654,0.48506
6.7794,0.46617
5.7116,0.53211
7.097,0.45207
6.7973,0.46614
5.23,0.56786
4.8554,0.59522
5.8736,0.52122
4.8901,0.58239
6.2917,0.49799
6.5945,0.48062
7.0876,0.45859
7.1244,0.45638
6.6888,0.48044
6.1984,0.50989
6.8941,0.47321
8.0823,0.42754
7.2428,0.44871
8.6296,0.40766
8.296,0.42271
7.6381,0.45498
6.3935,0.49509
6.8336,0.46557
7.0879,0.46043
6.9383,0.46478
7.2222,0.45393
5.6053,0.53694
5.9955,0.54471
5.5991,0.55055
8.049,0.43354
7.7649,0.44285
8.2615,0.42363
6.9247,0.46656
4.2952,0.6319
6.5164,0.49128
8.1007,0.42836
6.4052,0.48488
7.0555,0.45465
7.6346,0.45655
9.3661,0.37235
7.262,0.44866
8.9717,0.39129
11.139,0.317
7.0569,0.46089
6.4775,0.49239
7.3846,0.44081
6.1615,0.50201
7.6,0.43124
7.5386,0.43143
5.7358,0.52748
6.8544,0.45768
7.0948,0.45562
5.5099,0.53925
8.7747,0.39669
8.8534,0.39826
6.8666,0.46776
8.7086,0.40657
8.5645,0.4087
7.7835,0.41412
8.0913,0.41138
8.5565,0.40955
4.8894,0.588
6.8355,0.47431
6.8178,0.47308
6.617,0.48118
8.2477,0.402
6.2604,0.49406
5.468,0.54289
5.0842,0.57595
6.0605,0.50923
9.1103,0.38124
8.4404,0.40588
6.0862,0.50459
7.8633,0.4213
4.838,0.58457
6.7534,0.49302
4.7917,0.61035
8.3309,0.41927
8.7341,0.3843
3.0433,0.73245
3.9303,0.67079
4.474,0.60174
7.5046,0.4427
9.8537,0.35195
6.0118,0.51058
7.5753,0.44129
6.9793,0.47699
6.936,0.48312
5.3671,0.55376
10.282,0.33266
7.1212,0.47239
7.4199,0.46102
7.1139,0.4828
7.4091,0.45583
9.3777,0.36287
9.8043,0.35093
10.608,0.32107
7.7973,0.40567
6.0767,0.50609
8.0549,0.40399
7.4431,0.43397
7.484,0.43155
8.1398,0.39975
7.895,0.41413
6.5512,0.48654
8.1092,0.39702
6.0197,0.53301
4.3601,0.64199
6.2533,0.51695
7.4563,0.44608
6.2436,0.5167
4.5886,0.61563
6.1436,0.52859
6.6178,0.50197
6.772,0.48642
6.2956,0.51318
5.5547,0.55452
4.4785,0.63595
9.8709,0.35579
7.9935,0.40113
6.8302,0.46229
5.8094,0.52105
4.1203,0.63362
6.6118,0.47759
6.8157,0.46292
5.9237,0.51279
3.992,0.64878
7.2631,0.43756
2.38,0.81936
7.2396,0.43684
7.234,0.4697
3.1505,0.7315
7.5713,0.44735
7.1383,0.47471
6.5752,0.47415
3.3365,0.70789
5.9599,0.51144
5.9916,0.512
6.0985,0.50464
4.5386,0.60901
6.9332,0.48217
6.602,0.47559
5.6821,0.52916
5.4904,0.53435
5.4361,0.54483
6.4961,0.48207
5.8528,0.51799
7.783,0.40568
6.4132,0.47957
6.9757,0.45251
6.6738,0.4738
4.6941,0.59402
6.3847,0.48724
6.8729,0.45506
7.9408,0.42759
6.7273,0.4897
7.8205,0.43514
6.9692,0.45385
9.0727,0.37527
6.9417,0.48449
9.4445,0.36729
8.6914,0.39653
6.5246,0.48248
7.511,0.44937
7.8274,0.42887
8.2273,0.41464
5.9149,0.51305
8.5284,0.37715
6.8363,0.48251
6.6165,0.46588
7.0123,0.46899
8.7025,0.38583
7.1504,0.46298
10.153,0.3353
6.5208,0.47328
8.2694,0.41327
7.5598,0.44473
8.277,0.41355
5.9711,0.50876
7.5447,0.44839
9.2999,0.37428
4.2154,0.65559
5.3075,0.55653
8.1244,0.43539
7.0275,0.45866
8.0184,0.4276
6.8739,0.48927
5.7035,0.53108
8.9498,0.38839
7.0179,0.4519
6.643,0.46269
7.181,0.44085
6.0924,0.49713
8.7577,0.39589
5.5974,0.52785
5.6114,0.52672
6.0139,0.50093
5.1568,0.55957
5.5316,0.53449
5.5493,0.53204
6.8047,0.45764
6.2551,0.49708
6.3063,0.49646
4.7153,0.59339
5.54,0.53239
4.9605,0.59733
6.1844,0.50294
5.8881,0.51326
5.4036,0.54126
5.7601,0.52085
5.3483,0.54717
6.2223,0.49064
6.7347,0.46493
6.1934,0.49649
5.4951,0.53758
5.5581,0.52939
4.6946,0.59142
6.7964,0.48095
4.8519,0.58286
6.7591,0.48955
6.3487,0.50815
6.8402,0.48599
7.6127,0.44797
6.8349,0.45429
7.0638,0.44287
10.649,0.31695
7.8958,0.41939
7.9568,0.4182
7.6887,0.43245
8.341,0.41028
7.5458,0.44023
7.8161,0.43373
7.7015,0.43935
6.9369,0.45068
8.7631,0.39636
9.0657,0.37184
10.209,0.33064
2.0942,0.70429
7.5118,0.42045
5.4972,0.53883
6.4153,0.48552
5.2943,0.55071
6.1913,0.49377
6.2888,0.48948
5.7515,0.51814
5.963,0.50459
5.9241,0.51471
5.4753,0.53895
5.8506,0.51547
4.5027,0.6136
6.512,0.4938
7.1722,0.46324
7.4349,0.43041
8.0224,0.41792
8.1238,0.41705
6.5869,0.46981
6.8113,0.45889
7.5828,0.442
8.4087,0.40743
5.7353,0.52141
6.5442,0.47598
7.8308,0.42834
7.8198,0.43126
7.6272,0.44122
6.1458,0.50368
7.0041,0.4765
5.8295,0.52427
7.0796,0.44339
6.916,0.45653
6.7927,0.47824
7.0648,0.4607
6.6842,0.46275
6.4436,0.4789
6.5106,0.47671
6.7113,0.46946
7.5555,0.42711
7.0112,0.44892
6.7941,0.46259
6.4718,0.50697
8.2626,0.41134
8.1632,0.3958
6.164,0.49545
7.8667,0.40835
7.3976,0.42507
9.4197,0.35998
7.0443,0.44018
5.7751,0.51858
5.9347,0.51166
6.3666,0.48633
3.0655,0.68089
5.9084,0.50948
7.1096,0.4369
6.3886,0.47786
5.8648,0.51563
3.4067,0.70196
3.3239,0.70239
5.1205,0.55107
7.4399,0.42106
6.48,0.49221
4.0222,0.61537
5.5812,0.53547
6.6336,0.49096
6.6155,0.49072
6.0428,0.52127
6.9984,0.47303
4.1849,0.60332
3.9573,0.62216
5.8671,0.53157
3.9197,0.6262
6.714,0.48931
8.2126,0.40102
6.7297,0.47571
7.5335,0.43437
6.7694,0.47184
6.864,0.47567
5.8995,0.5095
7.9854,0.41392
7.9016,0.4197
6.9885,0.45078
7.454,0.44187
5.8563,0.51917
5.9507,0.51113
5.1808,0.54525
7.8346,0.42092
7.626,0.43349
7.0708,0.46152
7.3005,0.45011
7.157,0.45641
7.0582,0.46364
7.2413,0.45252
7.3059,0.44856
7.3718,0.44923
7.1503,0.45819
7.2619,0.45306
5.8523,0.51096
7.2772,0.45531
6.9347,0.47563
8.8311,0.39747
7.0341,0.45668
7.683,0.43886
4.7148,0.59384
8.9218,0.38105
6.8819,0.47671
6.1358,0.50166
8.2022,0.4138
8.0447,0.42423
6.2912,0.50197
6.8562,0.48864
5.8019,0.53075
7.6172,0.45061
6.8452,0.47912
6.7988,0.48908
4.5484,0.61642
6.9075,0.48456
6.5077,0.5056
6.6923,0.49624
8.4157,0.40688
6.9579,0.48368
5.1162,0.54781
5.9661,0.50771
6.1597,0.48928
5.6452,0.51951
5.8091,0.51521
7.0167,0.44385
6.2242,0.485
7.7119,0.43832
5.1012,0.55279
5.3036,0.54985
1.821,0.89788
6.0809,0.49883
6.9899,0.45989
6.5475,0.48487
6.4102,0.49641
7.5281,0.4337
7.5097,0.43624
8.2404,0.40593
6.2986,0.50266
7.3492,0.44859
6.9267,0.47167
7.0698,0.46092
6.4227,0.50095
5.6098,0.52862
7.1825,0.46087
5.389,0.53579
5.806,0.51335
5.6313,0.51977
5.7893,0.51225
5.5041,0.52918
5.7604,0.5173
7.026,0.47159
5.8656,0.50858
5.6231,0.52328
5.1303,0.55564
6.4262,0.50735
5.4533,0.52608
6.0269,0.49769
5.1065,0.55874
5.5959,0.52769
6.2421,0.48887
0.81487,0.96945
6.8646,0.44546
5.2365,0.55473
6.6308,0.46863
6.437,0.48092
6.009,0.50233
5.026,0.56442
6.5816,0.47062
7.0167,0.44127
7.8478,0.39848
9.5448,0.35739
8.3785,0.40366
9.043,0.37902
7.7614,0.42956
7.8897,0.4222
6.1931,0.49231
8.1796,0.41756
8.7134,0.39206
8.6103,0.39632
6.2084,0.48019
6.6436,0.48772
6.6143,0.49346
5.8904,0.52167
5.1228,0.56106
7.6047,0.43321
5.8662,0.51509
7.9758,0.41517
7.5914,0.42668
8.0593,0.41366
7.7483,0.42769
6.4811,0.46865
5.2828,0.55014
6.0666,0.49134
6.6126,0.47733
5.6865,0.51579
4.5038,0.60461
6.297,0.50674
8.1063,0.40524
7.0321,0.45168
5.3991,0.54591
7.1057,0.46036
5.291,0.5479
5.816,0.51208
7.6495,0.43061
7.4164,0.43195
7.785,0.4299
7.5674,0.43529
7.8207,0.42805
8.3814,0.39513
6.3118,0.48036
5.8689,0.5028
5.6939,0.51177
5.496,0.52678
5.3087,0.54198
6.4059,0.47002
6.396,0.49829
6.8622,0.47176
6.3883,0.50788
4.8902,0.59076
6.4408,0.49124
6.7521,0.48792
6.8409,0.48375
7.1844,0.46711
6.7803,0.48558
7.1627,0.46035
7.2054,0.46357
6.7108,0.49112
6.1812,0.50501
5.2112,0.56498
3.4985,0.6996
4.2006,0.64633
5.6246,0.5394
6.0453,0.51164
4.5396,0.61766
6.0041,0.52106
5.7399,0.53672
5.9053,0.51924
1.7458,0.82526
5.3484,0.55582
6.3669,0.49293
6.3752,0.47714
5.301,0.55254
5.3447,0.53791
6.2277,0.5045
7.5763,0.43732
5.0979,0.56177
5.4331,0.53524
5.8882,0.51008
3.8513,0.64293
6.1402,0.48604
6.2704,0.48078
6.3511,0.49428
5.7012,0.52163
5.711,0.51873
5.5895,0.53009
5.2099,0.54805
5.2946,0.54388
5.6319,0.52268
5.3492,0.54236
6.3221,0.48395
5.8017,0.51274
5.8758,0.50707
6.4471,0.47236
6.1476,0.48913
5.5496,0.52658
6.2158,0.48279
5.675,0.51367
4.8607,0.57087
6.3364,0.5008
5.2772,0.54172
6.4127,0.49641
6.5426,0.48625
5.0058,0.55728
7.8997,0.42136
8.452,0.39135
8.5069,0.39282
6.2898,0.49305
7.1569,0.45754
8.1745,0.4135
6.8753,0.46607
1.7756,0.90078
2.3684,0.8286
2.1076,0.84193
7.1556,0.45154
5.0261,0.56017
5.3922,0.53632
4.9388,0.56596
7.0792,0.45789
6.3112,0.48536
4.2512,0.5646
6.9339,0.44522
7.5193,0.44342
7.0817,0.45916
7.7036,0.42623
7.807,0.42142
6.5725,0.46284
5.5936,0.52478
6.2124,0.48677
6.4829,0.4739
8.4284,0.39376
7.8093,0.42465
5.335,0.53347
7.0189,0.46927
7.8006,0.4217
5.9862,0.50589
7.0178,0.45951
6.9715,0.45635
6.3431,0.4893
6.8518,0.4682
6.4104,0.49096
6.336,0.49539
6.5983,0.47255
6.8603,0.45312
1.3776,0.81134
7.7659,0.41016
6.8412,0.46156
6.1866,0.50065
7.2721,0.44212
7.5285,0.42573
5.8033,0.52362
7.6556,0.42534
5.9114,0.51694
7.1757,0.44625
5.8667,0.49872
6.6028,0.48614
5.0556,0.57452
6.7612,0.47602
7.1151,0.45179
7.3176,0.44618
2.7449,0.78088
4.488,0.62828
7.2677,0.45289
7.9541,0.41786
6.6561,0.48041
7.4997,0.43873
6.8949,0.44823
7.8084,0.41018
7.1627,0.44705
6.0675,0.50477
5.8052,0.52306
6.6424,0.477
61.005,-0.27426
6.5124,0.48187
6.532,0.47313
6.5126,0.48468
6.5639,0.47363
2.3419,0.66455
8.1426,0.41122
6.5528,0.48305
7.244,0.45427
6.9956,0.46434
7.7348,0.42886
7.2681,0.44684
6.8549,0.46265
6.9962,0.46037
7.0763,0.46051
7.3393,0.44818
7.0645,0.45133
6.3296,0.47311
7.6724,0.42419
7.0761,0.4546
8.7309,0.37394
8.0822,0.40604
7.7938,0.41898
5.6118,0.48675
7.1544,0.45172
8.2428,0.40432
6.8673,0.46498
4.8238,0.57216
5.6702,0.50733
8.6523,0.37503
7.2292,0.45852
8.9342,0.37334
8.2992,0.3979
7.8341,0.42275
8.661,0.38281
8.5267,0.3929
7.7354,0.4301
7.6542,0.42751
7.2136,0.44704
7.5822,0.42018
6.8617,0.46862
7.4188,0.43229
6.6709,0.45412
6.4034,0.4652
6.6439,0.45017
6.2328,0.47262
6.9602,0.43601
6.4401,0.46343
6.8184,0.44262
6.9128,0.44155
7.1549,0.42773
5.7637,0.5063
8.248,0.40211
6.1536,0.48053
7.3272,0.45672
7.3398,0.44678
7.9461,0.42114
11.078,0.29491
8.8437,0.38382
9.0192,0.38109
8.1041,0.41034
8.3215,0.40901
10.044,0.32983
8.4249,0.40417
9.4926,0.35204
8.4386,0.39757
5.9796,0.49446
8.0748,0.40013
4.8893,0.56812
6.3232,0.4766
2.2746,0.81739
2.2865,0.81923
1.9324,0.87672
4.3321,0.60715
8.1604,0.3904
10.595,0.31105
8.8479,0.38252
6.0971,0.52329
8.0011,0.40833
8.6065,0.3846
7.945,0.4195
2.3117,0.83029
7.6722,0.42441
7.0135,0.44781
7.3324,0.44338
7.7236,0.42126
7.3914,0.43881
7.4681,0.43239
8.3253,0.39587
7.9079,0.40881
7.8222,0.41823
6.3934,0.48982
7.9306,0.41621
7.0157,0.45543
4.9667,0.55589
7.3294,0.44566
6.7752,0.47384
7.7653,0.42242
7.6369,0.42967
7.7086,0.43424
5.6421,0.53981
5.3049,0.57888
6.9111,0.44288
5.2603,0.5374
6.0544,0.48442
6.6363,0.47688
7.4114,0.43266
7.9965,0.40441
6.1695,0.50587
5.4803,0.53705
5.431,0.52784
7.0047,0.46458
7.3528,0.44571
3.9898,0.60588
3.3172,0.69451
5.8269,0.5201
7.931,0.40805
6.3484,0.4896
8.5731,0.38363
7.8676,0.42079
7.2061,0.43791
5.978,0.49067
6.4086,0.46838
8.1888,0.38942
6.6353,0.47579
7.2325,0.44027
5.9802,0.51786
6.5196,0.48625
6.1965,0.50819
6.2375,0.50936
6.2724,0.50342
5.9771,0.52297
4.1164,0.62229
3.8961,0.64112
4.6834,0.60336
3.7662,0.65329
5.3079,0.55873
3.7746,0.64887
5.8242,0.4959
3.2928,0.70384
9.4332,0.35083
5.143,0.5419
6.803,0.45417
4.2853,0.61167
4.2426,0.61638
4.4681,0.59849
5.871,0.49734
5.4184,0.52181
6.1787,0.48057
6.3396,0.47106
7.3582,0.44547
8.5517,0.38868
7.524,0.43035
6.9342,0.44241
8.4912,0.39241
8.3437,0.39565
6.0611,0.48773
7.6673,0.43026
5.7798,0.5026
7.782,0.42393
5.9566,0.49627
5.4989,0.52526
2.4877,0.78106
6.471,0.46409
6.1599,0.4828
6.3932,0.4713
6.4627,0.46468
6.0425,0.48878
6.3707,0.46916
5.7199,0.50298
6.1832,0.4779
5.9643,0.49543
6.0515,0.48813
5.5098,0.50493
6.7013,0.47687
5.0941,0.57361
6.816,0.47058
7.1364,0.44466
6.1829,0.49955
6.9558,0.4617
6.1645,0.50301
7.3275,0.44055
7.0713,0.45174
6.2526,0.49464
8.7141,0.37748
7.7636,0.42045
6.3198,0.49425
6.7304,0.46657
6.6802,0.46544
6.5277,0.48266
8.5751,0.38409
6.4698,0.49037
5.7073,0.53878
2.5917,0.78022
3.2343,0.70492
6.1066,0.48297
4.9344,0.56453
6.5461,0.48476
3.6487,0.60397
3.1594,0.65423
4.4234,0.54286
3.7105,0.59965
3.5641,0.61079
3.5778,0.61435
4.1481,0.56108
7.3685,0.4333
7.1944,0.44637
7.776,0.41004
7.5724,0.42061
7.3374,0.43554
8.6841,0.37616
8.904,0.37904
7.6359,0.43712
6.7554,0.45296
8.8696,0.37456
9.7321,0.33464
9.6042,0.34142
7.8417,0.41876
6.8245,0.43754
5.9407,0.49343
8.1323,0.40055
6.9816,0.45081
5.1122,0.5499
2.0829,0.85545
4.5974,0.58462
4.8861,0.56299
4.9933,0.56099
3.8676,0.64976
5.107,0.55152
5.2607,0.54082
5.23,0.53993
4.3977,0.6067
5.1407,0.55564
5.312,0.54196
4.8731,0.55783
3.8619,0.64855
3.6476,0.66333
4.8208,0.57137
4.1856,0.6195
4.1713,0.62404
5.5742,0.51345
5.4664,0.52628
5.2928,0.54573
4.475,0.59745
4.1078,0.62918
5.6528,0.51465
6.5568,0.4574
5.6385,0.52128
5.1076,0.54724
5.2499,0.54081
5.2927,0.53763
6.8979,0.44312
5.8454,0.50194
5.7668,0.50898
6.2447,0.47654
5.2024,0.54324
5.3034,0.5385
5.556,0.52469
8.56,0.38414
6.9415,0.46747
7.4425,0.43425
5.8176,0.504
7.2003,0.45127
4.6131,0.58243
4.7148,0.57325
6.0345,0.48651
7.4492,0.44265
5.8525,0.50028
6.3974,0.47156
8.9425,0.37237
5.788,0.50404
4.8271,0.57117
5.666,0.51463
4.8788,0.57244
5.1782,0.5473
6.2904,0.47907
7.2068,0.44857
4.7285,0.58538
5.0596,0.56143
5.1233,0.55507
5.1224,0.55347
5.5425,0.52555
6.8557,0.44444
6.0121,0.49289
6.0922,0.4882
5.4381,0.53431
9.6308,0.35444
6.1529,0.48728
5.4287,0.53421
5.4514,0.53164
6.2757,0.48111
5.6777,0.51669
5.9571,0.50112
5.6173,0.5223
6.9661,0.45712
7.009,0.45882
6.6923,0.47511
6.2263,0.49767
4.6264,0.58391
5.2885,0.54649
6.4263,0.49626
5.1773,0.55578
7.344,0.44635
7.2066,0.45652
5.2382,0.54582
4.7263,0.57614
7.0364,0.43681
6.2742,0.48323
5.4339,0.53019
6.9737,0.444
6.6637,0.45379
5.1761,0.55382
7.7929,0.40516
6.1153,0.48918
6.6177,0.46775
7.1426,0.43894
6.5444,0.46774
8.0451,0.42406
4.5104,0.60239
5.6256,0.5256
9.3015,0.37286
7.0138,0.44478
5.8319,0.5127
6.3941,0.48004
6.036,0.50298
5.5967,0.52717
5.3245,0.54822
6.4705,0.47152
5.4728,0.54167
5.355,0.54575
8.4462,0.39655
5.8613,0.53316
6.5164,0.49564
5.9223,0.51251
7.5057,0.4502
6.6442,0.48277
6.6422,0.46925
6.7429,0.46737
5.7875,0.52368
5.7454,0.52225
6.4296,0.48355
7.2925,0.43783
5.5294,0.53222
7.404,0.44892
7.7089,0.43701
6.8712,0.47483
7.2423,0.45165
6.1119,0.49601
6.1561,0.49591
6.2509,0.49319
7.4695,0.44936
7.5242,0.4475
6.9666,0.47492
8.24,0.41488
1.5495,0.79065
5.8182,0.51268
6.0594,0.50124
5.9972,0.50534
5.4203,0.54013
6.855,0.48066
7.187,0.46563
6.3002,0.51529
7.5152,0.45085
5.5553,0.53577
5.4988,0.53639
5.9688,0.51291
6.7212,0.49148
6.8342,0.48089
6.5699,0.49163
6.313,0.51101
5.9255,0.53138
7.4133,0.45082
7.5555,0.45035
5.9631,0.52438
8.2506,0.42396
7.8785,0.42874
6.3998,0.49509
1.0346,0.8926
8.8855,0.39038
9.1092,0.38683
7.3358,0.44374
7.7802,0.43138
5.0612,0.5681
8.4846,0.41145
6.9339,0.45481
9.7948,0.35492
6.0085,0.50267
8.5683,0.40392
6.2765,0.49028
5.9869,0.51086
7.3331,0.46951
6.1573,0.51196
7.1351,0.47413
7.0045,0.48068
7.7416,0.45461
7.9451,0.43952
6.1572,0.51197
5.5819,0.53811
7.202,0.46854
6.8266,0.46896
6.3379,0.49549
6.1552,0.50553
5.732,0.52338
5.3837,0.54558
6.6065,0.47585
6.4146,0.48726
6.273,0.49785
6.6316,0.48119
6.8023,0.46833
6.5322,0.48555
6.2096,0.50083
5.278,0.55366
6.2999,0.49633
6.4567,0.48653
7.5892,0.42993
7.3946,0.4523
5.9336,0.52478
7.4934,0.46285
6.6951,0.47951
6.2542,0.50436
8.3535,0.42532
7.913,0.45386
8.6628,0.41619
8.0817,0.43651
8.1992,0.43436
7.2632,0.46921
8.1386,0.42155
7.6418,0.45252
7.7533,0.44849
8.5073,0.40714
8.5816,0.41235
6.0112,0.50702
8.5717,0.41777
5.8091,0.52429
6.7505,0.48019
6.8528,0.47605
6.5946,0.4865
6.8113,0.47648
8.689,0.40854
8.5813,0.41638
6.5622,0.4834
7.8361,0.44076
9.1489,0.38876
8.2985,0.42962
6.6491,0.49736
9.2313,0.38581
8.2644,0.42302
8.4853,0.41489
8.4592,0.41832
7.4646,0.45922
7.246,0.4523
6.8454,0.47941
7.7741,0.42424
7.36,0.44537
7.2325,0.45782
5.9661,0.53121
6.0268,0.52149
7.7673,0.45029
7.5147,0.47086
5.4407,0.55695
7.5168,0.47699
6.1814,0.52046
6.7919,0.47262
6.5368,0.49147
7.8873,0.44772
7.5756,0.45564
6.3664,0.49854
8.1049,0.43463
8.2462,0.43377
7.8304,0.4484
6.6495,0.48858
7.9692,0.44454
8.1181,0.43576
7.1093,0.46917
8.7117,0.41223
8.4905,0.43128
8.5075,0.42821
8.0528,0.44433
8.3129,0.43208
7.8456,0.4494
7.967,0.44814
8.5339,0.42492
8.3556,0.43384
9.0657,0.40103
6.3323,0.50758
7.7259,0.46528
9.2971,0.38886
9.2599,0.3888
6.8507,0.47974
7.5011,0.43951
7.3125,0.45935
6.6162,0.49544
8.5172,0.40453
7.8618,0.43295
7.5266,0.43731
7.491,0.44793
8.6658,0.40849
7.5398,0.44985
7.4641,0.44771
6.5261,0.50127
6.0208,0.52822
8.758,0.41031
6.095,0.5235
8.8282,0.40845
6.4752,0.49765
6.6207,0.49726
9.6159,0.3828
6.0276,0.53181
8.7638,0.41957
7.4976,0.45438
6.332,0.50957
6.8576,0.4766
8.9387,0.41082
6.2456,0.51473
6.0587,0.52605
8.8315,0.40356
6.2682,0.51501
6.3415,0.5073
6.8213,0.48403
7.0664,0.46492
6.5106,0.49939
6.6692,0.49518
5.5781,0.56665
5.5021,0.57222
5.854,0.54226
5.6298,0.5563
6.3402,0.519
5.4188,0.56543
7.6412,0.4755
5.8578,0.54938
6.4995,0.51297
8.5422,0.43325
8.6739,0.4419
6.0553,0.53523
5.4887,0.57354
5.541,0.56887
5.5413,0.57109
5.6834,0.56431
5.7074,0.56017
6.17,0.52488
6.5626,0.49985
6.4722,0.50987
6.7026,0.49635
6.7122,0.49733
6.7822,0.49514
6.887,0.48689
8.8108,0.41198
6.5101,0.49977
6.4286,0.51171
7.0914,0.47353
6.2577,0.525
6.7487,0.49703
6.429,0.51336
6.4793,0.51614
6.7853,0.49572
8.6628,0.4248
7.022,0.47879
6.6961,0.50058
7.3538,0.46462
7.1395,0.4734
8.3862,0.43455
7.2006,0.47059
8.5351,0.4294
8.023,0.4384
9.4933,0.3923
8.673,0.42438
7.3416,0.47241
9.3492,0.40706
9.0957,0.4071
6.945,0.48044
5.4834,0.57129
5.9616,0.54451
5.5037,0.53702
5.0428,0.57376
4.5871,0.60153
8.4997,0.44072
8.2581,0.44573
6.1436,0.53989
6.1411,0.54319
5.8938,0.55817
6.2535,0.53343
5.8534,0.559
7.2517,0.47177
7.3663,0.46348
9.2513,0.40299
7.2114,0.4734
6.2311,0.53829
8.4191,0.44449
6.8115,0.5001
7.2568,0.48255
6.4374,0.52775
6.7698,0.50638
6.3519,0.52831
7.083,0.48876
8.3061,0.44908
9.3595,0.40589
7.9022,0.44361
6.9586,0.49048
2.779,0.70885
6.7703,0.50631
3.0664,0.67936
7.3075,0.4804
7.4051,0.47798
8.7728,0.43556
7.3507,0.46701
7.5014,0.46731
6.5572,0.51652
6.6388,0.50961
6.5445,0.52108
6.3851,0.52113
6.6808,0.5132
6.2116,0.53745
7.1997,0.48064
7.0097,0.49222
6.3568,0.52153
6.3321,0.5327
5.9927,0.55925
5.8703,0.56707
8.0129,0.4439
7.9385,0.45114
7.6035,0.46844
8.1146,0.44386
8.0671,0.44469
7.7322,0.45705
7.6546,0.46141
7.734,0.4625
7.7665,0.47322
7.6246,0.47441
7.1888,0.49032
6.7841,0.51128
7.516,0.46683
7.2698,0.48815
7.3729,0.47891
6.974,0.4965
8.1429,0.43772
7.4944,0.47576
8.689,0.42069
6.7981,0.50157
6.9352,0.49318
7.494,0.47047
6.5789,0.52428
6.4049,0.53935
7.7091,0.45991
8.4224,0.42293
8.2222,0.43427
8.1539,0.44005
8.7786,0.41695
7.0808,0.50114
9.1683,0.39641
6.7798,0.51355
7.7709,0.4598
7.4255,0.48409
7.81,0.46476
6.9233,0.51037
5.3193,0.58133
5.209,0.59111
5.265,0.59031
6.757,0.53218
6.5443,0.54205
6.4389,0.54574
6.6348,0.54065
6.4824,0.54813
6.5439,0.5457
6.644,0.54015
6.3576,0.55229
6.8058,0.53163
6.8649,0.5204
7.0306,0.51253
7.1375,0.50646
6.971,0.52296
7.3464,0.49036
7.1394,0.50406
7.4072,0.49499
6.5709,0.54706
6.4208,0.55038
6.766,0.53254
7.4612,0.4886
6.9224,0.52055
7.4792,0.48653
7.1729,0.49674
7.3465,0.48826
7.5727,0.48225
7.0999,0.5157
7.663,0.48176
7.5854,0.48693
7.8949,0.46906
7.1124,0.51519
6.9127,0.51907
7.3992,0.50242
6.9761,0.52173
7.2144,0.51342
7.0937,0.51988
7.0942,0.52309
6.6472,0.54387
7.4262,0.49531
7.4452,0.49447
6.8749,0.52497
6.9182,0.52248
6.9944,0.52308
7.2849,0.51189
7.3033,0.50361
6.9045,0.53232
8.5313,0.4507
8.409,0.45016
8.1111,0.46232
7.578,0.48315
7.27,0.50581
7.7712,0.47392
7.4292,0.49673
6.8138,0.52669
7.8109,0.47511
7.8681,0.47475
7.2947,0.50349
7.127,0.51254
4.2308,0.60089
8.4153,0.44904
9.2515,0.42626
8.9577,0.43556
7.0888,0.51317
8.8217,0.44367
7.6837,0.48392
7.9653,0.46787
8.1101,0.47846
8.6463,0.45167
9.6454,0.40962
9.0764,0.44145
8.4309,0.4551
7.9837,0.47585
7.7416,0.48691
7.5637,0.49903
7.1697,0.51501
7.8972,0.48146
7.3664,0.51125
7.7254,0.4905
7.6171,0.4945
7.137,0.52117
7.9979,0.47725
7.7207,0.48825
7.4658,0.50058
7.4972,0.4974
8.3854,0.45834
7.6046,0.50366
7.3668,0.51754
7.6572,0.5021
7.2864,0.51749
7.4245,0.51256
7.3736,0.52054
7.2561,0.52659
7.5734,0.50354
7.1327,0.5252
6.454,0.55096
7.9261,0.47532
7.7908,0.48763
7.1773,0.51345
8.0983,0.4679
8.816,0.43501
6.8512,0.53022
6.9486,0.52246
8.0986,0.471
9.1066,0.4265
7.364,0.50595
7.8219,0.48682
8.1229,0.48017
9.4136,0.41874
8.5803,0.45323
8.6218,0.45522
8.6304,0.45235
8.3411,0.46628
8.329,0.47213
8.4814,0.45949
8.208,0.4778
9.1476,0.43403
8.5595,0.46105
9.1666,0.43585
8.9002,0.43867
7.9691,0.48595
8.4647,0.46467
7.8643,0.49094
8.474,0.46067
8.5669,0.48035
9.478,0.42033
8.2592,0.46719
8.0806,0.47973
7.5739,0.51364
8.648,0.45546
7.8189,0.48963
7.5602,0.49625
8.3021,0.46851
7.9201,0.49285
8.1111,0.48497
7.9891,0.48852
7.3325,0.5159
8.0409,0.47491
8.1379,0.47614
7.6814,0.5048
8.5715,0.45721
7.8213,0.49533
7.4797,0.50979
8.0163,0.47599
9.5176,0.40661
8.4683,0.4648
7.4895,0.50363
8.3135,0.4654
7.7465,0.48205
8.5017,0.46026
9.0131,0.43654
8.5155,0.46636
8.2387,0.46348
7.4943,0.50017
8.9171,0.44108
8.1966,0.4789
8.1036,0.48036
7.9019,0.48626
8.055,0.48733
8.27,0.47646
7.8425,0.4872
8.2438,0.47286
9.5492,0.42155
7.903,0.48832
8.6396,0.4547
7.9462,0.49133
8.1073,0.47483
8.9126,0.44375
8.0646,0.47948
8.2379,0.47924
7.6663,0.5022
7.767,0.50327
7.7685,0.49486
7.9558,0.48938
7.4696,0.50375
7.9225,0.48567
8.3876,0.46831
8.5674,0.46095
8.1988,0.47829
8.2381,0.4717
7.53,0.51564
7.9644,0.49199
8.0976,0.4806
7.8937,0.49368
8.0572,0.49121
8.5323,0.46942
7.7387,0.50221
7.5494,0.50966
8.9311,0.45254
7.9714,0.49142
7.5523,0.51183
8.554,0.46468
8.3704,0.47583
8.3157,0.47442
8.5421,0.46479
8.4226,0.46849
8.4616,0.4742
8.7112,0.4612
8.2553,0.47667
8.3718,0.47392
8.549,0.46301
10.03,0.43127
8.2812,0.48044
8.2978,0.47956
9.971,0.42124
9.7014,0.43546
9.3571,0.44817
9.8526,0.43414
9.9516,0.43175
9.0218,0.44803
8.4361,0.47198
8.22,0.48484
8.1987,0.48397
8.2521,0.48412
7.878,0.50353
8.6109,0.45946
7.6891,0.51203
7.5039,0.52087
8.0624,0.49253
8.0631,0.48592
10.006,0.42987
9.8706,0.43423
9.7136,0.44019
9.0499,0.45334
7.6882,0.50075
10.186,0.41512
10.161,0.41419
8.3864,0.47264
8.3187,0.47203
9.233,0.43945
9.0583,0.44446
9.0276,0.44813
8.891,0.45599
8.7744,0.45431
8.9756,0.44956
8.7382,0.45725
8.6896,0.46007
8.756,0.45863
8.886,0.45428
8.776,0.46314
8.7254,0.46756
8.629,0.46798
8.6558,0.47057
8.7447,0.46767
8.673,0.47065
9.2094,0.43826
8.3758,0.48561
8.768,0.46363
9.0442,0.44931
8.6906,0.46689
8.4675,0.47803
8.6585,0.45892
8.5472,0.4631
9.9542,0.42823
10.172,0.43706
9.7472,0.44092
9.9705,0.42345
9.9237,0.42471
9.6005,0.44107
10.703,0.39983
9.7847,0.43875
10.078,0.42652
9.7669,0.43786
10.519,0.40707
9.9918,0.42745
8.4699,0.47558
10.512,0.40652
10.798,0.39636
10.324,0.41839
11.8,0.37037
10.984,0.40395
9.6792,0.4298
9.5156,0.45306
8.8688,0.47128
8.9625,0.47357
10.297,0.41559
9.3641,0.45538
8.945,0.4554
9.8775,0.44174
9.312,0.45035
10.669,0.41543
10.303,0.41631
9.4536,0.45019
9.4771,0.44889
9.8527,0.43935
8.71,0.47119
8.36,0.48532
8.7684,0.45641
9.0328,0.45027
8.738,0.46693
8.8875,0.46328
8.887,0.45872
9.1468,0.44408
8.7438,0.46399
9.0609,0.44758
9.4154,0.44296
8.5868,0.47575
8.3906,0.48488
8.8262,0.45939
10.619,0.41377
9.4122,0.45214
10.334,0.42109
9.9122,0.43803
9.5939,0.44312
10.199,0.43075
10.158,0.43001
9.3771,0.46268
8.7465,0.47661
8.9292,0.46387
8.6655,0.475
8.7555,0.47176
9.0683,0.45077
9.2634,0.44508
9.4854,0.42777
8.9724,0.4593
8.629,0.47802
8.4142,0.48066
8.8947,0.46174
8.9784,0.45314
9.1711,0.45379
8.8018,0.45894
8.659,0.48512
6.9927,0.52751
10.449,0.41795
8.1236,0.49428
8.0802,0.49769
8.8692,0.46199
8.7325,0.46137
9.301,0.4598
9.2235,0.46737
8.3005,0.49335
8.7513,0.47121
8.6018,0.48376
8.8094,0.47413
8.6151,0.4802
9.5972,0.43033
9.3636,0.44806
8.5998,0.47046
8.729,0.46414
10.02,0.43776
9.1489,0.45691
9.0331,0.46892
10.265,0.42004
9.8093,0.44317
8.3846,0.48902
9.4935,0.45625
8.7509,0.4732
10.132,0.42562
9.9355,0.43372
10.186,0.42879
9.7424,0.44865
8.4335,0.47594
9.542,0.45738
9.4177,0.46121
8.622,0.47239
9.595,0.45024
9.3981,0.45514
9.274,0.46657
9.7904,0.44718
2.0081,0.7846
9.6846,0.42253
9.1279,0.45034
9.1272,0.45405
9.1849,0.45489
9.1356,0.45349
8.9651,0.46119
8.9003,0.46441
8.7992,0.4672
8.8317,0.46582
9.1381,0.45323
