49.775,0.1636
41.162,0.28153
45.191,0.20949
45.229,0.21646
47.929,0.21594
47.065,0.18578
48.99,0.16134
47.929,0.17967
49.44,0.16167
50.459,0.14976
48.269,0.16699
49.739,0.14773
50.793,0.13183
51.343,0.12597
50.465,0.1358
50.698,0.13273
50.699,0.13166
51.982,0.11861
52.641,0.11888
50.037,0.15691
50.755,0.14268
51.817,0.12529
51.775,0.12497
53.178,0.1011
50.419,0.13932
51.323,0.12906
52.603,0.11084
51.375,0.13444
53.409,0.10167
52.238,0.11699
51.794,0.12607
53.476,0.098738
53.146,0.10072
52.27,0.11152
52.48,0.10732
51.969,0.11493
54.777,0.085143
55.234,0.074652
54.005,0.088373
55.017,0.086528
54.325,0.087131
53.787,0.094114
53.033,0.11452
54.856,0.088422
54.663,0.090675
53.527,0.10117
53.623,0.10271
54.051,0.096339
51.376,0.12027
52.623,0.11353
52.822,0.10174
55.305,0.086196
55.829,0.074974
55.025,0.08787
53.771,0.090402
54.906,0.07452
55.486,0.074403
55.714,0.070536
55.932,0.069712
56.864,0.055935
56.376,0.074055
56.855,0.056354
55.762,0.061396
57.906,0.063915
57.5,0.064866
56.892,0.051448
55.637,0.060412
57.027,0.058089
58.779,0.052238
54.848,0.076855
55.227,0.073097
55.731,0.066247
59.282,0.049574
58.75,0.057553
59.656,0.049937
59.618,0.043174
59.166,0.053496
59.586,0.042119
59.667,0.033422
59.951,0.033528
59.787,0.035838
60.067,0.030502
60.507,0.034077
60.917,0.022494
59.169,0.018642
59.462,0.017058
58.553,0.024024
59.513,0.01986
59.123,0.027656
62.293,0.013527
62.758,0.0034555
59.485,0.0099574
60.727,0.0032824
60.273,0.0013328
61.049,-0.0061091
61.244,-0.0035434
64.288,0.0040372
59.672,0.0050196
64.817,0.00054349
64.701,0.0047588
64.239,-0.0044615
59.869,0.0012391
59.976,0.00067768
64.736,-0.0090453
64.052,-0.0097641
60.827,-0.010005
64.885,-0.010184
61.222,-0.013343
60.636,-0.019476
64.338,-0.032964
63.665,-0.029204
63.876,-0.022789
61.107,-0.02682
62.629,-0.036351
61.827,-0.024724
63.886,-0.028412
64.138,-0.036594
63.262,-0.041821
64.098,-0.034157
61.333,-0.032773
63.817,-0.030679
65.406,-0.055607
65.221,-0.049809
67.759,-0.049861
64.422,-0.043069
65.068,-0.040888
64.97,-0.040406
66.926,-0.044424
64.217,-0.047181
65.262,-0.052256
65.139,-0.045665
65.739,-0.054544
65.202,-0.055113
64.925,-0.046935
64.706,-0.052847
66.555,-0.063445
66.679,-0.061147
64.448,-0.053209
64.186,-0.040554
65.499,-0.050175
64.029,-0.038408
63.72,-0.03053
63.072,-0.030421
66.455,-0.024607
61.95,-0.031523
62.846,-0.032255
63.39,-0.037982
63.294,-0.037262
61.356,-0.022591
62.145,-0.022894
61.869,-0.017859
61.976,-0.016137
61.067,-0.0047412
64.011,-0.0078902
63.319,-0.0011668
62.888,0.0040744
58.569,0.013586
61.486,0.028087
63.189,0.010866
60.896,0.030482
58.945,0.045058
57.921,0.043885
59.241,0.053695
60.976,0.027968
57.965,0.038132
60.643,0.045805
55.805,0.066675
56.846,0.062545
54.261,0.07382
53.095,0.091501
54.176,0.078603
53.826,0.083104
52.241,0.10643
54.729,0.11186
55.84,0.087576
53.681,0.10108
50.471,0.13414
50.546,0.13286
51.63,0.11654
53.565,0.094967
50.78,0.12482
52.191,0.12139
49.994,0.14851
49.173,0.15239
47.038,0.18492
48.425,0.17852
48.53,0.16488
49.191,0.16091
47.244,0.18095
44.807,0.21897
46.515,0.18748
48.258,0.18009
46.029,0.19852
44.421,0.21778
42.614,0.25642
41.472,0.25966
48.061,0.19562
38.032,0.32324
44.057,0.26453
38.629,0.31271
44.228,0.25515
38.908,0.30777
42.033,0.2883
38.737,0.31008
43.249,0.29233
37.879,0.37329
41.789,0.30052
31.195,0.45679
38.961,0.35471
38.648,0.3651
38.38,0.37179
34.075,0.39735
36.215,0.39467
38.075,0.36034
38.752,0.3522
42.153,0.30773
42.541,0.29168
39.817,0.31269
32.767,0.40447
29.393,0.48103
27.519,0.53887
32.553,0.46002
27.337,0.5415
30.334,0.50989
35.042,0.40824
29.074,0.48956
36.294,0.38867
32.574,0.42319
26.162,0.56149
28.944,0.55304
29.84,0.534
30.171,0.52718
32.42,0.46963
30.098,0.5223
29.635,0.51776
31.272,0.50369
23.919,0.60078
31.573,0.49507
28.909,0.54476
32.393,0.46823
31.226,0.48069
31.675,0.47347
35.04,0.42388
34.226,0.44499
27.985,0.51934
30.101,0.47509
26.232,0.56483
33.595,0.4079
32.944,0.42327
28.145,0.51709
27.936,0.52445
28.616,0.50716
21.975,0.65443
28.807,0.49616
31.707,0.43767
36.73,0.39108
30.293,0.52124
37.497,0.38613
36.147,0.41396
31.225,0.45432
33.901,0.45854
30.665,0.46146
32.261,0.49153
39.582,0.35407
32.314,0.4769
34.032,0.44442
30.636,0.5038
29.701,0.52418
31.38,0.48814
31.038,0.49322
29.954,0.52136
29.4,0.53185
24.517,0.60283
29.428,0.53203
33.637,0.44687
30.775,0.50365
33.033,0.43936
31.632,0.46262
37.04,0.37542
34.333,0.42278
34.762,0.39944
34.43,0.42303
32.018,0.45075
34.547,0.4182
33.586,0.43359
35.076,0.41485
31.754,0.46044
35.526,0.40095
34.311,0.39774
37.847,0.34884
35.057,0.39753
31.396,0.47082
36.161,0.38455
34.617,0.40799
36.005,0.38325
34.691,0.40203
34.372,0.40781
31.547,0.47038
27.59,0.55534
34.491,0.44201
29.542,0.49761
31.826,0.45959
28.917,0.50207
30.221,0.48468
26.729,0.552
28.403,0.54405
30.287,0.49124
28.403,0.51906
28.938,0.50784
31.369,0.46673
30.433,0.51196
26.081,0.5728
31.202,0.49079
29.801,0.52
27.915,0.55543
28.323,0.52441
27.352,0.55606
30.867,0.50087
27.229,0.57075
27.141,0.57413
27.357,0.56717
27.711,0.5624
28.331,0.54247
25.864,0.58126
26.272,0.57773
31.87,0.47719
26.895,0.56688
27.534,0.5889
25.69,0.58646
28.906,0.55192
28.425,0.55641
25.46,0.59587
27.844,0.56007
27.637,0.56102
29.535,0.53687
25.295,0.59847
24.977,0.6196
24.218,0.62652
24.231,0.63769
23.597,0.63805
24.273,0.6388
23.951,0.62892
23.779,0.64318
30.206,0.53666
24.135,0.6379
23.228,0.64102
25.431,0.60698
20.174,0.68655
26.987,0.57654
26.498,0.58633
34.919,0.44632
26.05,0.57832
25.66,0.58046
25.455,0.58593
25.321,0.58304
20.569,0.66247
24.601,0.59785
24.298,0.6021
24.067,0.60618
24.563,0.60224
27.719,0.56673
25.733,0.58677
25.136,0.58915
25.727,0.58486
24.092,0.60887
27.699,0.55319
26.381,0.57611
26.347,0.57204
22.443,0.62997
21.985,0.63381
24.726,0.59528
23.608,0.61436
26.102,0.57016
21.17,0.66248
17.353,0.73634
16.026,0.7537
15.922,0.76322
16.373,0.75274
16.233,0.74431
17.496,0.71808
16.653,0.73589
15.929,0.74899
16.246,0.74187
16.193,0.7433
13.386,0.81702
13.359,0.81695
13.51,0.80944
26.967,0.55169
13.572,0.79913
13.989,0.79317
25.71,0.5613
24.316,0.58751
15.818,0.74342
13.589,0.79554
12.456,0.82206
15.471,0.75093
19.823,0.66664
21.914,0.63288
11.849,0.84231
11.102,0.86314
18.081,0.69293
17.602,0.69878
17.936,0.69107
18.007,0.68744
17.489,0.69968
19.284,0.67342
19.527,0.64574
19.333,0.66701
10.656,0.87258
10.974,0.86407
10.236,0.88443
11.459,0.84624
15.927,0.73065
17.662,0.70383
11.276,0.85772
16.247,0.72376
19.261,0.66555
18.716,0.67667
18.935,0.6658
12.908,0.8006
18.839,0.67355
11.447,0.84241
14.07,0.77489
15.957,0.72228
14.15,0.77028
12.311,0.82087
12.118,0.82151
11.8,0.83945
10.412,0.87366
10.636,0.86672
11.124,0.85854
11.417,0.848
11.123,0.86114
11.601,0.84127
11.016,0.85865
10.936,0.86081
11.438,0.84157
11.951,0.82462
14.264,0.76598
13.298,0.78603
14.672,0.75978
9.7036,0.89898
9.0958,0.91685
8.3739,0.94462
14.9,0.73806
12.672,0.79082
15.33,0.73553
15.402,0.73137
10.028,0.87445
15.237,0.72824
14.073,0.7566
13.371,0.77355
13.444,0.77214
10.512,0.85452
11.76,0.81237
13.476,0.77356
12.573,0.79862
8.2244,0.94835
8.1255,0.95058
7.3765,0.98155
11.144,0.84271
8.3508,0.93456
10.971,0.84578
11.459,0.82504
8.2185,0.94286
7.952,0.94607
9.466,0.89028
8.3023,0.93584
13.558,0.76738
8.7997,0.91015
10.929,0.83951
9.264,0.89309
10.814,0.84338
8.8668,0.9124
8.866,0.91
10.392,0.85435
8.6399,0.92119
10.175,0.86213
8.0292,0.94313
8.3626,0.92668
8.4317,0.91489
8.5016,0.91762
8.4052,0.92174
11.544,0.8154
11.272,0.82432
8.6258,0.91144
20.232,0.61894
8.5976,0.91326
8.867,0.89905
8.4968,0.91688
8.2376,0.93309
8.6125,0.91412
8.6167,0.91926
10.394,0.85332
8.1503,0.93651
9.9608,0.86221
9.2136,0.8899
8.4452,0.91806
8.0433,0.93659
10.127,0.86538
8.8351,0.91057
8.1016,0.93804
7.4148,0.96514
10.932,0.83657
7.5603,0.94827
11.178,0.82879
8.1887,0.93177
10.242,0.85918
8.4597,0.91982
8.8459,0.90772
8.319,0.92708
8.407,0.9229
7.9329,0.94
8.4537,0.91042
8.13,0.93468
7.4481,0.96087
7.3063,0.95619
7.9667,0.93183
9.0995,0.89267
11.158,0.82858
7.4117,0.9561
7.1617,0.97224
7.4444,0.9614
7.5244,0.95926
11.108,0.82792
7.4663,0.95732
10.693,0.84163
7.6261,0.94735
10.674,0.84479
6.838,0.98701
6.9156,0.98173
6.1172,1.02
6.5991,1.0003
7.8352,0.94429
7.7345,0.95484
10.087,0.86687
11.044,0.83684
7.6597,0.95799
14.564,0.74241
13.418,0.77164
7.4198,0.96307
12.18,0.80117
11.847,0.81367
11.641,0.81784
10.581,0.8465
10.824,0.83604
8.4725,0.92081
6.7932,0.98674
10.571,0.84986
9.0244,0.8987
9.7108,0.87405
7.2868,0.96349
7.1592,0.96807
6.9627,0.98027
7.0155,0.975
7.0196,0.97654
6.6428,0.99033
7.1269,0.97222
7.3725,0.95741
7.2845,0.96521
7.3038,0.96508
7.3772,0.96212
7.6573,0.94326
6.8506,0.98448
6.9667,0.98004
7.9359,0.94308
7.0242,0.97805
7.8659,0.94545
7.0959,0.97678
14.467,0.74307
9.1875,0.89046
9.1126,0.89499
9.4566,0.88517
7.4931,0.95824
9.6387,0.87527
7.7208,0.94343
9.9724,0.85977
7.3733,0.95948
9.572,0.87198
9.8006,0.86452
10.59,0.84548
7.5333,0.94344
14.853,0.72649
7.0151,0.97398
6.8949,0.98384
10.131,0.86151
16.871,0.6853
10.024,0.86252
7.5918,0.94945
7.615,0.95088
7.1276,0.97784
7.7429,0.94206
7.3767,0.96334
8.3687,0.9215
7.1589,0.9774
7.1659,0.97312
7.655,0.94766
7.8257,0.94092
7.2468,0.97122
7.1668,0.97261
8.4354,0.9192
8.1277,0.9317
8.4799,0.91715
8.7083,0.90622
8.7702,0.90428
7.9756,0.93862
8.5596,0.91103
8.4797,0.91332
8.5504,0.90898
8.7631,0.90099
8.4774,0.91568
6.5152,0.99922
7.791,0.94719
7.6911,0.94529
7.4904,0.95551
5.9131,1.0306
6.3668,1.001
6.0567,1.0216
5.9072,1.0283
6.1129,1.0106
6.0818,1.014
5.6389,1.0464
5.7602,1.0352
5.596,1.043
8.4536,0.90423
8.4697,0.9083
8.0145,0.92791
8.2464,0.91627
6.2965,1.0038
8.6929,0.8944
8.0599,0.92303
8.6908,0.90055
8.371,0.91107
10.651,0.82989
7.9345,0.92887
8.1205,0.92184
13.138,0.74966
9.8597,0.85405
8.4816,0.90295
6.729,0.98379
9.1884,0.88551
8.0774,0.92633
9.6076,0.86803
6.5624,0.98994
12.914,0.76942
7.9107,0.93047
7.8907,0.93511
8.0205,0.92712
9.4486,0.87627
6.174,1.008
8.2981,0.91497
7.6543,0.94229
9.1238,0.88527
7.9241,0.93191
8.0572,0.92595
6.656,0.98457
8.2367,0.92166
10.063,0.85562
8.6053,0.90005
7.4152,0.95664
6.9669,0.95818
8.1272,0.91858
7.2296,0.95549
7.7266,0.93143
7.265,0.95129
6.9845,0.96589
8.305,0.91223
8.5829,0.89888
8.328,0.91037
8.2311,0.91672
8.2982,0.91111
8.2114,0.91752
7.5537,0.94323
9.2521,0.87401
7.6865,0.94315
7.3204,0.95511
9.3455,0.87457
7.2839,0.95711
7.4022,0.94685
7.6988,0.93652
8.0972,0.92242
7.9905,0.9255
7.3604,0.9513
7.9418,0.92072
6.6331,0.98378
8.0129,0.92333
7.3987,0.95029
7.5418,0.94401
7.5645,0.94447
7.8505,0.93001
7.6683,0.93882
10.111,0.84744
8.1379,0.91776
7.1104,0.96331
7.5174,0.94298
7.7285,0.92814
6.0561,1.0138
9.0717,0.88779
6.2301,1.0067
8.2011,0.91287
8.7203,0.9082
7.2023,0.95724
13.059,0.76501
7.1289,0.96098
8.6794,0.90324
6.8528,0.97806
8.5143,0.90627
7.3103,0.95321
7.5886,0.94322
7.051,0.96964
6.757,0.97642
6.5201,0.98979
8.9398,0.8927
9.1076,0.88607
8.7699,0.90127
13.676,0.75561
9.8161,0.86534
6.8147,0.97502
8.7763,0.89583
7.1269,0.96312
6.4161,0.98891
7.0075,0.96399
6.9254,0.97192
7.9093,0.93045
6.58,0.9885
6.4961,0.99163
6.4044,0.99656
6.3572,1.0031
7.167,0.95931
6.9424,0.973
7.3509,0.94634
7.027,0.96585
7.205,0.96657
6.9774,0.96649
6.9322,0.97096
7.7737,0.93253
7.1086,0.96793
7.9438,0.92362
6.6859,0.98252
9.2112,0.88155
6.8513,0.97374
7.0266,0.96416
6.6986,0.98111
6.8822,0.97429
6.8535,0.97376
7.0579,0.95687
7.0323,0.96344
7.09,0.96201
7.8702,0.92712
6.6482,0.98071
7.7571,0.93136
6.2849,0.99437
6.0298,1.0089
6.0743,1.0112
5.7278,1.0236
6.0235,1.0135
9.986,0.86228
6.5988,0.98503
5.5844,1.0398
8.2374,0.91952
8.4236,0.90936
7.1015,0.95866
6.7436,0.9827
7.2651,0.95824
6.4264,0.99269
8.6293,0.8985
6.5623,0.98524
6.6171,0.98015
7.0702,0.95093
6.2228,0.99749
7.1104,0.95662
6.628,0.98341
6.979,0.96799
6.6604,0.98408
8.3571,0.90914
6.6294,0.98444
6.486,0.99073
6.9413,0.97115
6.4836,0.99182
8.4056,0.90713
5.8791,1.0142
6.3954,0.99099
7.9966,0.92071
9.8667,0.85744
7.8312,0.93482
7.2042,0.95242
8.103,0.9156
7.5207,0.93889
7.7693,0.92737
7.8237,0.92914
7.872,0.92971
7.8652,0.9302
6.159,1.0047
6.6688,0.9791
6.7331,0.97449
6.8139,0.97132
11.039,0.81916
5.6715,1.035
7.0197,0.96058
7.3335,0.95346
6.6409,0.97643
6.6193,0.98057
9.7565,0.85707
7.243,0.94907
7.1529,0.95403
7.1374,0.95221
6.4469,0.98874
8.1258,0.91643
7.4488,0.94449
7.4386,0.94665
7.8957,0.9292
7.5472,0.93766
7.2225,0.95082
7.1877,0.95469
7.0361,0.96253
7.8997,0.92503
7.2244,0.95448
8.4395,0.89918
11.814,0.80246
11.641,0.80274
11.548,0.80158
9.3833,0.87199
7.5981,0.93711
11.419,0.80629
11.355,0.81028
12.354,0.77916
10.058,0.84445
6.7312,0.9711
7.2387,0.94912
7.2367,0.95115
7.1015,0.95828
8.819,0.89532
10.602,0.83063
8.0493,0.91403
8.579,0.90298
8.6112,0.9036
8.8318,0.89156
8.7447,0.89673
10.222,0.84608
8.6544,0.8977
9.3957,0.87181
9.6866,0.86508
8.843,0.89421
11.435,0.80768
9.6012,0.86381
9.564,0.8688
9.4733,0.86854
9.6895,0.86213
8.0339,0.92301
8.772,0.89276
7.3837,0.94443
8.6922,0.89476
10.017,0.84457
7.0287,0.95688
8.2008,0.91387
8.465,0.89799
7.8502,0.93173
8.4448,0.90539
7.7771,0.93021
6.7657,0.9702
8.5578,0.89823
7.3465,0.94527
6.8439,0.96391
6.7253,0.97187
7.6259,0.93277
9.7269,0.85873
8.4615,0.90204
9.5298,0.86176
9.6031,0.86084
9.4475,0.8686
9.4979,0.86614
6.8613,0.96479
9.6262,0.85765
9.9209,0.8396
9.1227,0.879
9.1599,0.8791
6.1912,1.0089
9.7071,0.86214
9.633,0.86406
5.6232,1.0359
9.442,0.87306
6.6361,0.98663
8.4656,0.90834
7.4237,0.94817
8.3856,0.91275
7.6441,0.94041
6.9798,0.96742
6.6614,0.98551
10.077,0.84613
10.351,0.83961
10.238,0.84382
7.6904,0.93392
9.0951,0.87818
6.8757,0.96552
8.9577,0.88185
8.8658,0.89099
8.6937,0.89105
7.2904,0.94912
8.8484,0.88065
11.732,0.79978
8.0685,0.9189
8.5005,0.89892
7.4717,0.94868
9.0308,0.88215
8.7359,0.89274
8.5226,0.90506
8.5654,0.90335
8.1321,0.91843
8.7786,0.89357
9.5066,0.87432
8.6439,0.9008
8.6342,0.89959
6.5467,0.98035
9.0892,0.88326
9.204,0.87385
7.7917,0.9286
7.5727,0.94101
8.3449,0.90711
7.9541,0.92191
8.2009,0.91722
7.7134,0.93692
8.1424,0.92089
8.1941,0.91288
8.1101,0.91556
8.3839,0.90749
8.6165,0.89854
8.225,0.916
9.5552,0.86572
9.6343,0.86364
7.5438,0.93504
5.9791,1.0138
9.4165,0.8718
9.9063,0.85339
7.6159,0.93839
10.509,0.83422
9.7032,0.86172
9.0995,0.88426
6.0937,1.0084
7.9664,0.92022
7.3506,0.95082
9.3968,0.8708
7.6502,0.93589
7.662,0.93273
7.628,0.9382
9.2387,0.87998
9.3025,0.87774
9.3669,0.87338
8.2533,0.91228
8.3965,0.90729
8.1759,0.91628
8.65,0.89831
8.3134,0.91018
7.974,0.92229
9.5973,0.86609
8.291,0.90816
9.4312,0.86687
9.4991,0.86415
9.7997,0.84831
9.0922,0.88038
9.5767,0.8634
9.6844,0.86082
7.1178,0.95289
9.6562,0.86084
8.7223,0.89282
8.5588,0.90031
8.2772,0.90889
6.9193,0.96505
6.9007,0.96519
6.9151,0.96111
8.6474,0.89733
8.3841,0.90766
7.8771,0.92108
10.964,0.82288
11.042,0.82119
11.485,0.80549
11.138,0.81785
7.5443,0.94285
5.4862,1.0427
7.2198,0.95376
6.1034,1.0062
6.5212,0.99066
8.1206,0.91876
8.0594,0.91746
6.8708,0.973
9.4448,0.86748
7.837,0.92537
8.2694,0.9086
9.9777,0.8525
11.845,0.79994
11.12,0.81834
7.4405,0.94141
8.7314,0.90061
7.6939,0.93523
7.2006,0.95691
8.3135,0.90546
7.8493,0.931
8.1307,0.91645
8.7013,0.89056
8.426,0.90227
7.7402,0.93033
8.4156,0.90424
6.971,0.95585
8.378,0.90279
0.0544,2.244
8.6098,0.89709
7.9428,0.92138
6.0862,1.004
9.3026,0.87235
9.4604,0.87271
6.7829,0.97674
7.4047,0.94532
9.1039,0.88564
9.4305,0.87445
9.538,0.86749
6.8188,0.97299
9.733,0.86498
10.051,0.84811
7.8273,0.9282
7.7177,0.93408
9.5048,0.86962
9.6433,0.86094
9.718,0.8589
8.4396,0.90447
8.1455,0.91492
8.7052,0.89218
8.2521,0.90717
8.1676,0.91417
8.3717,0.90829
7.8985,0.92683
7.929,0.92281
8.2542,0.90701
8.6262,0.89405
6.3608,0.9879
9.2082,0.87113
7.3131,0.94095
6.904,0.96248
10.466,0.83044
8.9666,0.88382
7.3002,0.94511
7.3584,0.94061
9.0768,0.87863
7.0169,0.95589
7.1481,0.95179
6.7925,0.96862
7.8143,0.92779
6.7326,0.97019
6.8904,0.96196
6.518,0.97954
11.122,0.81295
10.768,0.82585
8.6588,0.89821
7.1025,0.95965
10.753,0.82871
10.723,0.83036
10.507,0.83779
10.782,0.83054
8.4546,0.89836
8.4573,0.90043
8.3683,0.90123
8.1781,0.91062
8.1739,0.91229
7.849,0.92347
8.1468,0.91759
8.4406,0.9008
7.2058,0.95007
8.1521,0.91318
8.7487,0.89086
8.1358,0.91677
10.202,0.83601
9.5738,0.86361
9.7683,0.85691
9.531,0.86345
10.097,0.84206
9.7703,0.85516
9.6002,0.8628
9.818,0.85439
6.1796,1.0043
6.942,0.9647
9.4823,0.86931
6.8833,0.96605
6.9016,0.96132
10.136,0.84014
8.2993,0.90484
8.3088,0.90363
10.024,0.84668
9.7872,0.85481
10.048,0.8467
7.6541,0.93207
9.4166,0.86782
9.2956,0.87612
8.3426,0.90612
6.9323,0.95874
8.3026,0.90468
8.0516,0.91873
8.132,0.9122
8.0819,0.91547
7.6835,0.93167
7.6278,0.93685
7.6676,0.93368
7.3922,0.95055
7.5999,0.93822
6.7969,0.97422
6.4201,0.99321
9.521,0.86318
7.5365,0.93657
9.377,0.87186
7.1336,0.95482
6.859,0.97127
9.0201,0.88542
7.8072,0.92982
8.4224,0.90237
9.844,0.85579
7.6651,0.93401
8.9992,0.888
9.8032,0.85931
9.5562,0.86634
9.6603,0.85919
10.39,0.8366
9.2551,0.87338
7.5134,0.93983
10.484,0.84097
9.7575,0.85749
6.6568,0.9796
7.6595,0.93501
6.7735,0.97781
7.5911,0.9355
9.5462,0.8674
9.6126,0.86639
6.5833,0.98114
7.1096,0.95078
7.0609,0.95544
7.0713,0.95106
7.3398,0.93718
8.1886,0.90882
7.9531,0.92131
6.8834,0.96667
6.9641,0.96187
6.9807,0.95634
7.5469,0.93886
7.1727,0.95089
7.6882,0.92749
9.7672,0.85152
7.871,0.91887
9.6969,0.85275
6.9822,0.95355
8.2191,0.90134
6.9915,0.95537
9.3863,0.86298
8.8272,0.88608
9.2069,0.87503
9.9745,0.84577
9.5802,0.86027
11.591,0.79829
9.7701,0.84939
9.1697,0.87316
11.513,0.79934
8.1492,0.90905
7.4847,0.93612
7.9379,0.9252
9.4668,0.86668
8.1678,0.90937
7.0157,0.95836
6.9573,0.95872
9.9446,0.85078
9.9611,0.83933
7.5728,0.92805
11.461,0.79879
10.297,0.83084
9.7096,0.85354
12.229,0.78016
8.2885,0.90536
7.0694,0.95156
9.7215,0.85189
7.787,0.92695
7.8998,0.92352
9.2004,0.87101
6.9143,0.95539
7.6369,0.93591
7.7681,0.92764
6.6476,0.98361
8.9975,0.88926
9.5478,0.86717
6.7505,0.96802
6.8692,0.96155
7.3387,0.94758
7.7546,0.92772
7.8364,0.92035
7.4315,0.94086
10.229,0.83816
8.0172,0.91118
6.0155,1.0009
6.0209,1.0023
6.3277,0.98399
6.2523,0.98974
6.099,0.99685
6.0075,1.0061
6.1008,1.0006
8.3162,0.90458
6.3343,0.98904
5.9755,1.0073
8.8491,0.87947
10.461,0.82736
6.7185,0.96682
7.3068,0.94061
6.9443,0.95556
7.815,0.92438
7.9675,0.91823
6.4882,0.98258
10.783,0.81812
8.7039,0.89625
7.8452,0.92213
8.8098,0.88503
9.0037,0.87901
9.7084,0.85529
7.6598,0.92489
9.8796,0.85417
9.7208,0.85599
10.933,0.82027
7.8349,0.9258
11.134,0.81039
10.948,0.81499
9.981,0.8443
10.336,0.83712
9.3886,0.86667
7.7505,0.92572
6.8443,0.95747
6.9917,0.9557
8.1452,0.90895
6.7969,0.9645
7.0853,0.95225
6.6574,0.96889
6.6482,0.97421
7.0683,0.95698
6.563,0.97426
7.5705,0.92529
7.9608,0.90964
6.9002,0.96198
6.9346,0.96129
7.0918,0.951
9.2885,0.86698
7.1946,0.94737
6.233,0.99425
9.0898,0.87285
7.0114,0.95678
7.4346,0.9368
6.8683,0.95818
8.8343,0.87989
7.5023,0.93456
5.8982,0.99859
6.5205,0.96093
6.1146,0.98711
10.127,0.82979
6.3618,0.97261
5.9191,0.99904
6.6422,0.96185
6.1874,0.98956
7.9677,0.90595
9.867,0.84133
6.3213,0.97746
5.7603,1.0066
10.315,0.81759
7.0543,0.94381
6.8056,0.9589
7.4203,0.93046
6.9751,0.93934
7.1421,0.93508
6.8723,0.95254
6.9688,0.94275
7.1337,0.93799
6.6399,0.96579
6.8875,0.94994
10.344,0.82153
9.7508,0.83912
6.0773,0.98173
8.6322,0.87472
9.1226,0.85371
9.0675,0.85476
9.5957,0.84346
6.2646,0.96942
7.4297,0.91546
7.2328,0.92377
7.0248,0.93434
8.3887,0.87988
5.6271,1.0021
7.9395,0.88902
8.1459,0.87762
7.8601,0.8938
7.5962,0.90127
7.7036,0.89736
7.5058,0.90737
7.2285,0.91975
7.0823,0.92663
9.8896,0.82396
7.4544,0.90582
7.4476,0.90358
7.518,0.89721
6.0087,0.96573
9.1075,0.84117
7.8052,0.87851
7.1006,0.91562
8.9373,0.83874
8.7322,0.84828
6.8294,0.92361
6.9908,0.91603
8.6475,0.84823
7.9877,0.87019
8.4404,0.85265
6.7392,0.921
7.7822,0.87851
9.5266,0.81827
9.8251,0.80471
7.0816,0.90389
6.9355,0.90829
6.898,0.9104
7.103,0.89778
6.7381,0.91385
6.7469,0.91127
8.1829,0.85327
8.9333,0.82504
6.9692,0.89999
8.9876,0.82282
8.4807,0.84182
8.3035,0.84497
6.7092,0.90835
7.6265,0.86893
7.5452,0.87152
7.4064,0.8784
6.372,0.92064
7.2694,0.87658
6.1941,0.9244
8.8569,0.81628
8.1401,0.84144
8.9894,0.81266
6.4075,0.91077
8.9274,0.81274
6.1943,0.91852
6.3098,0.90848
7.1756,0.87513
7.9444,0.84407
5.9153,0.92264
9.068,0.80493
7.7708,0.84469
11.011,0.74357
10.195,0.75199
8.2267,0.79725
5.93,0.91924
7.6595,0.84495
9.484,0.78002
7.925,0.83324
7.3576,0.85725
5.7772,0.92493
6.0428,0.90981
5.8305,0.92094
5.8328,0.91696
5.9035,0.91428
5.9951,0.91062
8.0359,0.82491
7.6624,0.83863
6.1845,0.89846
7.4693,0.84455
8.1291,0.81623
7.6731,0.83452
6.0069,0.90133
8.0413,0.8179
8.0272,0.81423
7.8946,0.82097
7.0973,0.85158
7.1695,0.84466
6.3528,0.87954
6.3697,0.87804
7.0408,0.84984
6.2025,0.8842
6.7991,0.8575
6.6179,0.86184
6.6079,0.86159
7.5286,0.81218
6.3559,0.87084
6.9744,0.84301
6.5601,0.85693
8.2953,0.79248
7.7855,0.81408
6.2713,0.87172
6.4216,0.86436
6.5383,0.85597
5.8725,0.8833
6.9135,0.84151
6.749,0.84509
7.5807,0.81313
6.3978,0.86099
6.5996,0.85025
6.8533,0.83731
6.4807,0.85402
7.0127,0.82779
9.8019,0.73797
8.7534,0.76783
9.1426,0.75661
6.7145,0.84241
8.8812,0.76248
8.9744,0.75968
8.699,0.76348
8.4932,0.77044
8.3627,0.77509
8.6069,0.76419
8.6567,0.76188
7.8708,0.78432
7.1528,0.80892
6.3801,0.8382
7.9447,0.7821
6.1652,0.84916
6.781,0.82456
6.3409,0.8394
6.8103,0.82104
6.186,0.84509
7.1208,0.80415
6.5187,0.82767
6.0943,0.847
9.0019,0.73997
7.6583,0.78275
7.0398,0.80656
7.2161,0.79844
7.3778,0.79218
7.358,0.79021
7.1292,0.79884
7.142,0.79694
7.2195,0.79449
7.1024,0.79837
6.9172,0.80252
7.4483,0.78054
5.9928,0.83826
7.0364,0.79234
6.719,0.80296
6.5102,0.8103
6.2144,0.8256
5.8531,0.83683
6.0245,0.8298
5.9564,0.83261
6.2061,0.82029
6.5711,0.80498
6.516,0.80592
6.5636,0.80441
5.9105,0.83073
6.0746,0.82094
5.813,0.83198
7.1985,0.77609
7.6193,0.75865
7.2851,0.77145
7.3261,0.77144
7.021,0.77903
7.183,0.77185
7.4651,0.76147
7.7283,0.75103
7.3807,0.75966
7.0161,0.77305
6.908,0.77488
6.8899,0.77525
6.9325,0.77298
7.0229,0.76868
7.0914,0.76453
7.1674,0.76193
6.8295,0.77491
6.7966,0.77593
6.3403,0.79318
6.9291,0.76904
6.9712,0.76657
6.9207,0.76827
6.3949,0.78744
7.1485,0.75831
6.7169,0.77402
6.6638,0.77069
7.195,0.7536
7.2392,0.75299
7.0363,0.7609
7.7114,0.73641
6.9265,0.76033
7.6471,0.73649
7.7363,0.73273
7.2165,0.74957
7.2313,0.74839
6.9793,0.75639
6.6831,0.76612
7.2081,0.7467
7.3022,0.74227
7.0339,0.75145
7.163,0.74687
6.763,0.76295
6.9566,0.75345
6.927,0.75364
6.5635,0.76733
6.7092,0.76104
6.6681,0.76191
6.2781,0.77749
6.7418,0.75744
6.7655,0.75645
6.645,0.76042
6.6457,0.75865
6.5864,0.76153
6.5768,0.76232
6.7228,0.75522
6.4169,0.76541
6.5695,0.76134
6.9911,0.74512
6.5789,0.75996
7.0142,0.7445
6.727,0.75413
6.6211,0.75699
6.6442,0.75578
6.4247,0.7635
6.4876,0.76026
6.3055,0.76744
6.6522,0.75223
6.3591,0.76228
6.6358,0.75058
6.798,0.74601
5.8105,0.78163
5.8196,0.78142
5.6959,0.78724
6.0811,0.76947
6.1316,0.766
6.0953,0.76724
5.9843,0.77238
5.7177,0.78373
5.8982,0.77508
6.0045,0.77005
5.7681,0.78078
6.4175,0.75686
6.1341,0.76507
5.9654,0.76847
5.8027,0.77532
6.1168,0.76304
5.9736,0.76894
6.2695,0.75508
6.3581,0.7508
2.795,0.94392
2.7144,0.95074
2.5254,0.96607
2.4549,0.97201
6.1093,0.76128
5.5505,0.78245
5.6864,0.77455
5.7403,0.77335
5.5426,0.78005
5.816,0.76627
5.5494,0.77739
5.8806,0.76416
6.0953,0.75664
5.7988,0.76897
5.9909,0.75813
5.6237,0.77451
5.8591,0.75945
5.6262,0.76976
5.3075,0.78172
5.6417,0.76657
5.8316,0.75906
6.037,0.75105
5.6066,0.77142
5.8175,0.75981
5.6164,0.76582
5.6052,0.76936
5.6294,0.76559
5.5436,0.7707
5.487,0.77166
5.5288,0.76756
5.4834,0.76979
5.7684,0.75516
5.5253,0.76748
5.6749,0.7584
5.5922,0.76261
5.9801,0.74871
6.2397,0.73408
6.157,0.73781
6.4925,0.72245
6.284,0.73261
5.3407,0.76766
5.2597,0.77062
5.4801,0.75929
5.3192,0.766
5.3701,0.76329
5.5012,0.75575
5.5468,0.75308
5.381,0.75839
5.4348,0.75513
5.521,0.75051
6.1852,0.7269
5.5795,0.74785
4.9495,0.77573
5.298,0.75754
5.8238,0.73332
5.683,0.73872
5.7421,0.73448
5.2366,0.75413
5.2831,0.75101
4.8573,0.77053
4.9065,0.76626
5.622,0.74
5.7357,0.73343
5.9509,0.72345
5.604,0.73751
5.5725,0.73789
5.7555,0.72986
5.3399,0.74864
5.5743,0.73762
5.1952,0.75502
5.4231,0.74308
5.5701,0.73619
5.3751,0.74445
5.3139,0.74654
5.3245,0.74609
5.183,0.75258
5.1917,0.75131
5.289,0.74721
5.2187,0.74951
5.183,0.75235
5.0906,0.75582
5.1108,0.7535
5.2554,0.74636
5.0091,0.75779
4.903,0.76293
5.0747,0.75376
5.0542,0.75352
4.9983,0.75521
4.3843,0.78064
4.589,0.77541
4.9471,0.75548
5.3486,0.73708
4.7401,0.76906
5.3785,0.73591
5.0339,0.75424
4.9876,0.75235
4.9738,0.7537
5.0436,0.75366
5.3288,0.73809
5.1214,0.74838
5.3899,0.73508
5.2377,0.74244
4.9948,0.75479
5.1511,0.74482
5.1056,0.74719
5.0788,0.7481
4.9428,0.75564
4.8726,0.75807
4.8476,0.75976
4.8508,0.75907
4.8615,0.75827
5.0077,0.75085
4.7371,0.76171
4.6606,0.7673
4.5938,0.77088
4.5394,0.77521
4.7532,0.76538
4.6184,0.7702
4.6043,0.77082
4.7787,0.76211
4.6826,0.76575
4.4709,0.7773
4.5087,0.77421
4.4234,0.77717
4.559,0.77001
4.6751,0.76121
5.0465,0.74551
4.8524,0.75533
4.9073,0.75303
4.9914,0.74962
4.8733,0.75472
5.0018,0.74773
4.5641,0.77153
4.7836,0.75801
4.7266,0.76184
4.882,0.75285
4.5963,0.76715
4.8795,0.75213
4.3335,0.78159
4.6054,0.76727
4.799,0.75796
4.4493,0.77431
4.7654,0.75769
4.515,0.77156
5.0763,0.74275
4.8455,0.75608
4.5082,0.77197
5.0984,0.74242
4.3051,0.78237
4.5126,0.77197
4.4707,0.77373
4.3522,0.78055
4.2246,0.78881
4.219,0.7883
4.2179,0.78879
4.2188,0.78738
4.4014,0.77749
4.3233,0.78025
4.3394,0.77955
4.626,0.76559
4.4932,0.772
4.7604,0.75824
4.3904,0.77702
5.0772,0.74296
4.8568,0.75463
4.4446,0.77508
4.7894,0.75718
4.5165,0.77162
4.2798,0.78404
4.5838,0.76773
4.474,0.77407
4.4129,0.77623
4.8186,0.75354
4.6514,0.76451
4.7384,0.75824
4.785,0.75474
4.8094,0.75434
4.6693,0.76138
4.8394,0.75133
4.7004,0.75994
4.792,0.75396
4.6231,0.7643
4.727,0.75643
4.6803,0.75875
4.2358,0.78318
4.9482,0.74621
4.9075,0.74867
4.4309,0.77286
4.4714,0.77004
4.2647,0.78182
4.6935,0.75764
4.4075,0.77428
4.2492,0.78272
4.4428,0.77193
4.6958,0.75799
4.8468,0.75045
4.4867,0.76722
4.5652,0.76246
4.4237,0.7702
4.8148,0.74935
4.7289,0.75306
4.6915,0.75602
4.5563,0.76226
5.0268,0.74107
5.041,0.7405
4.6866,0.75614
4.9858,0.74398
4.3695,0.77318
4.5421,0.76513
4.5376,0.76667
4.5427,0.76628
4.6388,0.76019
4.7691,0.75158
4.504,0.76709
4.5467,0.7645
4.7904,0.75097
4.6016,0.7613
4.3834,0.77362
4.3093,0.77697
4.3705,0.77324
4.881,0.74604
4.6736,0.75473
4.6971,0.75476
4.9853,0.74141
4.7134,0.75436
4.7549,0.75288
4.7895,0.75
4.6771,0.75515
4.5642,0.76115
4.6358,0.75883
4.939,0.74453
4.6302,0.75812
5.0481,0.73838
4.7353,0.75269
4.9335,0.74441
4.6201,0.75934
4.6281,0.7577
4.754,0.75441
4.8172,0.75173
4.892,0.74683
4.7818,0.75047
4.6811,0.75732
4.8284,0.74966
4.8319,0.74931
4.7774,0.75155
4.8288,0.7485
4.3624,0.76913
4.727,0.75294
4.5892,0.76179
4.821,0.74863
4.8292,0.74814
4.7646,0.75128
4.2863,0.7758
4.7588,0.75158
4.82,0.74835
4.3542,0.77211
4.752,0.74964
4.4488,0.76663
4.9489,0.74216
4.3442,0.77161
4.4487,0.7659
4.4608,0.76628
4.5887,0.75857
4.5334,0.76221
4.6482,0.75719
4.5938,0.76001
4.7632,0.75172
4.678,0.75466
4.7673,0.74954
4.4763,0.76563
4.8457,0.74827
4.6166,0.76001
4.9833,0.74048
4.6506,0.75842
4.5657,0.76126
4.5797,0.75979
4.3089,0.77367
4.4294,0.76681
4.5825,0.75952
4.3367,0.77185
4.696,0.75424
4.6949,0.75545
4.7585,0.75313
4.6098,0.76057
4.6848,0.75771
4.7271,0.75393
4.7609,0.75246
4.3697,0.7692
4.7977,0.74947
4.8287,0.74806
5.0389,0.73713
4.5998,0.75923
4.5014,0.76401
4.5461,0.76081
4.5738,0.7599
4.7382,0.75234
4.5662,0.76212
4.8455,0.74811
4.9997,0.74193
5.0893,0.73689
4.642,0.75682
4.6826,0.75698
4.5054,0.76423
4.5871,0.76203
4.5094,0.76421
4.9111,0.74432
4.0387,0.78924
4.5306,0.7628
5.0069,0.73878
4.7307,0.75284
5.3925,0.72437
4.9696,0.74071
4.9048,0.74411
4.9249,0.74453
4.5142,0.76226
4.7153,0.7542
4.438,0.77011
4.5025,0.76504
4.5451,0.76359
4.5714,0.76165
4.5287,0.76376
4.619,0.7588
4.6844,0.75581
4.6439,0.75823
4.4434,0.76713
4.4852,0.76532
4.7534,0.75125
4.5785,0.75964
4.6351,0.75769
5.1258,0.73472
4.4878,0.76581
4.2013,0.78141
4.4552,0.76698
4.8996,0.74407
4.5437,0.76189
4.6407,0.75678
4.6236,0.75854
4.3382,0.77345
4.4986,0.76531
4.5566,0.76176
4.6373,0.75752
4.8155,0.74827
4.8211,0.74897
4.6768,0.75434
4.5707,0.7594
4.5779,0.75948
5.1497,0.73072
4.4187,0.76944
4.5486,0.76233
4.6439,0.75764
4.7236,0.75255
4.9903,0.74013
4.3819,0.7692
4.751,0.75014
4.604,0.75782
4.4961,0.76443
4.6484,0.75584
4.4597,0.76496
4.6519,0.75389
4.5278,0.76056
4.5746,0.75855
4.9064,0.7422
4.5405,0.75965
4.4661,0.76389
4.3974,0.76783
4.627,0.75573
4.5536,0.76077
4.1365,0.78262
4.4783,0.76528
4.4421,0.76586
4.4909,0.76492
4.637,0.75668
4.5333,0.76294
4.4447,0.76649
4.456,0.76661
4.5111,0.76272
4.5189,0.76217
4.1581,0.78258
4.2154,0.77846
4.2726,0.77565
4.2709,0.77515
4.2321,0.77701
4.3425,0.77075
4.3574,0.77037
4.4172,0.76594
4.4166,0.76641
4.0705,0.7871
4.4571,0.76554
4.5651,0.7585
4.3719,0.76779
4.4995,0.76239
4.5972,0.75615
4.5213,0.76248
4.7998,0.74807
4.7138,0.75307
4.6925,0.75352
4.6733,0.75403
4.6656,0.75483
4.6621,0.75463
4.7891,0.7486
4.137,0.78331
4.2106,0.77894
4.2417,0.77757
4.1807,0.78074
4.5173,0.76175
4.5896,0.75873
3.9956,0.78827
4.5048,0.76117
4.498,0.76124
4.9808,0.73946
4.9978,0.73958
4.927,0.74328
4.7729,0.74843
4.501,0.76209
4.8111,0.7475
4.563,0.75902
4.62,0.75517
4.2174,0.77777
4.6363,0.75367
4.4638,0.76507
4.7559,0.74901
4.6583,0.75386
4.7024,0.75159
4.6064,0.75711
4.6954,0.75266
4.025,0.78945
4.3819,0.77072
5.0114,0.73723
4.2326,0.77915
4.7487,0.75048
4.8018,0.74786
4.6761,0.75374
4.7399,0.75106
5.0258,0.73767
4.7284,0.75207
4.7093,0.75283
4.7109,0.75203
4.8142,0.74673
4.6599,0.75399
4.4427,0.7668
4.5158,0.76221
4.5968,0.75765
4.4978,0.76388
4.5897,0.75737
4.218,0.77881
4.773,0.74858
4.6938,0.75288
4.6691,0.75385
4.7157,0.75098
4.6794,0.75318
4.3116,0.77226
4.5445,0.7605
4.3871,0.76698
4.6191,0.75687
4.3394,0.77256
4.3959,0.76807
4.2613,0.7777
4.9356,0.74001
4.7439,0.74997
4.7625,0.74917
4.4129,0.76697
4.5331,0.76169
4.3508,0.76918
4.5756,0.75824
4.6154,0.75655
4.5401,0.76146
4.6452,0.7557
4.6709,0.75461
4.598,0.7584
4.5255,0.76247
4.727,0.75106
4.5551,0.7602
4.3004,0.77116
4.3547,0.76967
4.2017,0.77437
4.6959,0.75174
4.7041,0.75124
4.64,0.75503
4.466,0.7649
4.2828,0.77271
4.6892,0.75225
4.4175,0.76582
4.4542,0.76379
4.9871,0.74063
4.9034,0.74103
4.8375,0.74528
4.7292,0.75012
4.743,0.74931
4.7168,0.75088
4.8138,0.74552
4.4986,0.76246
4.8147,0.74577
4.6984,0.75137
4.9027,0.7413
4.6357,0.75478
4.7468,0.74826
4.3973,0.76471
4.3215,0.77127
4.1831,0.77783
4.0174,0.78807
4.5692,0.75678
4.301,0.77226
4.55,0.75849
4.4445,0.76431
4.36,0.769
4.6859,0.75166
4.6563,0.75219
4.4673,0.76094
4.6289,0.75411
4.6573,0.75265
4.7628,0.74723
4.3363,0.76977
4.5454,0.75821
4.2407,0.77714
4.3169,0.77214
4.227,0.77882
4.2189,0.77842
4.0594,0.78836
4.0448,0.78868
4.048,0.78885
4.3802,0.76724
4.1322,0.78192
4.3207,0.76971
4.2244,0.77452
4.0282,0.78349
4.2409,0.77322
4.1569,0.77817
4.2506,0.77356
4.1539,0.78013
4.1211,0.78173
4.1713,0.77959
4.1488,0.7796
4.0008,0.79035
4.1279,0.78262
4.1965,0.77889
4.1953,0.77801
4.2109,0.77797
4.1341,0.78135
4.2349,0.7737
4.1398,0.78019
4.1632,0.77819
4.0722,0.78511
4.2,0.77676
4.5164,0.75896
4.4121,0.76475
4.1902,0.77662
4.3588,0.76753
4.3487,0.76907
4.2946,0.77146
4.519,0.75881
4.5447,0.75736
4.4505,0.76163
4.5226,0.75972
4.4409,0.7622
4.3245,0.76959
4.6725,0.75024
4.4655,0.7625
4.4402,0.764
4.4208,0.76433
4.5961,0.75594
4.4377,0.76337
4.4443,0.76267
4.3358,0.76932
4.5489,0.75761
4.4219,0.76418
4.6154,0.7553
4.4053,0.76537
4.3945,0.76547
4.627,0.75247
4.4807,0.76129
4.8147,0.74463
4.6552,0.75311
4.6064,0.75624
4.6226,0.75521
4.3958,0.76597
4.7863,0.74769
4.4003,0.76608
4.3572,0.76963
4.6564,0.75448
4.4175,0.76416
4.4682,0.76107
4.5778,0.75586
4.5521,0.75787
4.4474,0.76325
4.5009,0.76006
3.9436,0.79202
4.5055,0.75936
4.5719,0.75647
4.6272,0.75306
4.5271,0.75866
4.5507,0.75811
3.9216,0.79315
4.0787,0.78353
4.2859,0.77193
4.8127,0.74448
4.3661,0.76585
4.1903,0.77716
4.0568,0.78385
4.3586,0.76517
4.1441,0.78064
4.4428,0.76274
4.2197,0.7769
4.4198,0.76439
4.2666,0.77607
4.0059,0.78858
4.1912,0.77768
4.1265,0.78045
4.1781,0.77929
4.0681,0.7851
4.1879,0.77755
4.2857,0.77128
4.1473,0.77984
4.3531,0.76678
4.0469,0.78635
4.3445,0.76816
4.0422,0.78531
4.202,0.77615
4.4085,0.76596
4.0126,0.78895
4.4945,0.76044
4.0397,0.78605
4.5415,0.75619
4.2537,0.77439
4.3885,0.76638
4.3751,0.76812
4.5671,0.75646
4.257,0.77339
4.2392,0.7744
4.5116,0.75891
4.7244,0.74722
4.4324,0.76303
4.51,0.76044
4.4577,0.76133
4.7428,0.74744
4.7436,0.75021
4.4187,0.76545
4.72,0.74923
4.684,0.75128
4.4436,0.76399
4.0338,0.78624
4.5329,0.75915
4.575,0.75614
4.4952,0.7598
4.6439,0.75244
4.4635,0.7623
4.6054,0.75292
4.5828,0.75571
4.274,0.77339
4.494,0.76066
4.2568,0.77464
4.2182,0.77722
4.06,0.78685
3.987,0.78986
3.9575,0.79139
3.9602,0.79157
3.9986,0.78874
4.5496,0.75906
3.9422,0.79345
4.6565,0.7529
3.8813,0.79742
4.5747,0.75705
4.2855,0.77316
4.1593,0.77984
3.9626,0.79093
4.5319,0.75859
4.6175,0.75482
4.6775,0.75083
4.0524,0.78496
4.585,0.75358
4.3301,0.76777
4.03,0.78617
4.0984,0.78183
4.2432,0.77369
4.2976,0.76954
4.3724,0.76519
4.2848,0.77079
4.0919,0.78083
4.1639,0.77674
4.0346,0.78438
4.3576,0.76568
4.3227,0.76763
4.4967,0.75832
4.35,0.76664
4.076,0.78436
4.1062,0.78201
4.07,0.78369
4.1128,0.78202
4.4593,0.76145
3.9078,0.79354
4.1857,0.77724
4.2681,0.77233
3.9465,0.79102
4.0836,0.78198
4.3247,0.76819
4.4818,0.76021
3.9507,0.79079
3.881,0.79503
4.1608,0.77966
4.3158,0.76839
4.0793,0.78412
3.9275,0.79323
4.6661,0.75267
4.6499,0.75437
4.9151,0.74077
4.6774,0.75199
4.0793,0.78521
4.6253,0.75452
4.7954,0.74538
4.7447,0.74762
4.1131,0.78298
4.0079,0.78932
4.9002,0.74046
4.2841,0.77105
4.125,0.78056
4.22,0.77517
4.2707,0.77177
4.5873,0.75298
4.5887,0.75321
4.4347,0.76062
3.9658,0.78636
4.5815,0.75217
4.282,0.77076
4.4322,0.76116
4.177,0.77766
4.5059,0.76056
4.4343,0.76436
4.5112,0.76077
4.526,0.75931
4.0886,0.78521
4.0165,0.7893
4.6564,0.75216
4.5103,0.76076
4.3955,0.76575
4.7234,0.74857
4.2505,0.77495
4.2632,0.77259
3.9243,0.79214
4.3417,0.76703
4.2945,0.77051
4.27,0.77236
4.4939,0.7597
4.1373,0.77974
4.5342,0.75685
4.0946,0.78201
4.7352,0.74658
4.6166,0.75303
4.4589,0.76167
4.6433,0.75155
3.7999,0.80127
3.9596,0.79094
3.8986,0.79476
3.877,0.79656
3.9729,0.78911
3.8906,0.7951
3.8136,0.7997
3.91,0.79329
3.9173,0.79269
4.0772,0.78251
3.9106,0.79265
4.0283,0.78622
4.5211,0.75798
4.3947,0.76362
4.36,0.7669
4.7176,0.74713
4.4698,0.76083
4.5727,0.75581
4.5277,0.75732
4.3356,0.7686
4.4714,0.76126
4.0192,0.7861
4.5554,0.7549
4.5243,0.75764
4.4778,0.75912
4.2143,0.77313
4.1905,0.77346
4.253,0.77144
4.0264,0.7839
4.5034,0.75886
4.2459,0.77332
4.4475,0.76188
4.1344,0.77797
4.2373,0.77102
4.1545,0.77563
4.3037,0.76645
3.9574,0.78922
4.1544,0.7767
4.2561,0.77138
4.3201,0.7676
4.3147,0.76827
4.4212,0.76273
4.1455,0.77727
4.2059,0.77511
4.1814,0.77578
4.3216,0.76884
4.0952,0.77996
4.166,0.77499
4.1112,0.78164
4.1087,0.78145
4.3786,0.76456
4.2047,0.77593
4.3321,0.76686
4.1376,0.77963
4.2231,0.774
3.9727,0.78834
4.3858,0.76478
4.289,0.76948
4.4791,0.75947
4.501,0.75726
3.8351,0.79759
3.9614,0.78896
3.9293,0.79106
3.7362,0.80412
3.7921,0.79985
4.0796,0.78251
3.969,0.78972
4.0997,0.78265
3.8652,0.79732
4.1363,0.7805
4.0124,0.78787
4.0487,0.78468
4.7217,0.74464
4.0003,0.78505
4.2416,0.77344
4.113,0.78042
3.7656,0.80017
4.1504,0.77756
4.213,0.77527
4.0446,0.7863
4.085,0.78066
4.2892,0.77302
4.1236,0.78146
4.5517,0.7567
4.0358,0.7839
3.9427,0.79006
4.0458,0.78402
3.9677,0.78835
4.0502,0.78377
4.0324,0.78493
4.1422,0.77851
4.1224,0.77963
4.1563,0.77843
4.1853,0.77567
4.0497,0.78387
4.0208,0.78554
4.2836,0.76948
4.1086,0.78099
4.0637,0.78392
4.0272,0.78322
3.9766,0.78827
4.0041,0.78642
4.0847,0.78187
4.1909,0.77461
4.1755,0.77625
4.2486,0.77135
4.0561,0.78332
4.2337,0.77401
3.9916,0.78784
4.0312,0.78574
3.9504,0.78951
3.8812,0.79412
4.0119,0.7865
4.1095,0.78037
4.6173,0.75367
3.8239,0.79751
4.0587,0.78374
4.0388,0.78472
3.9112,0.7921
4.1195,0.77986
3.8637,0.79451
4.1564,0.77811
4.1856,0.77526
4.0205,0.78483
4.1708,0.77603
4.0776,0.78348
4.0384,0.78528
3.9866,0.78858
4.2464,0.77422
4.1993,0.7771
4.0765,0.78496
4.1555,0.77931
4.3897,0.76448
4.2232,0.77252
3.9857,0.78636
4.2458,0.77042
4.0389,0.78405
4.2726,0.76966
3.7465,0.80258
4.162,0.77714
4.1187,0.77862
4.0466,0.78428
5.1065,0.73116
4.1776,0.77669
3.8259,0.79649
3.9475,0.78911
4.2954,0.76742
4.1588,0.7777
4.1314,0.77862
4.5304,0.75409
4.0539,0.78164
4.2585,0.77198
4.2392,0.77172
4.2259,0.7701
4.5292,0.75421
4.1615,0.77675
3.9722,0.78663
4.0531,0.78246
4.0427,0.78388
4.0556,0.78252
3.9489,0.78949
3.9879,0.78757
3.9292,0.7896
4.2001,0.77259
4.153,0.77528
4.0325,0.78284
4.0493,0.78177
4.0595,0.78025
4.6646,0.74546
3.9783,0.78629
3.978,0.78636
3.9594,0.78785
3.9742,0.78677
4.5805,0.75212
4.648,0.74703
4.052,0.77972
4.4588,0.75692
3.9235,0.78859
3.7966,0.79431
4.0302,0.78101
4.2991,0.7652
4.852,0.73576
4.537,0.75179
4.2247,0.76985
3.8591,0.79038
3.7945,0.79435
4.6495,0.74602
3.9221,0.78584
4.0969,0.77691
4.251,0.7674
4.0535,0.77893
4.04,0.7803
3.7648,0.79471
3.7767,0.79392
3.9603,0.78336
3.8323,0.79116
3.8919,0.78681
3.6584,0.80225
3.8397,0.78911
3.869,0.78758
3.7682,0.79409
3.8281,0.78953
3.7905,0.79283
3.9013,0.78669
3.6817,0.79726
3.9585,0.7815
3.8463,0.78725
4.0544,0.77474
4.0017,0.77814
3.8161,0.78928
3.9312,0.78079
4.1106,0.77221
3.7557,0.79212
4.0096,0.77606
4.0837,0.77149
3.8595,0.78555
3.7356,0.79379
3.9567,0.78026
3.7885,0.7901
4.0815,0.7719
3.9561,0.77898
3.9282,0.77982
3.933,0.77957
4.0131,0.77481
3.9239,0.77911
3.7359,0.79065
3.7711,0.78716
4.0967,0.76561
3.6724,0.79218
4.2499,0.7563
4.089,0.76564
4.2588,0.75443
4.3323,0.74959
3.9323,0.77443
4.2752,0.75294
4.309,0.75254
4.0874,0.7647
4.0982,0.76375
4.1578,0.75909
4.2719,0.75264
3.9676,0.7716
4.0644,0.76405
3.8954,0.77368
4.1908,0.75661
4.2969,0.74963
4.194,0.7545
4.1452,0.75796
3.9698,0.76788
4.0804,0.76224
3.2521,0.81375
4.1477,0.75771
3.4567,0.79862
4.1263,0.7568
4.1929,0.75232
4.1761,0.75268
3.5086,0.79532
4.2673,0.74837
4.1588,0.75302
4.0161,0.76321
4.1255,0.75287
4.1888,0.75002
3.9942,0.76058
4.2251,0.7474
3.6205,0.78244
4.064,0.75271
3.4898,0.79399
3.9782,0.75923
3.6398,0.78324
3.7404,0.77696
3.5917,0.78669
3.7031,0.77927
3.6256,0.78315
3.7541,0.77456
3.8192,0.76987
3.6266,0.78102
3.6967,0.77666
3.8393,0.76676
3.6234,0.7793
3.7422,0.77358
4.387,0.73135
3.6519,0.77763
4.0181,0.753
3.9779,0.75702
4.0223,0.75226
4.1176,0.74573
4.3033,0.73409
3.8695,0.75874
4.0046,0.75294
3.6316,0.77327
3.9972,0.75234
3.7167,0.76911
3.8111,0.76309
3.9886,0.751
4.0822,0.74592
3.9952,0.74956
4.0377,0.74865
3.8121,0.76062
3.9903,0.74776
4.1571,0.73814
4.1735,0.73529
3.7833,0.758
4.1776,0.73096
3.9842,0.74233
4.455,0.71317
4.103,0.73248
4.1267,0.73231
4.1079,0.73135
4.0819,0.73346
4.0619,0.73457
4.2851,0.71989
4.3449,0.71567
4.0924,0.73205
3.4794,0.7693
3.2688,0.78417
3.3237,0.77933
3.2521,0.78616
3.4826,0.77133
3.3049,0.78612
3.1794,0.79874
3.2829,0.79156
3.3223,0.79059
3.2865,0.79327
3.2326,0.79625
3.3416,0.78795
4.2535,0.72891
4.214,0.73035
4.383,0.71908
4.1287,0.73322
4.1328,0.73162
4.3483,0.72056
4.6053,0.70777
3.5095,0.7713
4.5426,0.71268
4.1474,0.73174
4.021,0.74091
3.9731,0.74394
4.3965,0.72019
4.3337,0.72366
4.0175,0.7389
4.1267,0.73268
3.4897,0.76987
3.9532,0.74027
3.7314,0.75319
3.3224,0.78137
4.2542,0.72037
3.9676,0.73924
3.4171,0.77627
3.922,0.7438
4.5353,0.70764
4.2149,0.72533
3.5087,0.76771
4.7347,0.69709
4.8636,0.69013
3.6459,0.759
3.1942,0.7898
3.3179,0.77962
4.683,0.6986
4.2347,0.7217
4.2214,0.72367
4.6721,0.70056
3.197,0.78937
3.0848,0.79959
3.3826,0.77372
3.1572,0.79333
3.3775,0.77688
3.3345,0.78067
3.9034,0.7442
3.4032,0.77678
3.3048,0.78438
3.2915,0.78347
3.2341,0.78831
3.3719,0.77909
3.0339,0.8045
4.0518,0.73449
3.4326,0.77389
4.0957,0.73352
3.1201,0.79715
3.2838,0.78263
3.1437,0.79443
3.2937,0.78023
3.4804,0.76784
3.4838,0.76693
3.4951,0.76584
4.242,0.71775
4.1372,0.72092
3.6282,0.75561
4.2215,0.7194
3.4224,0.77242
3.3364,0.77919
3.4189,0.7729
3.5299,0.76344
4.0248,0.72836
3.2435,0.77927
3.4716,0.76135
3.499,0.76038
3.5739,0.75362
3.69,0.74711
3.5714,0.75437
3.3463,0.77243
3.5095,0.76153
3.4498,0.7655
3.6191,0.75385
3.6501,0.75097
3.5011,0.76109
3.5673,0.75355
3.5298,0.75554
3.4542,0.76231
3.2837,0.77011
3.4945,0.75754
3.5803,0.75015
3.9632,0.72762
3.8964,0.73186
3.9016,0.72994
4.2395,0.70905
3.9765,0.72635
4.3576,0.70408
3.5074,0.75752
4.0534,0.72202
4.2982,0.70368
3.3224,0.7648
4.1497,0.71091
4.1116,0.71328
4.4983,0.69189
4.6092,0.68485
4.3521,0.69859
4.3046,0.70335
4.4527,0.69413
4.0867,0.71336
4.1013,0.71213
4.2119,0.70654
3.7096,0.7355
4.0407,0.71654
3.2318,0.76748
3.0566,0.78107
3.954,0.71915
4.1223,0.70921
3.7227,0.73446
3.8702,0.72464
3.9028,0.72239
3.932,0.71942
3.9807,0.71662
3.9518,0.7197
3.9092,0.72135
3.9083,0.72328
2.999,0.77981
2.986,0.78345
3.1222,0.77066
3.0656,0.7754
3.2331,0.76464
3.078,0.77701
3.049,0.78215
3.0745,0.77638
3.0944,0.7745
2.9856,0.78241
3.1971,0.7643
3.0927,0.77212
3.2439,0.7621
3.2863,0.75768
3.1854,0.76674
3.1727,0.76735
3.3382,0.75362
3.1962,0.76577
3.078,0.77483
3.1182,0.77154
3.4015,0.74997
3.2752,0.76036
3.0653,0.77487
3.1214,0.7702
2.8991,0.7839
3.1089,0.76719
3.093,0.7691
3.2028,0.7601
2.9802,0.77771
3.5363,0.74094
3.0139,0.77637
2.8837,0.78636
3.1527,0.76576
3.0457,0.77446
3.0514,0.77346
2.9447,0.78196
3.9208,0.71366
3.6929,0.7253
4.4082,0.68245
4.1539,0.69224
4.0605,0.69817
4.2908,0.68832
3.8187,0.71209
4.19,0.69565
4.3091,0.68611
4.6448,0.66866
4.2831,0.69086
3.6426,0.72673
3.3801,0.74328
3.6816,0.72377
3.7387,0.7221
3.629,0.7263
4.0141,0.70517
3.4625,0.73665
4.0525,0.7028
4.1156,0.69703
4.3277,0.68318
4.2126,0.69278
3.778,0.71852
3.8734,0.71263
2.7062,0.79381
4.0388,0.70058
4.1917,0.68928
3.8957,0.70389
4.0078,0.69655
3.8221,0.70837
2.9372,0.76909
3.3102,0.74271
3.1815,0.75142
3.1231,0.75542
2.937,0.76966
3.1956,0.74976
3.0096,0.76324
3.0389,0.76099
3.0165,0.76313
2.8754,0.77359
3.0571,0.75865
2.9589,0.76617
3.0072,0.75927
2.8625,0.77302
3.0113,0.75922
2.8652,0.77152
4.1379,0.68426
2.7813,0.78019
2.9461,0.76923
2.5644,0.80435
2.7317,0.78853
3.288,0.74305
4.3925,0.67471
2.8861,0.7752
2.9905,0.76709
2.9873,0.76681
3.0393,0.76252
2.8065,0.78083
2.8138,0.7798
3.0557,0.75928
2.9765,0.76197
3.8868,0.70093
4.3768,0.67381
4.0296,0.69145
2.872,0.77063
4.4232,0.67089
2.8949,0.77273
3.1105,0.75428
3.1121,0.75375
3.0886,0.75629
2.975,0.76712
3.7334,0.70937
2.7039,0.78619
4.3175,0.67636
4.1515,0.68539
4.1334,0.68714
2.8314,0.77644
3.9754,0.69787
2.9212,0.76578
4.2631,0.67971
4.2729,0.67912
2.5898,0.7962
4.2151,0.68295
4.1913,0.68531
2.4416,0.8081
2.6771,0.78649
2.4972,0.80338
2.743,0.78299
2.9147,0.76608
2.7946,0.77737
2.6148,0.7929
2.2962,0.82579
2.8003,0.78091
2.6003,0.79531
3.6964,0.7153
2.5648,0.79867
3.0424,0.76017
4.4854,0.66831
3.8971,0.6994
3.3547,0.73669
2.9318,0.7706
2.8802,0.77444
3.0607,0.759
3.1787,0.75007
2.9667,0.76587
2.8616,0.77533
3.7719,0.70603
2.9295,0.77058
2.9362,0.76822
2.9127,0.76892
3.0119,0.76214
2.581,0.80157
2.773,0.78232
2.9392,0.76846
2.7354,0.78456
3.0041,0.75963
3.0236,0.75874
3.0196,0.75801
2.8289,0.77543
2.9369,0.76294
3.0895,0.75347
3.2088,0.74512
3.2353,0.74319
3.2398,0.74397
3.0747,0.75641
3.0687,0.757
3.0394,0.76048
3.1547,0.74968
3.1576,0.74912
3.1659,0.74877
3.0663,0.75461
2.9632,0.76373
2.9994,0.7569
3.0906,0.74917
2.7885,0.77793
0.38399,1.1986
2.8703,0.7705
2.9249,0.76728
2.9181,0.76879
2.7767,0.78189
2.9116,0.76959
2.9159,0.76769
3.0094,0.75792
3.0412,0.756
3.1014,0.75121
2.922,0.76418
2.9056,0.76779
2.8999,0.76749
3.2477,0.74009
2.9729,0.76159
3.0843,0.75091
2.8417,0.77125
2.8275,0.77101
2.9299,0.76333
2.9773,0.75889
3.1328,0.7489
2.8763,0.77163
2.7787,0.78161
3.0552,0.75705
3.2019,0.74672
2.9008,0.77086
3.0521,0.75782
2.9915,0.76199
2.9652,0.76409
2.9039,0.76749
3.0054,0.75818
2.9738,0.76233
2.8182,0.77303
2.9091,0.76524
2.6715,0.78681
2.8844,0.76895
2.692,0.78628
2.8501,0.77597
2.5586,0.79935
2.9634,0.76543
2.9281,0.76779
3.0414,0.75862
2.9751,0.76189
3.0943,0.75081
2.965,0.76064
2.6645,0.78629
2.8481,0.76985
2.9107,0.76505
3.7168,0.70769
3.9643,0.69269
3.8969,0.69698
2.8476,0.77141
2.6791,0.78231
2.5727,0.79195
2.6562,0.78461
3.801,0.7013
2.6794,0.78238
2.7769,0.77754
2.7113,0.78336
2.9123,0.76663
4.0019,0.69001
2.946,0.76271
3.0917,0.75095
2.8921,0.76843
2.8906,0.76814
2.9273,0.76291
2.9282,0.76387
3.1627,0.74461
3.2178,0.74054
3.6671,0.70904
3.811,0.69977
3.5715,0.714
2.8341,0.76897
3.8853,0.69506
2.7894,0.77239
4.1537,0.68142
2.9463,0.76299
2.9414,0.75915
4.4628,0.66412
2.8761,0.76659
2.7886,0.77495
3.0572,0.75114
3.2448,0.73815
3.1004,0.75073
3.2627,0.73901
4.4282,0.66539
2.9326,0.76426
3.1194,0.75071
3.1077,0.75022
3.1292,0.74859
4.0684,0.68433
3.122,0.74851
3.1449,0.74765
3.1256,0.74776
3.1284,0.74994
2.9308,0.76699
3.2934,0.73509
2.9737,0.76149
2.8579,0.77288
2.8548,0.77108
2.9587,0.76233
2.8751,0.76828
2.9372,0.76355
2.7912,0.77723
3.0075,0.76027
3.025,0.7556
3.0857,0.75252
2.9901,0.75914
3.0591,0.75327
2.7829,0.77617
3.2181,0.74006
2.9232,0.76477
3.0106,0.75632
2.899,0.76489
3.1503,0.74362
2.767,0.77304
2.9307,0.75883
3.0836,0.74807
2.9139,0.76256
2.8082,0.76869
2.8896,0.76498
2.9368,0.76166
3.1496,0.74497
3.0938,0.74854
2.8309,0.77246
2.8096,0.77197
2.7899,0.77523
2.7488,0.77497
2.7981,0.77402
2.7923,0.77002
2.8165,0.77111
2.4558,0.8049
2.5582,0.794
2.7441,0.77742
2.5226,0.80032
2.7628,0.77758
2.6141,0.78965
2.5989,0.79141
2.577,0.79356
2.7175,0.78096
2.4258,0.80677
2.5397,0.79566
2.8544,0.77004
2.9703,0.76043
2.9688,0.76184
3.0835,0.75188
2.8566,0.76983
2.5757,0.7952
2.5303,0.79901
2.9209,0.7623
2.7904,0.77299
2.5527,0.79221
2.7589,0.7725
2.6776,0.78011
2.6503,0.785
2.7403,0.77606
2.5958,0.79027
2.5983,0.79048
2.7511,0.77731
2.712,0.77858
2.6646,0.78475
2.6859,0.78202
2.8334,0.7686
2.8553,0.76399
4.2387,0.6756
4.4491,0.66381
2.5341,0.79029
3.6319,0.71015
2.622,0.78832
3.4933,0.7174
3.6489,0.71039
3.5847,0.71486
3.8637,0.69813
4.4444,0.66487
4.0233,0.68657
2.8346,0.76757
4.2257,0.67465
2.378,0.8093
2.6857,0.77729
2.3911,0.80481
2.5328,0.79361
3.4468,0.72419
3.1184,0.7481
2.8414,0.76662
2.6266,0.78626
2.6922,0.77937
2.4645,0.8017
3.0802,0.75283
2.7103,0.77808
2.835,0.7714
2.9053,0.76359
3.0325,0.75514
3.0705,0.75116
2.7674,0.77619
2.8309,0.76946
2.937,0.76053
3.08,0.74806
2.9015,0.76296
3.0102,0.75441
2.7466,0.77166
3.1059,0.74593
2.6829,0.77915
3.8895,0.69252
4.1261,0.68046
3.9273,0.68929
3.8921,0.6911
3.8082,0.6965
2.7798,0.77129
4.0702,0.68334
2.565,0.79149
3.6359,0.71233
3.82,0.70109
3.558,0.71491
3.0428,0.74965
2.7186,0.77932
2.6409,0.7857
2.4756,0.79924
2.7145,0.77892
2.5881,0.79109
2.8171,0.76868
2.8211,0.76971
2.7702,0.77559
2.7828,0.77394
2.8586,0.76712
2.6779,0.78194
2.7995,0.77327
2.6386,0.78937
2.8772,0.76874
2.9496,0.76037
2.8967,0.76517
1.1148,0.97414
3.0554,0.75304
3.0027,0.75635
2.8967,0.76336
3.0299,0.7524
2.8059,0.76981
2.7859,0.77181
2.714,0.77359
2.5917,0.78655
2.8609,0.76336
2.7385,0.77615
2.8353,0.76675
2.8913,0.76243
2.4259,0.80465
2.6531,0.78378
2.598,0.78733
2.8744,0.76203
2.5235,0.7919
2.7913,0.76858
2.7851,0.76535
3.1069,0.74164
3.1882,0.73828
4.0523,0.68265
3.1616,0.74094
2.9568,0.7552
3.9298,0.69145
3.9749,0.68915
3.9534,0.68769
4.1862,0.67389
4.0593,0.67969
3.934,0.68878
4.0218,0.68838
2.7639,0.77467
3.884,0.69771
2.9787,0.75676
3.937,0.689
4.0956,0.6853
4.2105,0.67547
4.304,0.66867
3.0416,0.74891
4.1999,0.67543
3.0065,0.75215
3.3298,0.72772
2.7237,0.77414
2.8156,0.76837
0.36505,1.2056
0.42346,1.168
2.8419,0.76533
0.34441,1.2167
2.62,0.78461
2.8653,0.76167
2.8327,0.76521
2.5051,0.79065
3.7167,0.6954
2.7614,0.76827
2.7149,0.76938
2.7227,0.76578
2.4162,0.79624
2.6409,0.77813
2.5983,0.78183
3.3979,0.72214
2.3258,0.81183
4.1447,0.67834
2.4335,0.80192
2.5495,0.79146
3.5372,0.71623
2.5157,0.79419
2.6012,0.78471
2.9177,0.75664
3.8627,0.68946
3.7693,0.69612
2.8067,0.76893
2.8489,0.76728
2.7929,0.77071
2.8282,0.76867
2.7349,0.77877
2.8597,0.76821
2.9439,0.76017
3.0017,0.75408
3.7077,0.7041
3.5038,0.71602
3.2315,0.73359
3.6235,0.70821
3.5361,0.71073
3.6234,0.70709
3.7825,0.7007
3.7891,0.70001
4.0932,0.68114
3.9871,0.68821
3.8524,0.69466
3.6651,0.70653
2.5563,0.78891
3.7554,0.69896
3.7969,0.69713
3.7212,0.69963
3.6467,0.70332
3.7203,0.69814
3.8874,0.68834
3.667,0.70067
3.8839,0.68849
3.5807,0.70975
3.83,0.69408
3.4186,0.72293
2.5906,0.78702
3.9828,0.68831
3.5657,0.71358
3.9358,0.69196
3.7996,0.69709
3.6767,0.70573
3.7784,0.69802
4.0577,0.68065
3.891,0.68779
2.4139,0.80152
4.1539,0.67533
3.817,0.69675
2.6486,0.7787
2.4896,0.79501
2.5227,0.79213
2.637,0.78224
2.947,0.75407
2.5618,0.78747
2.4512,0.79892
2.533,0.79093
2.308,0.8125
2.4459,0.79695
2.5027,0.79068
2.4993,0.79081
3.8971,0.68252
3.9981,0.6777
2.278,0.81329
2.4091,0.80093
3.7334,0.6984
3.5937,0.71087
3.8173,0.69564
2.7242,0.77491
2.6283,0.7815
3.6117,0.70724
2.7121,0.77416
2.6892,0.77533
2.8033,0.75955
2.7403,0.76749
2.8074,0.76354
2.9077,0.75367
3.1328,0.73964
2.664,0.77415
2.6738,0.77661
2.6735,0.77574
2.776,0.76575
2.7898,0.76604
2.8046,0.7674
2.534,0.79126
2.7154,0.77413
4.2601,0.66885
2.5785,0.78889
4.003,0.68443
2.7189,0.77202
2.6201,0.78351
2.8236,0.76601
2.6207,0.78335
2.5883,0.78669
2.7025,0.77534
2.7613,0.77173
2.62,0.78521
2.822,0.76571
2.8066,0.76826
2.6891,0.77943
3.5255,0.71724
2.6415,0.78155
2.6648,0.78111
2.38,0.80866
2.5652,0.78756
2.6763,0.77856
2.6134,0.78434
2.6019,0.7849
3.656,0.70395
2.7134,0.77148
2.8872,0.75983
2.4606,0.79639
2.5148,0.79338
2.4915,0.79687
2.7899,0.76895
2.612,0.78303
2.5423,0.79088
2.7597,0.76915
2.611,0.78405
2.6518,0.77887
2.7597,0.7721
2.6679,0.77994
2.6364,0.78238
2.8139,0.76654
2.7284,0.77429
2.5756,0.78862
2.6743,0.7782
2.8101,0.76754
2.5988,0.7867
2.6489,0.78126
2.5974,0.78339
2.5252,0.79219
2.5543,0.78804
4.0017,0.68224
3.315,0.72615
3.7696,0.69827
3.6555,0.70643
3.4939,0.71565
3.2465,0.73485
2.4492,0.79949
2.4778,0.79779
2.5089,0.79248
2.7055,0.77449
2.8538,0.75952
2.6145,0.78188
3.8458,0.69241
3.8522,0.69331
4.1016,0.68099
4.0865,0.68021
4.1582,0.678
4.0762,0.68341
4.2365,0.67254
3.9276,0.69183
4.0343,0.68455
3.8608,0.69229
2.5726,0.78847
2.5906,0.78628
2.5639,0.78428
2.7254,0.77203
2.5542,0.78994
2.8569,0.76416
2.5357,0.79443
2.6205,0.78676
2.4528,0.80284
2.4601,0.79996
2.3998,0.80673
2.5517,0.79048
2.6262,0.78335
2.8378,0.76276
2.6076,0.78146
2.8416,0.76171
2.6726,0.77649
2.5708,0.78806
2.7573,0.77024
2.642,0.78226
2.5183,0.79468
2.5955,0.78737
2.6128,0.78501
2.3245,0.81238
2.718,0.7747
2.5598,0.78905
2.9547,0.75245
2.8668,0.75832
2.723,0.7738
2.7888,0.76635
2.7694,0.76919
2.6833,0.7761
2.6924,0.77559
2.6833,0.77817
2.6658,0.78094
2.9735,0.75175
2.8135,0.76651
2.7189,0.77557
2.9477,0.75624
2.6115,0.78608
2.888,0.76011
2.6735,0.77932
3.0424,0.74772
2.9224,0.75585
2.8648,0.75939
3.0306,0.74544
2.9412,0.75416
2.779,0.76925
2.8743,0.76115
2.7522,0.77032
2.9004,0.75984
3.1642,0.7389
2.8688,0.76428
2.8764,0.75927
2.8001,0.76723
3.0328,0.75032
3.0385,0.75025
2.9732,0.75558
2.8355,0.7659
2.8152,0.76738
3.1383,0.73877
2.9622,0.75675
2.7245,0.77216
2.5594,0.78877
2.7577,0.76999
2.9211,0.75461
2.605,0.7828
2.5687,0.78528
2.6143,0.78189
2.4473,0.80115
2.5703,0.78873
2.5215,0.78998
2.3868,0.80698
2.6619,0.78059
2.9141,0.75772
2.9558,0.75574
2.8683,0.76219
2.9137,0.7582
2.9795,0.75299
2.929,0.75624
2.8142,0.76625
2.9701,0.7534
2.9824,0.75144
2.9129,0.75805
3.0674,0.74542
3.1071,0.74317
3.5278,0.71424
3.696,0.70497
3.5065,0.71502
3.751,0.69908
3.6661,0.70434
3.5617,0.71081
3.27,0.73187
3.4809,0.71502
3.5005,0.71321
3.6341,0.70357
3.848,0.69174
3.7451,0.69341
2.7263,0.76997
2.4599,0.7946
4.0375,0.67575
3.8316,0.69213
2.0544,0.83819
3.7689,0.69723
4.0353,0.6809
2.6385,0.77924
2.6468,0.77658
2.5297,0.78894
3.7851,0.69336
3.5186,0.71132
2.6928,0.774
2.4304,0.79867
2.7137,0.77132
2.4294,0.79973
2.5637,0.78593
2.6484,0.77937
2.386,0.80463
2.3581,0.80811
2.226,0.8229
2.4917,0.79486
2.6172,0.78431
2.4108,0.80362
2.7851,0.76803
2.9119,0.75868
2.9321,0.75673
2.9007,0.7601
2.8153,0.76554
2.8479,0.76555
2.6565,0.78137
2.9483,0.75789
2.8181,0.76849
2.8374,0.76743
2.6928,0.77817
2.5057,0.79447
2.2301,0.81836
3.0976,0.74141
2.2968,0.81048
2.6378,0.776
2.3686,0.80449
2.3769,0.80352
2.3998,0.80037
2.6871,0.77392
2.4178,0.79922
2.4954,0.79114
2.53,0.78845
2.4556,0.79375
3.4815,0.7144
3.706,0.69849
3.6948,0.70049
3.4804,0.7146
3.4572,0.71709
3.4777,0.71546
3.5567,0.7098
3.4147,0.71924
3.3876,0.72125
2.5653,0.78688
3.8613,0.69098
3.4524,0.71946
2.7208,0.77647
2.6532,0.78106
2.8453,0.76279
2.772,0.76616
2.6358,0.78018
2.5974,0.78549
2.8115,0.76797
2.5025,0.79397
2.6064,0.78844
2.3612,0.80656
2.2926,0.81518
2.2624,0.81714
3.6097,0.70815
2.9505,0.75623
3.3183,0.72925
3.4133,0.72239
2.7333,0.7711
3.822,0.69344
2.5995,0.78542
2.3261,0.81141
3.5422,0.7117
3.4029,0.72182
3.5029,0.71264
3.8517,0.6925
2.5546,0.79138
2.7698,0.77046
2.6953,0.77595
2.6108,0.78248
2.442,0.79655
2.3182,0.80969
2.4718,0.79489
2.5469,0.78841
2.3187,0.81019
2.3701,0.80599
2.3927,0.80335
2.5006,0.7941
2.6392,0.78305
2.5747,0.78823
2.5663,0.78899
2.6463,0.77959
2.5016,0.79317
2.7414,0.77097
2.7727,0.76733
2.8266,0.7629
2.8228,0.7631
2.4661,0.79857
2.4608,0.79811
2.6659,0.77795
2.6155,0.78155
3.5105,0.71215
3.2419,0.73176
3.4774,0.71442
2.6473,0.77782
3.3005,0.72544
3.4841,0.71588
2.3586,0.80537
3.2884,0.72875
3.4032,0.72092
3.7415,0.69949
3.4191,0.71962
2.3032,0.811
3.3743,0.72327
3.1543,0.73991
3.5409,0.71207
3.2313,0.7357
3.5145,0.71218
3.2896,0.72656
2.7381,0.76736
2.2056,0.81862
2.4446,0.79336
2.6072,0.77953
2.4662,0.79254
2.6547,0.77751
3.0201,0.74694
2.7089,0.77586
3.9834,0.68401
2.5601,0.78721
3.0604,0.74566
3.6656,0.70394
2.6649,0.77726
3.7436,0.69831
2.586,0.78665
2.2852,0.81004
2.3969,0.80089
2.6014,0.78076
2.6294,0.7786
2.5596,0.78513
2.4796,0.79478
2.7603,0.76986
2.747,0.77361
2.7014,0.77595
2.8113,0.76586
2.6126,0.7843
2.7683,0.77082
2.6981,0.77594
2.8285,0.76358
3.3984,0.71928
3.3456,0.72304
3.5315,0.70987
2.4588,0.79832
2.6468,0.77841
2.3619,0.80679
2.6304,0.78203
2.8129,0.76505
2.6349,0.77974
2.6004,0.78243
2.64,0.77776
2.7163,0.77046
2.346,0.80757
2.6168,0.78294
2.6621,0.77767
2.4822,0.79564
2.7324,0.77241
2.6453,0.78116
2.5951,0.7852
2.3577,0.80725
2.4745,0.79658
2.4614,0.79725
2.2144,0.82205
2.5547,0.78679
2.693,0.77454
2.688,0.77428
2.5475,0.78909
2.5697,0.78552
2.4152,0.80165
2.6824,0.77827
2.6106,0.78499
2.716,0.77535
2.5684,0.78798
2.834,0.76555
2.6631,0.78073
3.0001,0.74929
2.5922,0.78301
2.4965,0.79125
2.6247,0.77939
2.349,0.80861
2.644,0.7813
2.6755,0.77675
2.4461,0.79896
2.6714,0.7789
2.3876,0.80549
2.4512,0.79875
2.8251,0.76426
2.6904,0.77498
2.6839,0.77756
2.6965,0.77421
2.8674,0.75969
3.0263,0.74769
2.7573,0.77074
2.9344,0.75564
3.0241,0.74829
2.7079,0.77809
2.9626,0.75607
2.7087,0.77846
2.7753,0.7716
2.6089,0.78662
2.5752,0.78795
2.9436,0.7571
2.7406,0.77296
2.6001,0.78652
2.9569,0.75448
2.8133,0.7689
2.8368,0.7661
2.8214,0.7675
2.6557,0.78229
2.7886,0.76966
2.8442,0.76594
2.8505,0.76512
3.0012,0.7495
2.715,0.77535
2.711,0.77638
2.6242,0.78313
3.3716,0.73149
2.4592,0.79714
2.756,0.77367
2.8796,0.7627
2.7775,0.77065
2.6149,0.78453
2.4678,0.79938
2.6762,0.77859
2.6902,0.78001
2.9642,0.75776
2.3473,0.8116
2.2938,0.81859
2.7328,0.77831
2.6306,0.78935
2.6291,0.78948
2.477,0.79994
2.6093,0.78454
2.8064,0.77238
2.8258,0.76934
2.6669,0.7827
3.1988,0.73856
3.6506,0.70804
3.8207,0.69653
2.5993,0.78706
3.515,0.71743
2.4234,0.80399
2.5068,0.79453
3.5244,0.71931
3.724,0.70725
3.8149,0.69991
3.8802,0.69623
3.621,0.71262
2.4934,0.80106
2.8276,0.77095
2.768,0.77583
2.77,0.77496
2.6797,0.78357
2.5267,0.79836
2.6011,0.78946
2.4859,0.80266
2.5531,0.79808
2.4264,0.81039
2.4865,0.80589
2.6944,0.78576
2.4731,0.8041
2.369,0.81453
2.4729,0.80429
2.4765,0.80298
2.5832,0.79172
2.6016,0.78906
2.5234,0.7967
2.3278,0.81611
2.5624,0.79541
2.468,0.80547
2.6468,0.78877
2.6496,0.78822
2.3246,0.82055
2.5089,0.80253
2.6841,0.78399
2.5655,0.79498
2.5214,0.80151
2.5758,0.79583
2.5034,0.80189
2.7454,0.77917
2.5791,0.79517
2.6841,0.78621
2.745,0.78056
2.6482,0.78993
2.6517,0.78928
2.5596,0.79837
2.3962,0.81233
2.8454,0.77511
2.6455,0.79291
2.5417,0.80254
2.6292,0.79335
2.7073,0.78658
2.6461,0.79096
2.5772,0.79759
2.5778,0.79694
2.7814,0.78036
2.9247,0.76927
2.9124,0.77113
2.6731,0.79206
2.6435,0.79402
2.7665,0.78477
2.8145,0.78111
2.8171,0.78025
2.8344,0.77988
2.8281,0.7794
2.9542,0.76775
2.8505,0.7778
2.6649,0.79481
2.694,0.79017
2.6254,0.79622
2.8674,0.77648
2.6862,0.79281
2.4797,0.81329
3.6587,0.72234
2.5674,0.80458
2.6545,0.7952
2.6383,0.79746
2.6916,0.7927
2.7091,0.79032
2.7195,0.78819
2.4536,0.81284
2.7643,0.78367
2.7136,0.78982
2.4233,0.81742
2.4041,0.81959
2.5574,0.80535
2.7239,0.79345
2.7224,0.79126
3.7029,0.72065
2.6242,0.80024
2.5559,0.80825
2.5509,0.80747
2.7246,0.79047
3.8292,0.71228
2.6735,0.79306
2.6728,0.79552
3.876,0.70898
2.7698,0.78674
2.5801,0.80321
3.7993,0.71524
3.6761,0.72262
3.8727,0.71034
3.888,0.70911
4.2277,0.69156
2.725,0.79487
2.965,0.77459
3.0199,0.77061
2.9189,0.78012
2.8981,0.78141
2.7189,0.79611
2.8306,0.78769
2.7653,0.79199
2.8372,0.78787
2.798,0.79187
2.915,0.7808
2.956,0.77831
2.7042,0.7989
2.8613,0.78448
2.7305,0.79611
2.6335,0.80409
2.8041,0.78998
2.5373,0.81538
2.653,0.80366
2.7726,0.7941
2.7402,0.79661
2.801,0.79234
2.7195,0.79832
2.855,0.78773
3.6312,0.73494
3.1851,0.76401
2.4691,0.82156
3.6897,0.73052
2.4281,0.82459
3.7872,0.72437
2.526,0.81653
2.4478,0.8234
3.9786,0.70979
3.2693,0.75967
3.793,0.72464
2.6778,0.80342
2.6988,0.80151
3.6174,0.73148
2.5849,0.81105
3.6294,0.734
3.757,0.72482
4.175,0.70161
4.0698,0.70694
2.656,0.80587
3.5961,0.73905
3.9114,0.7169
2.6405,0.80614
3.9277,0.71357
2.5995,0.81098
3.4328,0.74821
3.7988,0.72418
2.5371,0.81718
2.5607,0.8158
3.5126,0.74135
3.3692,0.75342
2.4251,0.82921
3.431,0.7483
2.62,0.80979
3.457,0.74666
3.4896,0.74494
3.5115,0.74355
2.5694,0.81549
2.579,0.81526
2.5292,0.82043
3.5706,0.74099
3.4409,0.75033
3.4395,0.75058
2.6722,0.80948
2.6209,0.81356
3.5894,0.74103
3.6513,0.7377
2.6177,0.81449
3.4491,0.75054
2.6381,0.81177
2.6542,0.81042
4.1002,0.71124
4.1436,0.71039
2.652,0.80938
2.7658,0.79973
2.3588,0.84071
2.7129,0.80511
2.7405,0.80451
2.6142,0.81592
2.6743,0.81021
3.7827,0.72963
2.8396,0.79579
2.6948,0.81062
2.7659,0.80384
2.6633,0.81291
2.6714,0.81151
3.8965,0.72666
2.6501,0.81437
2.6179,0.8182
2.6456,0.81643
2.8016,0.80308
2.6968,0.81287
2.6914,0.81017
2.6129,0.8183
2.3274,0.84699
2.4612,0.83346
2.4394,0.83679
3.9465,0.72605
3.5672,0.74643
3.9104,0.72832
4.0882,0.7155
3.7183,0.7368
3.411,0.75858
3.4565,0.75666
3.3132,0.7662
3.448,0.7554
3.84,0.73202
3.8913,0.73173
3.5402,0.75138
3.5036,0.75394
2.6353,0.81991
3.8489,0.73456
2.5527,0.82741
4.0352,0.72465
4.0659,0.72263
2.5868,0.8262
3.599,0.74725
3.4241,0.75899
3.7009,0.73987
2.8344,0.80454
2.9553,0.79577
2.9263,0.79801
2.7355,0.8147
3.6586,0.74407
2.9396,0.79796
3.0162,0.7921
2.9701,0.79585
3.8384,0.73543
3.6916,0.74331
3.6842,0.74465
3.5216,0.75332
3.5744,0.75304
2.639,0.82377
3.1526,0.78459
2.9444,0.79714
2.9507,0.79718
3.6333,0.75005
2.8425,0.80548
3.0413,0.79013
2.8098,0.81023
2.8332,0.80884
2.7175,0.8205
3.5,0.76067
2.7466,0.81764
2.8144,0.81009
2.861,0.80822
2.8651,0.80852
2.809,0.81308
2.731,0.82174
2.9049,0.80648
4.077,0.72807
2.8198,0.81458
2.9548,0.80435
2.9139,0.80754
2.7252,0.82436
2.8272,0.81455
2.7728,0.8189
2.7455,0.82145
2.725,0.82365
2.8008,0.81624
2.7804,0.81939
2.8737,0.81086
2.9958,0.80121
2.7012,0.82671
2.932,0.80638
2.8635,0.81327
2.9729,0.80367
2.9224,0.80949
2.924,0.8089
2.9066,0.81027
2.9741,0.80537
3.0116,0.80201
2.9522,0.8071
2.9024,0.81099
2.8185,0.8181
2.9884,0.80399
3.8996,0.74365
2.7977,0.82011
3.2728,0.78535
2.7497,0.82619
2.6429,0.83562
2.7923,0.82228
2.7986,0.82256
2.9236,0.81088
2.9536,0.81126
2.6391,0.83679
2.6536,0.83641
2.7572,0.82615
2.7763,0.82373
2.8961,0.81302
2.8761,0.81639
2.9215,0.81514
2.8856,0.819
3.0837,0.80105
2.9709,0.81024
2.7233,0.8329
2.8145,0.82472
3.6419,0.76297
2.9416,0.81382
3.731,0.75707
3.3937,0.78349
3.359,0.78372
3.4645,0.77575
3.4393,0.77699
3.448,0.77756
3.4339,0.7778
2.878,0.81902
2.9124,0.81614
2.9978,0.81
3.6685,0.76086
3.572,0.76782
3.4822,0.77542
3.617,0.76602
3.4028,0.78217
3.4196,0.77997
3.303,0.78782
3.562,0.77056
3.47,0.77802
3.9411,0.74866
3.553,0.76998
2.8389,0.82639
3.6563,0.77011
3.5611,0.77705
3.6545,0.77037
3.4867,0.77788
3.3373,0.79033
3.09,0.8079
3.5922,0.77253
3.4132,0.786
2.9011,0.82118
3.4326,0.78588
3.2365,0.79705
3.6593,0.76798
3.4593,0.78237
3.6627,0.76973
3.5474,0.77737
3.4827,0.78025
3.3729,0.78858
2.9704,0.81957
3.7918,0.76129
2.9879,0.81897
2.777,0.83533
2.8889,0.82611
2.7346,0.83961
3.0162,0.81424
2.9038,0.82431
3.0301,0.81367
3.0396,0.81316
2.9048,0.82387
2.9834,0.81839
2.996,0.81868
3.0172,0.81649
3.0305,0.81582
3.0011,0.81838
2.9349,0.82431
3.0409,0.81664
2.9782,0.82134
2.922,0.82492
2.7999,0.8362
3.125,0.81085
3.0883,0.81446
2.9851,0.82346
3.054,0.81738
3.2257,0.80508
3.1697,0.80903
3.049,0.81914
3.7613,0.76882
3.0125,0.82105
2.8218,0.83568
3.0928,0.81393
3.8173,0.76572
3.9198,0.75815
2.9733,0.82232
2.9933,0.82194
2.9791,0.82417
2.9579,0.82624
3.0395,0.81964
3.79,0.76623
3.1705,0.80984
3.0746,0.81745
3.2155,0.8056
3.1784,0.80991
3.0966,0.81623
3.1725,0.81063
2.936,0.82673
3.758,0.76902
3.9039,0.76011
2.7881,0.83799
2.6599,0.85068
2.7498,0.84366
3.0282,0.82023
3.0733,0.81756
3.9757,0.75745
2.9328,0.82961
2.8039,0.84053
3.7826,0.77104
3.727,0.77551
2.927,0.83112
3.0171,0.82344
3.6747,0.77981
3.5421,0.78608
2.858,0.83639
2.8373,0.83739
3.0512,0.82256
3.8148,0.7696
3.0217,0.82562
3.9934,0.75864
2.9805,0.82623
2.6753,0.85451
2.8056,0.84281
2.8031,0.84337
2.6717,0.85549
2.7945,0.84526
3.0371,0.82375
2.918,0.83464
2.9917,0.82706
2.9135,0.83339
2.9382,0.83108
2.9947,0.82675
2.8561,0.83849
2.9699,0.82865
2.9545,0.8307
2.9755,0.82961
3.0046,0.82783
3.814,0.77236
3.0489,0.82474
3.0454,0.826
3.6596,0.78353
3.7876,0.77526
2.9363,0.83495
3.65,0.78527
3.5713,0.78738
3.9627,0.76519
3.8287,0.77421
4.2948,0.74625
4.0758,0.75869
4.0169,0.76216
3.9335,0.76953
3.9474,0.76881
3.6817,0.78634
4.0319,0.762
3.9101,0.77009
3.809,0.77655
3.7934,0.77804
2.8603,0.84048
3.8587,0.77145
3.0333,0.82796
3.9706,0.76518
2.9999,0.8316
3.3546,0.80788
3.0882,0.82506
3.1487,0.82276
3.3716,0.8064
3.7517,0.78153
3.7702,0.78045
3.6901,0.78562
3.5843,0.79452
4.0089,0.76573
3.657,0.78875
3.7701,0.78229
3.8158,0.77905
3.8156,0.7786
3.6889,0.78722
3.7836,0.78187
3.8039,0.7798
3.6893,0.78781
3.6484,0.78969
3.8723,0.77597
3.9633,0.76956
3.9493,0.76883
3.769,0.7822
3.7096,0.7857
3.6982,0.78746
3.7263,0.7846
4.055,0.76595
2.9784,0.83542
3.7781,0.78237
3.5739,0.79648
3.8244,0.77949
3.9609,0.77098
3.8197,0.7801
3.7967,0.7824
3.8977,0.77572
3.8507,0.77877
3.6999,0.78817
3.7696,0.78459
3.8529,0.77894
3.7479,0.78642
3.6642,0.78977
3.7497,0.78507
3.6359,0.7928
3.6615,0.79165
3.6473,0.7938
3.5508,0.7987
3.4919,0.80231
3.5804,0.79612
3.7471,0.78729
3.5903,0.79516
3.5279,0.8013
3.6026,0.79628
3.8424,0.78148
3.1307,0.82908
3.4751,0.80466
3.0714,0.83386
3.4917,0.80227
3.6023,0.79626
3.8116,0.78377
3.5673,0.79705
3.7914,0.7852
3.4735,0.80404
3.8673,0.78028
3.6634,0.79277
3.5252,0.79974
3.7986,0.78482
3.8709,0.78042
3.8643,0.78025
4.1488,0.76401
3.8428,0.77992
3.5922,0.7962
3.0998,0.83281
3.9238,0.77623
4.1582,0.76248
3.7578,0.78839
1.2275,1.0357
4.0249,0.77212
3.9981,0.77308
3.0988,0.83356
3.0871,0.83405
3.5672,0.80051
3.6292,0.79604
3.8081,0.78526
4.0403,0.77252
3.6797,0.79368
3.9111,0.77868
3.9021,0.77912
3.7768,0.78728
3.9201,0.77917
3.9794,0.7757
3.7523,0.79104
3.7513,0.78932
3.1111,0.83383
3.089,0.8362
3.1636,0.83093
3.2865,0.82115
3.1243,0.83473
3.1936,0.828
3.2791,0.82246
3.0138,0.84211
3.2133,0.82658
3.1184,0.83372
3.1232,0.8341
3.2118,0.82625
3.6877,0.79509
3.8497,0.78376
3.9312,0.77975
3.8368,0.78599
3.4135,0.81168
3.5947,0.80167
3.7672,0.79054
3.5652,0.80278
3.8069,0.78653
3.9529,0.77833
3.7192,0.79295
3.7497,0.79236
3.8053,0.78867
3.9646,0.77976
4.0833,0.77363
3.9305,0.78186
3.8877,0.78451
3.912,0.78274
3.7225,0.79628
3.8204,0.78838
3.7135,0.79624
3.9408,0.78247
3.762,0.79288
3.8549,0.78757
3.772,0.79421
3.6195,0.80359
3.0735,0.83945
2.9409,0.85009
3.7934,0.79326
3.8989,0.78548
3.684,0.7994
3.9973,0.77951
3.7947,0.79209
3.8291,0.78945
3.9206,0.78262
3.8766,0.78549
3.0877,0.83896
4.1774,0.769
4.1427,0.77165
3.1953,0.83159
3.112,0.83839
3.1246,0.83714
3.1336,0.83677
3.3671,0.81961
3.2322,0.83015
4.0437,0.77913
3.3354,0.82322
3.2699,0.82859
3.972,0.7842
3.3295,0.82463
3.9746,0.7816
4.1176,0.7743
3.8837,0.78701
3.85,0.78969
3.854,0.78872
3.6629,0.80128
3.6505,0.80292
3.784,0.79313
3.9481,0.78303
3.8431,0.79032
3.3356,0.82212
3.7674,0.79483
4.0771,0.7773
3.4612,0.81556
3.8411,0.79323
4.3611,0.76292
4.1219,0.77654
3.3041,0.82652
3.5114,0.81283
3.8745,0.79123
4.0588,0.77991
3.9372,0.78771
3.7696,0.79788
3.7812,0.79698
3.7001,0.80228
3.8908,0.79114
3.9694,0.7859
3.8581,0.79342
3.9162,0.79004
3.9561,0.78736
3.9345,0.78823
4.0452,0.78266
4.0182,0.78257
4.0287,0.78284
3.4196,0.82296
3.4039,0.82267
3.5389,0.81484
3.4477,0.81964
3.4206,0.82129
4.1852,0.77516
3.3479,0.82767
3.8424,0.79579
3.4536,0.82028
3.4722,0.81904
4.1219,0.77891
3.4899,0.81853
3.2077,0.83846
3.3414,0.82878
3.3577,0.82733
3.3103,0.83145
3.7544,0.80269
3.7134,0.80652
3.4272,0.82455
3.3608,0.82854
3.3045,0.83266
3.4056,0.82586
3.3911,0.8261
3.464,0.82049
3.8361,0.79647
3.9351,0.79068
3.7494,0.80255
3.7687,0.80096
3.8174,0.79911
3.8054,0.80063
3.3353,0.8322
3.9602,0.79146
3.8836,0.79651
3.9322,0.7931
3.3506,0.8298
3.3414,0.8307
3.1427,0.84435
3.2904,0.83363
3.9063,0.7927
3.2845,0.83337
3.2882,0.83203
3.9838,0.78762
3.1623,0.84264
3.1925,0.84018
3.9971,0.78697
3.9119,0.79381
3.9169,0.79282
3.3787,0.82707
3.4329,0.8245
3.4127,0.82634
3.3538,0.83053
3.4586,0.8246
3.4367,0.82586
3.4489,0.8261
3.8653,0.79714
4.1267,0.78319
3.7581,0.80469
3.9884,0.79146
4.2882,0.77422
4.0362,0.78888
3.2382,0.83909
3.2718,0.83645
3.7476,0.80544
3.9125,0.79468
3.1966,0.84295
3.3566,0.83112
3.4242,0.82678
4.043,0.78833
3.9686,0.79232
3.425,0.82777
3.4204,0.82841
3.4296,0.82731
3.6481,0.81274
3.2549,0.8389
3.5547,0.819
3.4584,0.82488
3.523,0.82161
3.8509,0.80026
3.5809,0.81642
3.6431,0.81238
3.5432,0.82001
3.4984,0.82302
3.4075,0.82868
3.5886,0.81609
3.9113,0.7957
3.9038,0.79621
3.9628,0.79281
