34.333,0.32504
34.486,0.31815
30.086,0.38375
36.485,0.28952
32.555,0.35092
31.504,0.37272
31.513,0.36919
33.536,0.33677
31.13,0.37703
32.897,0.34481
35.451,0.30017
36.143,0.28921
31.467,0.3802
31.748,0.37282
31.446,0.37966
30.739,0.38574
30.747,0.38577
31.108,0.38201
31.376,0.37223
31.423,0.37381
32.09,0.36196
32.09,0.36231
30.457,0.38439
31.181,0.37145
35.203,0.30026
35.543,0.29534
35.154,0.30153
32.631,0.34079
32.778,0.3343
33.118,0.32777
32.49,0.33646
32.825,0.32966
35.364,0.29549
33.942,0.32211
31.705,0.35932
34.487,0.3116
26.703,0.4318
24.793,0.46111
27.528,0.41606
33.306,0.32881
32.306,0.34118
32.249,0.33723
31.895,0.35166
31.485,0.35468
30.355,0.37813
29.884,0.37272
32.298,0.35129
34.542,0.31194
29.908,0.37457
31.842,0.35272
33.666,0.32742
32.67,0.32841
34.092,0.31537
31.334,0.3642
32.773,0.3464
32.351,0.34494
31.739,0.35013
33.044,0.32966
33.201,0.33189
30.682,0.3686
36.633,0.28207
35.711,0.29455
36.777,0.27625
36.069,0.28655
35.33,0.29242
35.716,0.2872
33.946,0.31663
36.563,0.27576
34.134,0.31114
35.626,0.28703
34.833,0.29461
34.089,0.3106
32.148,0.34254
35.159,0.2996
35.062,0.30793
32.194,0.34409
32.428,0.34066
32.893,0.32859
28.523,0.38337
33.126,0.32247
29.029,0.37365
30.346,0.35383
34.428,0.30576
30.854,0.35589
31.167,0.34591
30.276,0.35519
32.961,0.3158
28.794,0.37725
29.802,0.35964
29.398,0.36872
30.245,0.36505
30.809,0.35992
29.099,0.37233
31.891,0.33232
30.472,0.36365
29.16,0.36153
27.514,0.39222
27.192,0.40054
33.254,0.3197
32.549,0.33545
31.502,0.34497
32.968,0.32721
31.479,0.34831
30.549,0.35149
28.04,0.39373
30.759,0.34193
33.14,0.31566
30.836,0.34589
31.217,0.33735
33.546,0.31258
31.359,0.33721
31.597,0.33442
33.565,0.30848
32.239,0.32163
32.917,0.31266
32.451,0.32191
31.916,0.32916
29.85,0.35936
29.89,0.35899
30.242,0.35075
32.085,0.33001
31.511,0.33798
29.981,0.35941
30.098,0.3562
31.086,0.33695
31.309,0.33727
29.48,0.3629
30.319,0.3493
31.704,0.32843
30.524,0.34475
29.979,0.35408
29.601,0.3576
30.487,0.34246
30.433,0.34572
31.172,0.3383
29.119,0.36105
29.236,0.35672
29.998,0.34509
28.84,0.36634
29.129,0.35552
29.628,0.34747
29.153,0.35734
31.071,0.32973
29.405,0.35366
28.177,0.36776
29.035,0.35453
28.274,0.37158
28.43,0.36876
28.573,0.36599
28.634,0.37019
30.428,0.33633
29.702,0.34857
28.58,0.36817
29.509,0.35412
28.843,0.36615
28.42,0.36681
29.294,0.35106
27.962,0.36966
27.662,0.3708
27.782,0.36916
25.892,0.39255
29.924,0.33982
27.361,0.3709
26.279,0.38709
26.326,0.38823
24.845,0.40425
27.001,0.38023
26.849,0.37975
24.608,0.41393
24.892,0.40707
28.912,0.35274
28.769,0.35306
28.942,0.35017
28.351,0.35744
26.741,0.38046
26.608,0.38594
28.948,0.34673
27.942,0.36478
28.052,0.35778
28.029,0.35294
25.21,0.40273
25.052,0.40453
23.456,0.42697
24.231,0.40907
24.516,0.40559
24.703,0.40905
26.327,0.3887
24.033,0.41926
27.166,0.37361
26.844,0.37403
23.293,0.41981
25.553,0.39746
23.899,0.41839
25.448,0.39731
24.948,0.3995
25.381,0.39185
24.615,0.40279
25.065,0.39516
26.124,0.37405
27.287,0.36095
25.74,0.38117
26.187,0.37149
26.043,0.38146
25.445,0.38537
25.083,0.39917
26.127,0.37697
25.25,0.38544
24.403,0.39921
24.92,0.39379
27.105,0.35444
26.601,0.36063
25.803,0.377
25.83,0.379
27.103,0.34982
24.772,0.39081
26.058,0.36925
23.412,0.41836
23.704,0.41112
26.167,0.37043
23.413,0.41455
23.698,0.40763
23.989,0.40409
22.897,0.42122
23.981,0.40455
23.344,0.40434
21.482,0.4428
23.035,0.41374
21.311,0.443
21.251,0.44649
23.627,0.40707
21.735,0.4342
21.569,0.4344
21.982,0.42999
21.298,0.43588
21.135,0.43393
20.229,0.4509
20.756,0.44366
21.443,0.43022
18.712,0.47079
20.283,0.45599
21.89,0.43058
21.016,0.44097
22.814,0.40824
22.867,0.41062
19.204,0.46219
18.635,0.47184
20.104,0.448
20.437,0.44329
21.399,0.43036
21.291,0.43106
20.819,0.4324
20.029,0.44567
18.614,0.46916
22.024,0.42429
22.158,0.41937
22.489,0.41345
23.046,0.39924
21.245,0.42887
20.69,0.43579
19.291,0.45131
18.543,0.46536
21.544,0.42604
20.227,0.44009
20.899,0.42983
19.541,0.44862
19.326,0.45427
22.561,0.40431
18.789,0.46334
21.755,0.42207
18.606,0.46622
18.36,0.46634
21.145,0.43319
21.261,0.42814
18.466,0.46376
20.633,0.43697
20.674,0.43883
21.412,0.42212
21.188,0.42654
21.615,0.41763
21.461,0.42142
21.251,0.41893
19.826,0.44587
20.371,0.43956
20.313,0.43958
20.243,0.43762
20.638,0.42839
20.24,0.43527
21.321,0.41802
20.37,0.43912
20.824,0.42912
18.589,0.46625
19.947,0.44884
19.954,0.44713
20.828,0.42608
20.512,0.42928
20.41,0.43592
20.894,0.42251
19.945,0.44963
21.398,0.41786
20.849,0.42864
20.942,0.42389
19.205,0.45512
21.249,0.42534
19.381,0.45182
19.239,0.44918
19.444,0.44866
19.083,0.45509
19.255,0.44995
18.729,0.46001
20.016,0.43492
19.917,0.44022
21.195,0.41893
18.514,0.46945
19.945,0.4488
19.396,0.45003
19.289,0.45211
19.379,0.44783
19.653,0.44219
18.188,0.47054
19.402,0.44932
18.679,0.46065
20.072,0.43937
19.493,0.45077
18.904,0.45743
17.583,0.47536
18.337,0.46174
18.936,0.45726
19.137,0.44933
18.338,0.46315
19.891,0.4497
18.892,0.45549
18.958,0.45427
19.189,0.45952
18.757,0.45722
18.039,0.47075
19.686,0.43846
19.432,0.44641
20.082,0.43422
19.459,0.4443
20.003,0.43277
19.71,0.43672
20.421,0.42485
20.689,0.41993
21.764,0.40334
18.641,0.461
20.546,0.42012
19.381,0.44486
18.464,0.46662
19.851,0.43451
19.329,0.44349
19.031,0.45071
18.833,0.45377
19.627,0.43764
20.327,0.42434
19.721,0.43981
19.961,0.4344
20.234,0.42874
19.572,0.44196
20.482,0.42517
19.248,0.4435
18.697,0.44982
18.65,0.45341
18.213,0.45789
19.984,0.43439
20.417,0.42604
19.964,0.43098
17.171,0.47696
19.674,0.43587
18.94,0.44687
19.482,0.43452
18.357,0.46131
18.747,0.45267
18.947,0.44954
20.425,0.42848
19,0.45195
20.155,0.42444
20.339,0.42684
18.524,0.45694
18.52,0.45263
19.938,0.43414
18.799,0.45497
18.627,0.45859
19.131,0.44748
18.463,0.45956
17.842,0.46688
19.879,0.4337
20.125,0.4282
19.636,0.43739
19.231,0.44367
17.914,0.46135
19.423,0.43952
17.488,0.47101
19.401,0.43935
19.061,0.44452
19.081,0.44208
17.398,0.47212
18.981,0.44661
19.108,0.44764
19.351,0.44441
19.34,0.44306
18.767,0.45409
18.773,0.45415
18.824,0.45436
19.234,0.4455
19.336,0.43694
19.047,0.44842
19.961,0.43223
18.533,0.4589
17.909,0.46635
17.941,0.46806
18.741,0.45284
19.396,0.43873
17.712,0.469
18.33,0.45507
18.231,0.45687
17.744,0.46866
18.246,0.45738
18.706,0.45129
18.885,0.44651
18.152,0.45577
18.456,0.45443
19.421,0.43533
18.478,0.453
18.957,0.44675
20.104,0.42503
18.531,0.45003
18.283,0.45531
19.188,0.44128
18.281,0.45289
19.701,0.43302
20.263,0.41861
19.244,0.4374
19.324,0.44323
20.12,0.42324
19.322,0.44149
19.356,0.4397
19.081,0.44457
19.78,0.43085
20.083,0.42535
19.866,0.42579
19.022,0.44528
19.404,0.43718
19.31,0.43779
19.295,0.43558
18.995,0.44493
19.01,0.44499
18.439,0.45591
18.638,0.45299
18.096,0.4602
18.874,0.44954
18.305,0.45838
18.734,0.44929
18.777,0.44901
18.995,0.44251
18.971,0.44388
18.133,0.46235
18.181,0.46141
18.12,0.46117
18.57,0.45338
18.124,0.45982
18.735,0.45004
18.353,0.4569
18.355,0.45205
16.384,0.48679
18.325,0.4561
18.099,0.46231
18.278,0.45659
18.387,0.4554
18.65,0.44614
17.526,0.46934
18.224,0.4556
18.537,0.45325
18.763,0.44594
18.345,0.45687
18.622,0.45143
18.046,0.45948
18.213,0.45935
18.709,0.44791
18.677,0.44827
19.129,0.43967
18.878,0.44505
19.185,0.43765
18.862,0.44803
19.371,0.43854
18.234,0.45482
17.342,0.46912
18.671,0.4476
18.354,0.45319
18.131,0.45756
18.068,0.45721
18.537,0.44779
18.176,0.45388
18.532,0.45436
18.019,0.46459
18.243,0.46237
17.333,0.47453
17.783,0.4663
17.96,0.4664
17.751,0.46829
18.061,0.46319
18.175,0.45542
19.569,0.43465
18.469,0.45168
18.282,0.45826
16.725,0.4842
18.174,0.45802
18.783,0.44555
17.966,0.46033
19.452,0.43692
19.042,0.441
18.603,0.44868
19.055,0.43922
18.418,0.45005
19.419,0.43022
18.76,0.44698
18.574,0.44809
18.216,0.46086
18.824,0.4511
19.948,0.42522
18.647,0.4457
19.509,0.43375
17.761,0.46871
19.055,0.4471
18.822,0.44881
19.582,0.43367
18.916,0.44701
17.947,0.46117
18.436,0.45261
17.362,0.47417
17.319,0.47271
17.17,0.4759
17.561,0.4708
18.676,0.45188
18.478,0.45192
16.382,0.48899
17.155,0.4768
17.646,0.46876
17.946,0.46282
19.364,0.44209
17.474,0.47064
18.23,0.45725
17.665,0.46557
18.491,0.44925
17.372,0.47053
18.531,0.44856
18.347,0.45115
19.001,0.43845
18.196,0.45475
17.964,0.46408
17.747,0.46164
17.277,0.47601
17.552,0.46737
16.411,0.48617
17.019,0.4747
16.946,0.47615
18.023,0.45928
17.481,0.46647
17.188,0.47282
16.098,0.49395
17.609,0.46591
17.526,0.46508
17.17,0.47396
18.365,0.44509
17.337,0.46811
18.518,0.44888
17.835,0.46137
17.928,0.46003
17.993,0.45876
18.019,0.45922
18.011,0.45698
17.738,0.46342
18.139,0.45812
17.794,0.46332
17.951,0.45725
18.123,0.45453
18.682,0.44935
16.673,0.47955
18.011,0.45754
17.24,0.47001
17.538,0.46399
16.848,0.4767
16.715,0.48232
17.456,0.46967
18.584,0.44644
17.806,0.46058
17.908,0.45874
19.667,0.4299
18.05,0.45695
18.647,0.44566
18.47,0.44881
18.486,0.44964
18.444,0.45251
17.368,0.47229
18.359,0.4511
18.062,0.45764
18.115,0.45686
18.701,0.44678
18.962,0.44021
18.676,0.44826
17.952,0.45633
17.391,0.46522
18.195,0.45429
18.189,0.4572
15.66,0.49436
18.987,0.44173
17.948,0.46009
15.442,0.49988
17.796,0.46333
16.183,0.48235
17.399,0.4707
17.602,0.46916
18.206,0.45407
16.38,0.48619
16.209,0.48566
17.726,0.46483
17.663,0.46577
17.345,0.47061
16.563,0.48247
18.356,0.44908
18.329,0.45128
18.048,0.4554
18.755,0.44334
17.154,0.47339
17.755,0.45792
17.795,0.4632
16.204,0.48773
17.994,0.45775
16.855,0.4788
17.42,0.46837
17.878,0.46282
18.189,0.45054
17.541,0.4686
18.015,0.45557
17.281,0.4736
17.491,0.46805
17.856,0.45815
15.995,0.49143
16.624,0.48422
16.809,0.47838
17.446,0.46732
18.546,0.45146
18.082,0.45719
17.527,0.47075
18.622,0.44578
17.74,0.46687
16.369,0.48771
18.216,0.45484
16.77,0.47634
16.618,0.4804
17.796,0.46198
19.099,0.44582
17.537,0.46831
17.816,0.46044
17.364,0.47048
18.46,0.45382
18.634,0.44748
18.471,0.45052
18.397,0.44863
17.998,0.45984
17.761,0.46194
17.502,0.46739
17.14,0.47411
16.067,0.49057
17.748,0.46447
15.961,0.48993
17.441,0.46801
16.279,0.48619
16.274,0.48596
17.837,0.46447
17.522,0.46665
17.617,0.46292
17.543,0.46483
18.369,0.44624
17.983,0.45782
18.876,0.44541
18.298,0.45058
18.082,0.45672
18.476,0.44712
18.145,0.45534
18.053,0.4549
17.606,0.46511
18.163,0.45654
18.099,0.45495
17.887,0.46119
17.996,0.46075
18.732,0.44377
17.239,0.4723
16.887,0.47795
17.457,0.47069
18.03,0.45796
16.795,0.47982
17.884,0.4567
17.979,0.45658
17.351,0.46965
18.523,0.44738
18.267,0.45207
17.497,0.46858
17.728,0.46433
16.327,0.48519
17.753,0.46567
17.238,0.47605
17.37,0.46873
17.68,0.4621
17.649,0.46475
16.638,0.48227
17.428,0.46889
16.566,0.48442
18.749,0.4443
17.782,0.46345
18.011,0.4592
17.865,0.46018
17.64,0.46572
18.293,0.45129
17.875,0.46074
17.816,0.45481
17.724,0.46074
18.094,0.45398
17.96,0.45923
18.214,0.45231
17.994,0.45614
17.783,0.46152
17.987,0.46006
17.199,0.47165
17.405,0.4662
16.138,0.48902
18.178,0.45168
17.727,0.46486
17.435,0.46788
17.172,0.47252
17.723,0.4639
17.988,0.45641
16.946,0.47664
17.083,0.47489
17.258,0.46892
16.973,0.47537
17.012,0.47672
17.569,0.46516
16.941,0.47783
17.461,0.46815
18.383,0.45285
19.167,0.44242
17.895,0.45768
17.97,0.45595
17.668,0.46076
17.823,0.46343
17.699,0.46549
17.687,0.46381
17.642,0.46474
17.52,0.46628
17.226,0.47016
18.399,0.4463
17.18,0.47295
18.09,0.45514
16.012,0.49148
17.921,0.45616
17.385,0.47021
16.908,0.47611
17.693,0.45781
16.958,0.47513
17.217,0.47294
18.043,0.45793
17.518,0.4646
17.413,0.47038
17.798,0.46162
16.986,0.47577
18.115,0.4576
17.63,0.46381
17.315,0.46711
17.347,0.46598
17.233,0.4711
17.098,0.47266
18.013,0.45666
17.934,0.45982
17.473,0.46486
17.155,0.47495
15.846,0.4954
18.295,0.45097
16.899,0.47668
17.467,0.46676
14.884,0.51344
16.31,0.48259
17.101,0.47538
18.704,0.44399
17.607,0.46359
17.665,0.46148
18.17,0.4502
17.688,0.46239
17.44,0.46966
17.66,0.46284
17.392,0.46682
17.273,0.46863
17.754,0.46006
17.222,0.46943
16.335,0.48471
17.278,0.47118
16.598,0.48104
16.806,0.47627
17.002,0.473
17.004,0.47543
16.838,0.47976
17.002,0.4705
17.514,0.46052
17.019,0.47302
16.36,0.48421
16.412,0.48565
16.23,0.48669
16.108,0.48963
16.181,0.488
17.103,0.47568
17.303,0.47019
15.953,0.49308
15.962,0.49364
16.1,0.49134
17.138,0.47526
17.317,0.47194
17.267,0.47033
17.467,0.46614
16.86,0.47745
17.813,0.46204
16.811,0.4791
17.744,0.45977
16.528,0.48278
17.039,0.47363
16.668,0.47922
17.833,0.45556
17.622,0.46116
17.861,0.45808
17.556,0.46388
15.816,0.49459
18.864,0.44409
18.636,0.45386
18.933,0.43642
17.948,0.45851
18.374,0.44724
17.632,0.46051
17.396,0.46577
18.224,0.45843
17.257,0.47029
17.049,0.47155
18.283,0.45705
18.629,0.4401
18.016,0.45357
18.326,0.44925
17.199,0.47023
17.514,0.46704
16.316,0.48589
17.388,0.46703
16.962,0.4761
18.024,0.45747
16.804,0.47811
17.065,0.47383
17.954,0.4553
18.284,0.4538
17.563,0.46421
15.781,0.49524
16.089,0.49082
17.154,0.47356
17.583,0.46516
16.615,0.47909
17.559,0.46599
16.196,0.48868
17.633,0.46302
17.87,0.45757
17.094,0.4715
17.023,0.47451
17.392,0.46871
17.315,0.46855
17.684,0.4589
17.002,0.47206
18.174,0.45
16.613,0.48182
16.727,0.47925
16.626,0.48049
17.147,0.47169
17.027,0.4752
17.821,0.45691
17.446,0.46365
17.761,0.45911
17.546,0.46213
17.403,0.46441
17.388,0.46235
17.444,0.46357
16.352,0.48458
16.455,0.48173
17.21,0.4691
16.924,0.47364
16.769,0.47742
17.076,0.46823
16.243,0.48708
16.936,0.47522
16.98,0.47604
17.549,0.46352
18.102,0.44911
17.29,0.47002
17.644,0.46195
17.805,0.45934
16.768,0.47899
17.087,0.47065
17.981,0.45833
17.756,0.45827
17.732,0.46101
17.045,0.47304
17.249,0.46918
17.357,0.46435
17.34,0.46554
17.093,0.47259
17.296,0.46462
17.575,0.46125
17.186,0.46613
17.734,0.45834
17.21,0.46414
16.76,0.47849
18.026,0.45569
17.343,0.46651
18.237,0.45537
18.176,0.45788
18.517,0.44998
17.984,0.46196
18.584,0.44822
16.948,0.47409
16.996,0.474
17.207,0.4677
16.72,0.4798
16.771,0.48113
18.45,0.45095
18.089,0.45713
13.745,0.52727
17.181,0.46645
15.745,0.49456
16.869,0.4757
17.377,0.46519
17.65,0.46241
16.97,0.47728
16.895,0.47983
17.509,0.4626
17.531,0.46062
17.079,0.47226
16.886,0.47242
16.347,0.48206
16.979,0.47208
16.578,0.48164
17.006,0.47001
17.004,0.47273
16.599,0.47937
16.014,0.4931
16.807,0.47707
17.028,0.47235
17.297,0.46604
17.333,0.4681
15.966,0.49062
17.359,0.46467
16.91,0.47587
17.605,0.4613
17.251,0.46632
17.583,0.46335
18.729,0.44914
17.725,0.46067
17.204,0.47071
17.437,0.46517
18.277,0.45114
18.38,0.44922
16.273,0.48593
17.632,0.45988
16.078,0.48804
17.593,0.45887
17.385,0.46567
16.988,0.47284
17.275,0.46782
17.499,0.46516
17.804,0.45868
17.129,0.46875
16.373,0.48329
17.57,0.46655
16.842,0.47732
16.51,0.48083
16.304,0.48472
17.488,0.46345
17.06,0.47153
16.998,0.47385
17.146,0.46814
18.358,0.45043
17.488,0.46136
16.649,0.478
16.534,0.47936
15.753,0.4932
17.247,0.46984
18.117,0.451
18.446,0.44614
17.791,0.45888
17.025,0.47357
17.49,0.4662
17.624,0.46345
17.305,0.46782
16.378,0.4821
16.405,0.48459
18.058,0.44971
16.242,0.48746
17.182,0.46922
17.021,0.47462
18.984,0.43553
16.968,0.47625
16.523,0.48226
16.845,0.47968
17.925,0.45882
17.512,0.46748
16.798,0.47673
16.68,0.47985
16.202,0.48883
16.112,0.48899
17.668,0.46283
17.742,0.45984
16.045,0.49057
16.539,0.48661
17.074,0.47322
17.694,0.45841
17.57,0.46248
17.532,0.46377
17.81,0.45448
18.276,0.44806
17.377,0.46405
17.459,0.46528
17.534,0.46214
17.155,0.46814
15.845,0.4931
16.801,0.4747
17.841,0.45803
17.394,0.46423
17.519,0.46417
16.975,0.47344
17.926,0.45707
17.024,0.47185
17.512,0.46251
16.261,0.48665
16.96,0.47707
16.147,0.48804
17.418,0.46716
17.742,0.4606
15.436,0.5007
17.084,0.46842
17.218,0.46506
17.045,0.4726
17.601,0.46697
15.733,0.49436
16.821,0.48115
17.42,0.46503
17.516,0.46521
18.278,0.46049
18.256,0.46179
16.174,0.4891
16.715,0.47647
16.654,0.4765
16.802,0.4753
17.901,0.45996
16.832,0.47491
16.963,0.47215
16.228,0.48319
18.52,0.4479
18.131,0.45634
16.857,0.47863
16.88,0.47825
18.205,0.45513
17.621,0.45981
17.19,0.46856
17.032,0.47303
17.424,0.4661
16.863,0.47283
17.253,0.46693
17.206,0.47152
17.145,0.47046
17.068,0.47284
16.718,0.48012
17.277,0.46642
16.985,0.47331
17.417,0.46199
17.154,0.46747
16.209,0.48728
16.886,0.47293
17.812,0.45931
17.304,0.46438
16.992,0.47292
16.509,0.48178
16.082,0.4904
16.919,0.47731
15.668,0.49952
15.628,0.49904
16.194,0.48805
16.659,0.47848
16.946,0.47192
16.017,0.49051
16.084,0.48858
16.048,0.48925
17.195,0.46727
17.372,0.4679
17.384,0.46727
17.271,0.46846
17.447,0.46514
17.506,0.4652
17.1,0.47202
17.116,0.47157
16.141,0.48922
17.034,0.47543
16.951,0.47919
17.558,0.46234
16.994,0.47003
17.672,0.46475
15.75,0.4987
15.854,0.49726
15.761,0.49704
17.105,0.47027
15.607,0.49987
17.083,0.47157
17.082,0.473
16.714,0.47952
17.187,0.46936
16.653,0.4838
15.957,0.49036
16.878,0.47893
15.783,0.49658
15.823,0.49848
15.593,0.50216
15.639,0.50115
15.669,0.49971
16.969,0.47537
16.591,0.4848
15.636,0.49961
15.71,0.4999
15.949,0.49376
15.887,0.49717
17.563,0.46488
17.152,0.47222
17.191,0.47244
17.061,0.47345
16.95,0.47362
16.361,0.48497
18.918,0.44143
17.006,0.47672
16.445,0.48715
17.303,0.47136
17.1,0.47289
16.244,0.49046
16.442,0.4857
15.831,0.49656
16.142,0.49089
15.161,0.50734
15.594,0.49916
16.925,0.47383
16.662,0.47754
16.153,0.48784
15.432,0.50261
15.475,0.50099
16.171,0.4869
16.917,0.47463
17.234,0.47976
17.475,0.47361
15.786,0.49742
16.474,0.4838
16.088,0.49212
17.851,0.4591
16.431,0.48737
18.202,0.45343
15.87,0.49681
17.344,0.46806
17.152,0.47026
17.888,0.45355
17.208,0.47158
17.402,0.46348
16.771,0.47765
17.002,0.47407
17.384,0.46667
16.966,0.47373
16.663,0.47954
16.983,0.47397
16.599,0.48245
16.96,0.4754
16.994,0.47595
16.299,0.48388
17.031,0.47677
17.281,0.46963
16.684,0.47769
16.876,0.47295
16.599,0.48147
17.143,0.46952
16.983,0.47321
16.838,0.47489
16.858,0.47449
16.824,0.4761
17.245,0.46751
16.768,0.47902
17.078,0.47616
17.934,0.46095
16.548,0.4853
16.845,0.48109
15.973,0.49306
15.52,0.5007
15.832,0.49499
17.171,0.47171
15.531,0.50048
16.892,0.47452
16.655,0.47863
16.516,0.48198
16.779,0.47685
16.709,0.48354
15.683,0.49595
15.678,0.49628
17.148,0.46932
16.82,0.47563
15.123,0.5065
16.813,0.47325
15.501,0.50163
16.974,0.48222
15.346,0.50308
16.774,0.4734
15.515,0.50343
15.547,0.50207
15.43,0.5062
15.538,0.50355
15.934,0.49674
15.613,0.50201
17.095,0.47306
15.198,0.50877
16.806,0.47536
15.594,0.50035
15.631,0.49924
15.424,0.50449
18.068,0.46955
18.165,0.46651
18.052,0.46834
15.487,0.50103
18.581,0.45463
18.358,0.45811
18.127,0.46334
18.503,0.45662
19.017,0.44771
18.81,0.45326
18.667,0.45541
18.553,0.45518
15.311,0.50615
16.106,0.49006
17.35,0.47104
15.349,0.50309
16.313,0.48574
16.736,0.47662
16.915,0.47488
15.816,0.49341
15.484,0.49896
15.745,0.49365
16.477,0.4811
18.458,0.45131
16.901,0.47471
16.483,0.48284
16.696,0.48098
16.623,0.48016
16.134,0.4897
16.532,0.48346
16.553,0.48174
16.24,0.48725
15.408,0.50168
16.626,0.47663
17.286,0.46496
16.935,0.47391
17.075,0.46943
17.498,0.46301
17.194,0.46771
17.697,0.45781
14.759,0.51089
18.745,0.44236
17.078,0.46799
17.194,0.46726
17.147,0.46731
16.077,0.48712
17.024,0.46825
16.861,0.47182
17.018,0.46839
17.014,0.46871
18.935,0.43308
15.982,0.4893
16.312,0.48166
16.952,0.46941
17.753,0.4592
16.91,0.46964
16.837,0.47113
16.18,0.48255
16.429,0.47771
16.106,0.48155
15.259,0.50247
16.243,0.48329
16.184,0.48375
17.275,0.46496
17.193,0.46448
16.573,0.47543
16.495,0.47576
16.784,0.47118
17.096,0.46233
15.732,0.49061
15.885,0.48748
18.376,0.44162
15.883,0.48221
16.272,0.48391
15.814,0.48697
16.351,0.47961
17.164,0.46039
16.468,0.47722
15.969,0.48495
16.405,0.47697
16.988,0.47032
15.42,0.49146
16.828,0.46835
16.541,0.47325
15.942,0.48586
15.786,0.48861
15.565,0.49191
16.511,0.47217
16.924,0.46639
15.612,0.4868
16.682,0.47573
16.392,0.4744
15.413,0.49178
17.139,0.46401
15.474,0.49159
15.457,0.49039
15.602,0.48865
15.634,0.48533
15.412,0.48802
15.468,0.48842
15.152,0.49357
15.368,0.48884
16.596,0.46768
15.052,0.49683
15.088,0.49638
16.511,0.46802
15.671,0.48494
15.985,0.47333
15.498,0.48814
15.791,0.48054
15.83,0.48138
15.769,0.48041
15.862,0.47788
15.661,0.48127
15.61,0.48092
15.553,0.48211
14.812,0.49704
15.834,0.47664
15.2,0.48596
14.83,0.49263
15.665,0.48174
15.866,0.47535
15.612,0.47899
15.98,0.47051
15.332,0.48525
15.685,0.4774
14.874,0.49302
15.772,0.47108
15.371,0.4784
15.071,0.48638
15.696,0.4736
14.727,0.4947
15.031,0.49258
15.214,0.48521
15.744,0.47657
15.999,0.47371
14.903,0.48919
15.087,0.48347
15.1,0.48493
14.885,0.48836
14.928,0.48614
14.836,0.48795
14.94,0.48738
14.874,0.48638
13.931,0.50705
15.452,0.47445
14.822,0.48703
14.426,0.49531
14.547,0.49294
15.07,0.48258
15.14,0.48189
13.659,0.50868
14.738,0.48647
14.87,0.48336
15.298,0.47696
16.385,0.46286
14.536,0.49269
14.689,0.49
14.24,0.49522
13.442,0.50987
16.373,0.46318
15.11,0.48165
14.742,0.48745
14.298,0.49393
14.195,0.49654
14.689,0.48443
14.887,0.47862
14.162,0.49473
15.902,0.46729
15.339,0.47593
14.129,0.49656
15.278,0.47472
16.259,0.45875
15.293,0.47067
14.479,0.48737
15.618,0.46603
15.304,0.4701
14.996,0.48017
14.366,0.48739
13.575,0.4987
13.988,0.49441
14.103,0.49148
14.455,0.48382
14.133,0.48706
14.395,0.48327
14.112,0.48571
14.63,0.47773
14.475,0.47948
14.156,0.48518
14.315,0.48201
14.205,0.48362
14.071,0.48487
13.248,0.4981
14.062,0.48437
12.997,0.50274
13.367,0.49759
14.01,0.48462
13.144,0.49913
12.903,0.50345
14.078,0.48353
13.716,0.48829
14.468,0.47711
13.564,0.49004
13.337,0.49327
13.784,0.48695
13.89,0.48462
13.775,0.48453
14.603,0.46768
14.597,0.46846
14.735,0.46416
14.573,0.46506
14.698,0.46439
13.431,0.48714
14.692,0.46196
14.847,0.45857
14.427,0.46721
13.843,0.47937
14.24,0.47265
14.128,0.47413
14.105,0.47361
13.856,0.47732
13.909,0.47605
13.661,0.47945
13.824,0.47831
13.662,0.47849
13.979,0.4726
13.574,0.48063
14.575,0.46065
13.133,0.48976
13.341,0.48532
13.282,0.48539
13.617,0.47666
13.01,0.48776
13.41,0.48155
13.09,0.48724
14.025,0.46989
13.817,0.47415
12.757,0.49189
12.871,0.49068
12.338,0.49929
13.437,0.48189
13.712,0.47479
13.119,0.48527
13.46,0.47996
12.928,0.48749
13.707,0.47311
13.381,0.47843
13.377,0.478
12.701,0.48595
14.221,0.46111
13.79,0.46324
13.182,0.4735
12.919,0.48257
12.756,0.48469
12.651,0.48825
12.652,0.48483
12.894,0.48093
13.245,0.47509
12.488,0.49163
12.552,0.49065
12.111,0.49412
12.623,0.48773
12.402,0.49096
12.902,0.48101
11.523,0.50911
12.44,0.49261
12.55,0.48884
12.434,0.49075
12.423,0.48937
12.305,0.49173
12.696,0.48519
12.398,0.48926
12.513,0.4852
12.582,0.48329
12.064,0.49365
11.712,0.49959
11.895,0.4985
11.84,0.49995
11.989,0.49489
12.319,0.48735
11.924,0.4954
11.649,0.50314
12.183,0.48872
11.791,0.49592
12.244,0.48675
11.53,0.50095
11.576,0.50092
11.779,0.49595
11.364,0.50441
11.131,0.50849
10.935,0.51412
10.963,0.51233
10.903,0.5133
6.947,0.61938
11.226,0.50603
11.088,0.5096
11.13,0.50714
10.807,0.51586
10.86,0.51193
10.816,0.51201
11.115,0.50391
11.035,0.50549
11.081,0.50637
10.773,0.51195
10.708,0.51392
10.813,0.51019
10.839,0.50881
10.68,0.51291
10.716,0.51175
10.639,0.51251
10.622,0.51351
10.624,0.51344
10.259,0.52282
10.463,0.51707
10.268,0.52121
10.343,0.51947
10.167,0.52328
10.345,0.51624
10.146,0.52173
10.311,0.51654
10.111,0.52118
10.17,0.52024
10.23,0.51679
10.119,0.52009
10.125,0.51681
10.018,0.52069
9.8576,0.52426
10.18,0.51792
9.869,0.52305
10.212,0.51495
9.9782,0.51707
10.259,0.51277
10.191,0.51319
9.888,0.51687
10.219,0.50724
10.451,0.50412
9.4073,0.52971
9.6989,0.51975
10.2,0.50791
9.6942,0.5184
9.8635,0.51011
9.8531,0.51262
10.025,0.50589
9.8791,0.50942
9.7531,0.50852
9.806,0.50871
9.8556,0.50726
9.7093,0.51212
9.6235,0.51114
9.7883,0.50947
9.5219,0.51343
9.3291,0.51909
9.5348,0.51159
9.3444,0.51951
9.266,0.52266
9.4173,0.51817
9.5284,0.51315
9.2187,0.52337
8.9546,0.53286
8.9279,0.53171
8.4857,0.54001
8.8724,0.5339
8.424,0.54086
8.7723,0.53194
8.8631,0.53211
9.155,0.52173
8.4985,0.53806
8.1191,0.5512
8.2484,0.54813
8.3232,0.54377
8.5196,0.54037
8.5984,0.53551
8.6713,0.53112
8.4707,0.53821
8.8008,0.52627
8.4723,0.53719
8.4406,0.53534
8.1048,0.54899
8.7927,0.53074
8.396,0.54066
7.9941,0.54989
7.9665,0.54669
8.1111,0.54763
7.882,0.55183
7.8451,0.55307
7.8635,0.55414
7.567,0.55984
7.8693,0.55198
8.4214,0.53865
8.4754,0.53525
8.3883,0.53822
7.9396,0.54828
8.1307,0.54513
7.6712,0.55648
7.7139,0.55669
7.4865,0.56068
7.6237,0.55593
7.7988,0.54906
7.4964,0.55606
7.5415,0.55991
7.3706,0.56773
7.4833,0.56179
7.4624,0.5622
7.4636,0.5629
7.5567,0.55817
7.488,0.5619
7.4379,0.5641
7.4605,0.56024
7.1692,0.57195
7.4602,0.56116
7.3031,0.56483
7.4621,0.56184
7.4669,0.55937
7.4352,0.56005
7.5303,0.55726
7.7315,0.55111
7.759,0.55093
7.3707,0.56133
7.1846,0.56961
7.499,0.55808
7.3225,0.56156
7.4594,0.55604
7.3346,0.56258
7.1853,0.56575
7.1454,0.56962
6.9591,0.57735
6.9305,0.57759
7.145,0.57014
6.9851,0.57821
7.2421,0.56487
7.2417,0.56072
7.4852,0.55828
6.416,0.59067
6.89,0.57211
7.2347,0.56298
7.3896,0.56187
7.3748,0.56123
6.8794,0.57756
7.0301,0.57298
7.2457,0.56332
7.0901,0.56943
7.1978,0.56374
7.1533,0.56719
7.0416,0.57164
7.5441,0.55733
7.6848,0.54888
7.4894,0.55638
7.3435,0.56602
7.738,0.54733
7.7797,0.54857
7.5464,0.55603
7.4621,0.56023
7.5767,0.55249
7.1304,0.5729
7.4663,0.55583
7.1995,0.56704
7.1937,0.56671
8.2184,0.53753
6.8978,0.5796
6.8975,0.57598
6.7251,0.58532
6.9098,0.57935
6.7361,0.58538
7.1026,0.56783
6.9452,0.57535
6.8439,0.57994
7.0772,0.56912
6.6628,0.58527
6.8653,0.57614
7.0173,0.56976
7.0008,0.56997
7.3343,0.56013
7.5915,0.55436
7.0767,0.56561
7.3365,0.55788
6.9098,0.57223
6.9454,0.56995
7.1358,0.56804
7.1124,0.56721
7.0292,0.57022
7.2765,0.56048
7.0485,0.56879
6.9624,0.57347
7.1273,0.56703
7.1915,0.56465
6.8738,0.57976
7.0486,0.5701
7.1676,0.56583
7.0312,0.5707
7.0348,0.57149
7.0592,0.56756
7.0033,0.56939
6.897,0.57158
7.0772,0.56212
7.3786,0.55529
7.0938,0.56964
7.0546,0.57166
7.2271,0.56221
7.2715,0.563
7.0561,0.56846
7.0856,0.56716
7.1868,0.56319
7.3058,0.56206
7.1328,0.56585
6.6741,0.57472
7.2082,0.56113
6.8884,0.57489
7.1489,0.56356
7.145,0.56424
6.9484,0.57358
6.968,0.57107
7.0767,0.56569
7.0066,0.56845
6.8857,0.57484
6.8427,0.57594
7.0778,0.56594
6.7992,0.5784
6.8633,0.57681
6.9275,0.5709
7.0857,0.56829
7.4363,0.5532
7.0571,0.57008
6.9731,0.57167
7.0506,0.57127
6.9492,0.57387
7.1953,0.56464
6.6271,0.58248
6.8121,0.5775
6.7621,0.57941
6.8347,0.57648
6.5522,0.58885
6.7108,0.58192
6.8345,0.57418
6.8676,0.57491
6.9377,0.57275
6.9911,0.56912
6.7482,0.57951
6.5417,0.59012
6.6982,0.58291
6.7199,0.58064
6.7505,0.57718
6.671,0.58374
6.8358,0.5744
6.8368,0.57103
6.6674,0.57905
6.8932,0.57306
6.9405,0.5668
6.6693,0.58137
6.7338,0.57819
6.5511,0.58771
6.5727,0.58211
6.2918,0.59489
6.6145,0.58401
6.2634,0.59609
6.5328,0.58207
6.3553,0.58963
6.3619,0.59138
6.3188,0.59414
6.1002,0.60323
6.1497,0.59953
6.1716,0.59865
6.0288,0.60618
6.4005,0.59466
6.153,0.60002
6.5366,0.58483
6.4351,0.59119
6.4427,0.59158
6.5616,0.5856
6.4758,0.59012
6.5315,0.58643
6.4246,0.59087
6.4513,0.58965
6.5535,0.58416
6.4634,0.58927
6.6137,0.58229
6.4741,0.5882
6.3061,0.59179
6.3545,0.58843
6.6499,0.57881
6.3451,0.59444
6.4547,0.58839
6.7828,0.57285
6.5653,0.58258
6.6773,0.57875
6.5462,0.58493
6.585,0.58305
6.2031,0.59963
6.4809,0.5865
6.6273,0.57624
6.411,0.58559
6.2417,0.5937
6.1739,0.59301
6.2704,0.59246
5.9932,0.60429
6.4463,0.58883
6.3667,0.59225
6.3971,0.58753
6.4232,0.59095
6.2379,0.60036
6.5466,0.58366
6.6906,0.57685
6.3242,0.59641
6.6482,0.57839
6.4672,0.58716
6.6043,0.58307
6.5013,0.58783
6.5338,0.58433
6.4393,0.58917
6.4366,0.59017
6.6208,0.58172
6.4445,0.58877
6.5526,0.58525
6.4409,0.58912
6.6657,0.5766
6.385,0.58976
6.254,0.59655
6.3121,0.59643
6.2173,0.60041
6.313,0.5967
6.4594,0.58812
6.4015,0.59001
6.475,0.58705
6.2811,0.5956
6.275,0.59734
6.1617,0.59106
5.9873,0.59978
6.2745,0.59313
6.5706,0.58201
6.0125,0.60275
6.3639,0.5915
6.4218,0.59091
6.43,0.58505
6.6922,0.57612
6.2105,0.59775
6.339,0.5906
6.355,0.58584
6.3553,0.59126
6.4261,0.58825
6.4142,0.58873
6.5237,0.58277
6.2356,0.59734
6.2899,0.59427
6.2533,0.59259
6.234,0.59757
6.2164,0.59516
6.2089,0.59756
6.2618,0.59317
6.1393,0.60025
6.3775,0.58802
6.244,0.59241
6.5239,0.58359
6.1806,0.59619
6.3125,0.59379
6.402,0.58856
6.3132,0.5911
6.2001,0.59526
6.4705,0.584
6.3705,0.59017
6.3193,0.59331
6.3427,0.5921
6.4315,0.58845
6.451,0.58558
6.1809,0.6001
6.0544,0.60238
6.4551,0.58341
6.4817,0.58446
6.3252,0.59328
6.3463,0.59267
6.6018,0.57991
6.2492,0.59812
6.4369,0.58885
6.1876,0.59622
6.3586,0.59189
6.3372,0.58998
6.2336,0.59522
6.2404,0.59329
6.2512,0.59467
6.2039,0.59779
6.321,0.59184
6.442,0.58508
6.4487,0.58363
6.2174,0.5963
6.2207,0.5965
6.3744,0.5898
6.2611,0.59455
6.0849,0.60407
6.3813,0.587
6.3422,0.58988
6.1042,0.60131
6.1939,0.59546
6.2522,0.59378
6.2385,0.59282
6.1852,0.59631
6.2342,0.59372
6.185,0.59674
6.0844,0.60205
5.9397,0.61156
6.2313,0.59653
6.2859,0.59367
6.0626,0.60319
6.0283,0.60517
6.087,0.60019
6.1101,0.60217
5.5984,0.62632
6.4912,0.58288
6.0871,0.60151
6.1933,0.59923
3.4298,0.73848
6.178,0.59183
6.3529,0.58681
6.1566,0.59591
6.1297,0.59977
6.1231,0.59698
5.8822,0.60978
5.7341,0.61212
6.3039,0.58958
6.1321,0.59811
6.0757,0.60063
5.8987,0.6084
5.9058,0.60787
6.4536,0.58394
6.6112,0.57786
6.568,0.58067
6.3779,0.58905
6.2032,0.59703
6.6071,0.5771
6.4371,0.58403
6.6002,0.576
6.4157,0.58449
6.2563,0.59092
6.8448,0.56859
6.2986,0.5899
5.9787,0.60448
6.2146,0.59592
6.0454,0.59901
6.175,0.59758
6.3123,0.59012
6.301,0.59091
6.1323,0.59835
6.0947,0.60082
6.0383,0.60236
6.1008,0.59862
6.0766,0.60088
6.0521,0.60358
6.4031,0.58399
5.8851,0.60484
6.1279,0.59688
6.1524,0.59707
6.1133,0.59638
6.0034,0.60257
6.0499,0.59925
5.9797,0.6037
6.2221,0.59181
6.0993,0.59959
6.1604,0.59021
6.1194,0.59649
6.1617,0.59687
5.8813,0.61048
6.0205,0.60466
6.1685,0.59714
5.9694,0.60795
5.9051,0.60956
6.177,0.59823
6.2264,0.59314
6.0465,0.60423
6.1607,0.6023
5.8425,0.61154
6.1549,0.59604
5.7814,0.60949
6.1146,0.59624
6.1271,0.59697
6.0372,0.6005
6.176,0.5948
6.0589,0.59773
6.0941,0.5957
5.8354,0.61189
5.9144,0.60626
5.7963,0.61038
5.9126,0.60489
5.8894,0.60778
5.7381,0.61247
5.9549,0.60407
6.1169,0.59839
5.8839,0.61069
6.1879,0.59592
5.8651,0.61215
5.8197,0.61045
5.8936,0.6076
5.8283,0.61002
5.7536,0.61656
3.7565,0.72843
5.855,0.60995
5.5718,0.62067
5.4941,0.62466
5.6441,0.61984
5.9378,0.60405
5.9319,0.60686
6.055,0.60179
5.8405,0.60693
5.5631,0.62064
5.7364,0.61447
5.744,0.61431
5.828,0.6103
5.7312,0.61609
5.8655,0.61131
5.7844,0.61413
5.7944,0.61096
5.6156,0.62198
5.7033,0.61744
6.0448,0.60027
5.9774,0.60415
5.7008,0.61855
5.8224,0.60969
5.8523,0.60898
5.7225,0.61621
5.8491,0.60906
6.1847,0.59418
6.0597,0.60021
5.7918,0.61397
5.6905,0.6194
5.9519,0.60551
5.7765,0.61254
5.6739,0.61834
5.7239,0.61607
5.7824,0.61427
5.8805,0.61001
5.819,0.61199
5.8583,0.60835
5.653,0.61898
5.681,0.61425
5.5363,0.61904
5.7241,0.61404
5.8827,0.60528
5.6848,0.62038
5.8141,0.60964
5.7148,0.61674
5.6047,0.62167
5.4854,0.62729
5.8206,0.61151
5.4527,0.62976
5.5517,0.62147
5.9126,0.60728
6.0022,0.60096
5.6517,0.62034
6.0247,0.6
6.0669,0.59682
6.0362,0.59812
5.8898,0.60666
5.9945,0.60277
6.0136,0.60009
5.8918,0.6063
5.8851,0.60631
5.8559,0.60721
5.8189,0.60733
5.5772,0.62137
5.6986,0.61765
5.5873,0.62272
5.8689,0.60776
5.491,0.62901
5.8954,0.60618
5.6858,0.61539
5.4674,0.62916
5.7016,0.61286
5.7014,0.6161
5.7737,0.61213
5.6776,0.61341
5.8118,0.60837
5.6141,0.62033
5.7058,0.61254
5.8516,0.6103
5.9228,0.60492
5.6561,0.61807
5.2966,0.63855
5.3479,0.6348
5.2714,0.63253
5.9218,0.60602
6.0943,0.59736
5.7906,0.61459
5.8877,0.60871
5.9996,0.60179
5.5526,0.62505
5.9743,0.60167
5.7579,0.61299
5.5803,0.62313
5.8961,0.60863
5.639,0.62062
5.8991,0.60773
5.5126,0.62804
5.8534,0.60686
3.162,0.75584
5.5526,0.62101
5.525,0.62138
5.8068,0.60745
5.6889,0.61548
5.6629,0.61619
5.5841,0.62033
5.5271,0.62346
5.828,0.60844
5.3606,0.63235
5.7224,0.61572
5.6092,0.61952
5.6535,0.61602
5.6908,0.61472
5.4729,0.62414
5.5243,0.62328
5.5248,0.62233
5.582,0.62158
5.5958,0.61914
5.5835,0.62079
5.3429,0.63369
5.4469,0.62769
5.6148,0.61704
5.6241,0.61398
5.6151,0.61652
5.8844,0.6061
5.6423,0.61686
5.5298,0.62411
5.6396,0.61726
5.5819,0.62
5.404,0.63089
5.472,0.62031
5.7076,0.61599
5.6966,0.61492
5.6455,0.61756
5.8068,0.60939
5.4405,0.62753
5.6507,0.61641
5.5942,0.61872
5.7816,0.61228
5.6386,0.61817
5.4888,0.62665
5.4152,0.62929
5.6002,0.61841
5.5095,0.62363
5.7623,0.6108
5.647,0.61748
5.8403,0.60824
5.8691,0.60799
5.6914,0.61502
5.6141,0.62038
5.726,0.61418
5.7196,0.61494
5.8053,0.60949
5.7168,0.6123
5.6002,0.62085
5.3789,0.63265
5.6295,0.61786
5.6637,0.61664
5.6029,0.61746
5.8141,0.60515
5.7598,0.61137
5.6265,0.61683
5.362,0.63262
5.7489,0.61206
5.8064,0.61087
5.7675,0.60801
5.6055,0.61762
5.4703,0.62734
5.6097,0.61771
5.5408,0.62229
5.1886,0.63381
5.7957,0.6083
5.7793,0.60894
5.1189,0.63858
5.4095,0.62405
5.5776,0.61848
5.6332,0.61916
5.495,0.62694
5.7167,0.61494
5.6799,0.61592
5.284,0.63638
5.3839,0.63215
5.5614,0.62062
5.795,0.60733
5.8277,0.60538
5.9096,0.60597
5.6704,0.61718
6.0426,0.59833
5.8735,0.60579
5.746,0.61222
5.7412,0.61211
5.6532,0.61471
5.5252,0.62241
5.8112,0.60827
5.6847,0.61421
5.6162,0.61883
5.5222,0.62359
5.6302,0.61801
5.649,0.61699
5.6666,0.61377
5.3479,0.63087
5.5795,0.61896
5.3937,0.62968
5.558,0.61931
5.6745,0.61647
5.5504,0.62077
5.609,0.61793
5.5452,0.62059
5.354,0.63226
5.3614,0.632
5.5123,0.62333
5.4982,0.62458
5.5296,0.62267
5.2042,0.63907
5.3244,0.63336
5.517,0.62059
5.4907,0.62269
5.5082,0.62166
5.7075,0.61348
5.9984,0.59708
5.8317,0.60528
5.8034,0.60625
5.5833,0.6162
5.3587,0.63095
5.4673,0.62437
5.5372,0.62003
5.6349,0.61538
5.4284,0.62756
5.5254,0.62039
5.4726,0.6237
5.5365,0.61873
5.4419,0.62447
5.5323,0.61879
5.3693,0.62921
5.4823,0.6228
5.27,0.63504
5.4947,0.62277
5.2991,0.6333
5.3235,0.63368
5.4636,0.62532
5.4831,0.62501
5.4616,0.62417
5.7496,0.61364
5.7918,0.61104
5.6543,0.61734
5.5616,0.6224
5.5499,0.62208
5.6665,0.61342
5.3886,0.6293
5.3965,0.62909
5.5115,0.62191
5.6004,0.61828
5.4882,0.62556
5.6132,0.61885
5.8015,0.60823
5.7233,0.61268
5.4882,0.62525
5.6964,0.61354
5.8235,0.60493
5.5505,0.62065
5.2595,0.63711
5.5495,0.61749
5.4343,0.62581
5.5137,0.62061
5.4639,0.62376
5.4353,0.62525
5.6217,0.6163
5.5616,0.61936
5.4722,0.62314
5.483,0.62248
5.5675,0.61776
5.2874,0.63208
5.441,0.62524
5.3015,0.63377
5.4518,0.62706
5.609,0.61924
5.5403,0.62083
5.4702,0.62402
5.2886,0.63275
5.4821,0.62084
5.4502,0.62355
5.5155,0.62069
5.3604,0.63237
5.5399,0.62108
5.4628,0.62627
5.1999,0.6338
5.3161,0.63094
5.3096,0.63239
5.3952,0.62684
5.3982,0.62806
1.0141,1.0028
5.181,0.63607
5.3783,0.6276
5.2416,0.63519
5.0775,0.63829
5.2196,0.6363
5.1507,0.63731
5.4005,0.62359
5.2441,0.63212
5.3764,0.62847
5.1895,0.63915
5.2325,0.63446
5.3476,0.62535
5.1981,0.63438
5.4655,0.62002
5.4192,0.6255
5.2883,0.62979
5.2905,0.62913
5.4778,0.62063
5.1902,0.63642
5.4108,0.62264
5.3954,0.62655
5.1475,0.63919
5.0098,0.64633
5.5112,0.61796
5.375,0.62702
5.4203,0.62287
5.2956,0.62977
5.3174,0.63007
5.297,0.62942
5.4316,0.62261
5.1659,0.63706
5.1818,0.63683
5.095,0.64064
5.2715,0.63174
5.2841,0.63117
5.3902,0.62618
5.5932,0.61705
5.3402,0.62949
5.0221,0.64125
5.2665,0.63138
5.3835,0.62562
5.2098,0.63685
5.4906,0.6214
5.3731,0.62664
5.1705,0.63736
5.2382,0.63443
5.2979,0.63087
5.0438,0.63857
5.5359,0.61916
5.2731,0.63264
5.4738,0.62377
5.5589,0.61901
5.5517,0.62
5.6434,0.6143
5.5526,0.62076
5.4573,0.62537
5.4675,0.62396
5.3764,0.6276
5.5641,0.61667
5.1294,0.63855
5.6465,0.61344
5.531,0.61809
5.2815,0.63222
5.485,0.6224
5.3343,0.62745
5.1717,0.63748
5.3188,0.62996
5.3503,0.62846
5.4053,0.62482
5.3165,0.62716
5.211,0.63482
5.7065,0.60938
5.3941,0.62732
5.439,0.62653
5.4173,0.62625
5.5128,0.62091
5.4095,0.62614
5.5678,0.61819
5.4466,0.62452
5.4363,0.6238
5.3078,0.63148
5.4092,0.62587
5.5608,0.61795
5.3783,0.62832
5.3893,0.62578
5.3657,0.62654
5.5684,0.61568
5.4345,0.62573
5.451,0.62298
5.3306,0.62869
5.408,0.62588
5.2508,0.63381
5.376,0.62761
5.4016,0.62411
5.4043,0.624
5.411,0.62582
5.3319,0.63124
5.629,0.61448
5.4213,0.62734
5.3289,0.63204
5.5536,0.61818
5.4156,0.62476
5.3513,0.62933
5.2758,0.63342
5.3572,0.62912
5.2868,0.63176
5.3512,0.62971
5.6059,0.61569
5.6762,0.61177
5.4168,0.62596
5.3947,0.62544
5.3506,0.6275
5.5133,0.61961
5.3715,0.62764
5.3545,0.62809
5.2828,0.6318
5.4595,0.62332
5.6118,0.61413
5.4813,0.62025
5.5816,0.61568
5.4512,0.62256
5.3096,0.6311
5.454,0.62339
5.5101,0.61961
5.2993,0.63178
5.3517,0.62635
5.3248,0.62774
5.234,0.62986
5.0744,0.64115
5.2596,0.63243
5.2263,0.63289
5.7276,0.60768
5.5962,0.61439
5.6362,0.61098
5.5286,0.61714
5.454,0.62362
5.4703,0.62236
5.5131,0.61747
5.5735,0.61495
5.3531,0.62636
5.3259,0.62866
5.4503,0.62075
5.3128,0.62929
5.0914,0.63806
5.0289,0.64116
5.1845,0.63486
5.1648,0.63316
5.0978,0.63786
5.1322,0.63435
5.058,0.6381
5.2907,0.62899
5.2618,0.62851
5.1476,0.63665
5.0263,0.63876
5.1111,0.63672
5.3167,0.6261
5.258,0.62975
5.4368,0.61995
5.3073,0.62842
5.4019,0.62113
5.3905,0.62407
5.4522,0.61904
5.3711,0.62373
5.396,0.62101
5.3203,0.62474
5.1078,0.63568
5.2702,0.6288
5.2592,0.62404
5.3288,0.62425
5.1976,0.62935
5.172,0.63037
5.256,0.62675
5.3074,0.62418
5.3871,0.61965
5.258,0.62761
5.2656,0.62581
5.4061,0.61728
5.3042,0.623
5.4406,0.61483
4.9571,0.64432
5.2012,0.6278
5.3994,0.6169
5.3871,0.61786
5.3597,0.61934
5.2464,0.6262
5.206,0.62612
5.2788,0.62324
5.0558,0.63439
5.2597,0.62249
5.277,0.62112
5.3344,0.61807
5.2504,0.62304
5.2397,0.62361
5.15,0.62803
5.2419,0.62348
5.243,0.62373
5.1295,0.62797
5.1264,0.62806
5.0668,0.62973
4.9894,0.63332
4.9266,0.63702
4.8808,0.64003
5.0418,0.63244
5.0668,0.62946
5.0432,0.63106
5.1919,0.62341
5.0663,0.63109
4.9546,0.63482
5.1052,0.62765
5.0075,0.63036
4.9283,0.63318
4.9406,0.63193
5.1118,0.62447
4.9297,0.63214
4.925,0.63205
4.6163,0.64433
4.6973,0.64632
4.8148,0.63635
4.5671,0.65099
4.914,0.63166
4.7065,0.64209
4.8689,0.63389
4.9083,0.6304
4.9044,0.62892
4.7768,0.63591
4.7584,0.63873
4.8701,0.63179
4.938,0.62817
4.898,0.62777
4.8082,0.63238
4.7047,0.6374
4.7448,0.6331
4.8088,0.63088
4.7657,0.63315
4.7026,0.63756
4.719,0.63512
4.6629,0.63591
4.7695,0.62938
4.723,0.63096
4.6917,0.63556
4.7418,0.63184
4.7856,0.63123
4.6461,0.63747
4.6442,0.63563
4.646,0.63474
4.7472,0.62763
4.656,0.63322
4.5778,0.63846
4.5946,0.63678
4.7091,0.6299
4.6508,0.63418
4.8391,0.62507
4.9103,0.62002
4.8117,0.62449
4.8581,0.62016
4.8401,0.62161
2.772,0.75326
4.788,0.62644
4.8139,0.62382
4.8005,0.62363
4.8201,0.62311
4.7667,0.6241
2.7083,0.75721
4.4093,0.63875
4.8029,0.61805
4.7058,0.62297
4.7014,0.6221
4.6188,0.62686
4.5084,0.63314
4.6072,0.62623
4.5453,0.62938
4.6889,0.62146
4.6758,0.62281
4.5784,0.62856
4.7008,0.62093
4.6981,0.62338
4.4914,0.63164
4.9338,0.60712
4.4173,0.63352
4.4106,0.6296
4.1988,0.64347
4.4039,0.6314
4.3392,0.63559
4.1214,0.64787
4.6216,0.61976
4.2504,0.63838
4.6358,0.62309
4.5936,0.62168
4.4757,0.62903
4.7474,0.6129
4.5716,0.623
4.6614,0.61791
4.5518,0.62608
4.4746,0.62801
4.5487,0.62475
4.6064,0.6198
4.5607,0.62252
4.536,0.62479
4.4176,0.63148
4.4859,0.62697
4.5731,0.62288
4.3698,0.63518
3.9873,0.65161
2.2977,0.77974
2.5531,0.75836
4.4252,0.63143
4.4413,0.62925
3.9483,0.65157
4.2633,0.63851
2.4443,0.76812
4.3695,0.63188
4.3199,0.63109
4.3352,0.62906
4.2017,0.63694
4.2263,0.63429
4.1373,0.6417
4.1905,0.63642
4.2583,0.63317
4.2778,0.63163
4.3521,0.6261
4.3219,0.62799
4.153,0.6381
4.2644,0.63213
4.3029,0.63189
4.3724,0.62739
4.3578,0.62914
4.4035,0.62645
4.3802,0.62648
4.2353,0.63553
4.2646,0.63183
2.4287,0.76283
2.4731,0.75891
2.4097,0.76547
2.342,0.77463
2.3519,0.77472
4.2314,0.63187
4.2016,0.63119
4.2324,0.63292
4.1051,0.64068
4.232,0.63248
4.2263,0.63201
4.0395,0.64479
4.1431,0.63757
3.9707,0.64956
4.1691,0.6347
4.2119,0.63368
4.0436,0.642
3.9486,0.64716
4.1146,0.63685
4.0693,0.63797
3.9821,0.64407
3.9409,0.64793
3.9564,0.64595
3.9593,0.64732
4.0156,0.64514
3.8282,0.65626
0.76429,1.0145
0.73545,1.0241
0.76136,1.0174
4.1349,0.63623
4.1902,0.63228
4.3032,0.62276
4.1887,0.6307
4.3012,0.62217
4.0386,0.63725
4.1589,0.63097
3.965,0.64323
4.1243,0.63289
4.2006,0.62714
4.1504,0.62896
4.0223,0.638
4.103,0.63202
4.238,0.62474
4.267,0.61975
4.1729,0.62719
4.2047,0.62496
4.1989,0.62632
4.1872,0.62593
4.1244,0.63015
4.1485,0.62697
4.1676,0.62765
4.1287,0.62912
4.0741,0.63052
3.905,0.64263
4.0028,0.63672
3.7441,0.65479
3.92,0.64076
3.8856,0.64588
4.1585,0.62539
3.8125,0.645
4.0604,0.62895
3.8048,0.6485
3.8678,0.64351
3.841,0.64406
4.0092,0.63196
4.0017,0.63255
3.7183,0.6507
3.9177,0.63978
3.953,0.63616
3.7821,0.64741
3.9118,0.64031
3.7411,0.65061
3.8565,0.64489
3.8195,0.64664
3.9129,0.63936
3.9166,0.63711
3.94,0.63552
3.7907,0.64241
3.7429,0.64362
3.8472,0.63845
3.9836,0.63052
3.7837,0.64298
3.6699,0.65131
0.34951,1.1644
3.706,0.64818
2.0245,0.79071
3.8443,0.64076
3.7417,0.64603
4.0516,0.62569
3.6295,0.65266
3.7105,0.64741
3.7859,0.6439
3.7858,0.64475
3.8893,0.63644
3.9587,0.62947
3.8245,0.6402
3.8634,0.63765
4.008,0.62609
3.8676,0.63641
3.9032,0.63282
3.8668,0.63504
3.8211,0.63545
3.7342,0.63952
3.5941,0.65082
3.6544,0.64552
3.4946,0.65752
3.7512,0.6382
3.7326,0.64051
3.7783,0.63563
3.7404,0.63835
3.6109,0.64902
3.8419,0.63225
3.6757,0.64434
3.9061,0.62669
3.8207,0.63344
3.7535,0.63628
3.7453,0.63994
3.6441,0.64509
3.6986,0.64125
3.7219,0.64041
3.5668,0.64788
3.9197,0.62539
3.7793,0.63435
3.7243,0.63708
2.166,0.76412
3.6038,0.6458
3.7969,0.6307
3.7773,0.63491
3.6036,0.64675
3.4843,0.6547
3.8531,0.63076
3.8375,0.63105
3.7528,0.63678
3.5796,0.6468
0.37741,1.1376
3.6302,0.64255
3.5689,0.64646
3.7397,0.63366
3.7994,0.62759
3.7527,0.63215
3.6941,0.63436
3.7041,0.63491
3.8227,0.62689
3.7,0.63612
3.7559,0.632
3.6994,0.63433
3.6416,0.64129
3.7818,0.62797
3.68,0.63377
3.7656,0.62961
3.8089,0.62559
3.8326,0.62693
3.8076,0.62741
3.8208,0.62564
3.6948,0.63637
3.6686,0.632
3.7487,0.6304
3.8015,0.6265
3.6192,0.64028
3.8344,0.62339
3.8056,0.62464
3.781,0.62337
3.7455,0.6268
3.6923,0.62923
3.7414,0.62302
3.4079,0.64893
3.4859,0.64277
3.7011,0.62547
3.8216,0.62359
3.3378,0.65391
3.3321,0.65457
3.35,0.65213
3.3502,0.65092
3.7526,0.62231
3.81,0.6198
3.7697,0.62492
3.7552,0.62356
3.5915,0.63362
3.7736,0.62222
3.7577,0.62611
3.8445,0.61753
3.746,0.62512
3.501,0.6437
3.6629,0.63188
3.8022,0.62019
3.562,0.63651
3.5202,0.63594
3.4788,0.64308
3.5723,0.63588
3.8532,0.61234
3.7957,0.61457
3.7173,0.62205
3.9328,0.60802
3.3937,0.64514
3.3006,0.65393
3.7594,0.6207
3.4768,0.63887
3.4056,0.64656
3.2292,0.66022
3.5933,0.63351
3.4279,0.64318
3.6202,0.6314
3.6033,0.63169
3.6583,0.62565
3.5844,0.63222
3.4443,0.64258
1.7072,0.80511
1.8939,0.78253
3.5146,0.63686
3.5205,0.63474
3.4619,0.63307
3.5179,0.63089
3.6782,0.62213
3.5814,0.62695
3.4829,0.63413
3.5342,0.63032
3.5188,0.63285
3.6151,0.62334
3.5802,0.62701
3.4254,0.64122
3.9172,0.604
3.5537,0.63226
3.3486,0.65039
3.3698,0.64239
3.7226,0.61611
3.2477,0.65047
3.6629,0.6207
3.7784,0.6129
3.6287,0.62346
3.4305,0.63948
3.7599,0.61238
3.3997,0.64224
3.9429,0.60143
3.7343,0.61506
3.3395,0.64095
3.3274,0.64113
3.3436,0.64685
3.3878,0.64373
3.367,0.64566
3.9447,0.60035
3.3208,0.64686
3.8432,0.60876
3.4209,0.64096
3.3605,0.64626
3.4139,0.63786
3.6713,0.61863
3.4777,0.63552
3.6373,0.62434
3.6256,0.62505
3.6022,0.62386
3.4949,0.63148
3.4369,0.6358
3.9477,0.60262
3.753,0.61408
3.7872,0.61084
3.6619,0.62113
3.3912,0.64168
3.5903,0.62287
3.509,0.62936
3.7164,0.61672
3.7933,0.61261
3.5958,0.6258
3.5377,0.62864
3.6918,0.61834
3.7354,0.61804
3.9064,0.60469
4.0144,0.59719
3.8156,0.61001
3.8523,0.60915
3.4595,0.63262
3.5548,0.6305
3.5004,0.63679
3.616,0.62636
3.5715,0.62834
3.6242,0.62478
3.3503,0.64399
3.4298,0.63944
3.6303,0.61899
3.4555,0.63532
3.4899,0.63119
3.4059,0.64042
3.3601,0.64371
3.4079,0.63973
3.5914,0.62
3.439,0.63641
3.4827,0.62858
3.3164,0.64448
3.2899,0.64592
3.4464,0.63595
3.3102,0.64591
3.5387,0.63133
4.1914,0.58544
3.4927,0.62731
3.2174,0.65156
3.5338,0.62635
3.1544,0.65567
3.39,0.64091
3.1153,0.65908
3.3802,0.63527
3.3213,0.63998
3.0664,0.66396
3.6863,0.61804
3.1149,0.65956
3.6733,0.61743
3.1958,0.6519
3.8285,0.60755
3.7691,0.61234
3.6204,0.61848
3.7319,0.6124
3.7592,0.61018
3.7523,0.60956
3.2512,0.64911
3.2218,0.64999
3.7886,0.60968
3.882,0.60347
3.2899,0.64522
3.2563,0.64775
3.2147,0.65047
3.6996,0.61317
3.8164,0.60272
3.7311,0.6102
3.9465,0.59798
3.7906,0.60739
3.6312,0.61738
3.2797,0.64557
3.8459,0.60426
3.7127,0.6143
3.6954,0.61375
3.6021,0.62022
3.4265,0.63111
3.6489,0.61453
3.036,0.66128
3.3698,0.63708
3.238,0.64702
3.1984,0.6492
3.2719,0.64467
3.2394,0.64789
3.2286,0.64901
3.3137,0.64392
3.4084,0.63472
3.2543,0.64643
3.4389,0.62577
3.4538,0.63194
3.2278,0.64916
3.2461,0.64673
3.3504,0.63349
3.571,0.61838
3.48,0.62702
3.747,0.61213
3.2988,0.64185
3.3272,0.63973
3.3626,0.63205
3.4888,0.62216
3.3919,0.63518
3.2864,0.64397
3.8621,0.60302
3.3365,0.63349
3.2479,0.64668
3.2933,0.63641
3.2627,0.64461
3.4628,0.62284
3.4109,0.62707
3.3952,0.63119
3.4076,0.62988
3.2997,0.63836
3.5114,0.62825
3.4749,0.63404
3.4323,0.63665
3.4054,0.63863
0.3438,1.145
3.2644,0.64835
3.0241,0.66443
3.2104,0.65157
3.0739,0.6598
3.0244,0.66381
3.0889,0.65686
3.1138,0.6543
3.1151,0.65307
3.1832,0.65187
3.1288,0.65652
3.1528,0.65376
3.1514,0.65235
3.3326,0.63955
3.3075,0.64084
3.2676,0.64273
3.0094,0.66104
3.3829,0.6345
2.9905,0.66416
3.0389,0.65949
3.5999,0.61717
3.531,0.62232
3.6085,0.61572
3.3934,0.63033
3.5848,0.61838
3.5642,0.61868
3.4565,0.62677
3.3008,0.6388
3.4183,0.62889
3.5138,0.62294
3.6597,0.61299
3.3471,0.63435
3.1732,0.65094
3.1582,0.65387
3.1101,0.65559
3.6083,0.61641
3.2497,0.64666
3.1805,0.64987
3.653,0.61304
3.1042,0.65607
3.149,0.65299
3.1621,0.65148
3.0501,0.6596
3.078,0.65806
3.6529,0.61264
3.1526,0.65043
3.7043,0.61281
3.5846,0.61984
3.5065,0.62585
3.1052,0.65526
3.1206,0.65379
3.1022,0.65808
3.4848,0.62879
3.5359,0.62437
3.0948,0.65988
3.467,0.6295
3.0868,0.65596
3.0804,0.65635
3.2992,0.6423
3.1687,0.64962
3.5848,0.61801
3.2554,0.64453
3.2212,0.6451
3.2816,0.6409
3.2301,0.64648
3.2773,0.64169
3.2554,0.64499
3.1936,0.64968
3.4072,0.63332
3.2746,0.64255
3.5273,0.62324
3.0383,0.66018
3.6097,0.61682
3.6825,0.61154
3.632,0.61519
3.4673,0.62718
3.6356,0.61503
3.4485,0.63026
3.6136,0.61761
3.5196,0.62241
3.6493,0.61283
2.9473,0.66618
3.4392,0.62746
3.5383,0.62029
3.0824,0.65521
3.4064,0.6289
3.2255,0.6449
3.2458,0.64286
3.5586,0.62021
3.4876,0.62433
3.0447,0.65975
3.5179,0.62213
3.4408,0.62737
3.4422,0.62847
3.5096,0.62137
3.0084,0.66354
3.4695,0.62573
3.5013,0.62388
3.5771,0.61947
3.5184,0.62188
3.5207,0.62222
3.4956,0.62468
3.5239,0.62345
3.6719,0.6107
3.4979,0.62268
3.1666,0.64898
3.4392,0.62699
3.4621,0.62535
3.1342,0.65155
3.4777,0.62367
3.5268,0.61945
3.0342,0.66195
3.3896,0.62805
3.0932,0.65514
3.4992,0.62143
3.4457,0.6261
3.4652,0.62444
3.3395,0.63281
3.323,0.63381
3.3221,0.63419
3.5716,0.61891
3.2293,0.64334
3.542,0.62142
3.304,0.63426
3.407,0.62794
3.1656,0.64575
3.3384,0.63087
3.3104,0.63313
3.1905,0.6476
3.6999,0.60737
3.3777,0.63174
3.4015,0.62933
3.5522,0.61865
3.2198,0.63997
3.015,0.66308
3.6354,0.61251
3.4615,0.62588
3.6857,0.60955
3.3591,0.63312
3.3664,0.63302
3.6375,0.61426
3.3966,0.62993
3.4536,0.62476
3.5242,0.61899
3.5022,0.62269
3.3382,0.63451
3.4146,0.62693
3.422,0.62729
3.5301,0.61761
3.5904,0.61607
3.5135,0.62048
3.6064,0.61273
3.4818,0.62278
3.0305,0.65497
3.7033,0.60782
3.3733,0.63254
3.5556,0.61778
3.5317,0.6207
3.4817,0.62481
3.6574,0.61157
3.4636,0.62776
3.7365,0.61016
3.1662,0.6439
3.5,0.62321
3.0008,0.66043
3.0699,0.65749
3.1916,0.64052
3.7379,0.60709
3.6641,0.60908
3.6296,0.61243
3.5013,0.62224
3.5465,0.61926
3.4665,0.62532
3.5679,0.61796
3.559,0.62006
3.5731,0.61918
2.9932,0.65865
3.4701,0.62694
3.1165,0.64645
3.0555,0.65084
3.0496,0.6511
3.2142,0.6372
3.7602,0.60429
3.7182,0.60418
3.7465,0.60289
3.7448,0.60506
3.543,0.61805
3.696,0.60975
3.4525,0.62317
3.4713,0.62192
3.0697,0.65339
3.5853,0.61542
3.4482,0.62467
3.0715,0.65517
3.0316,0.65726
3.436,0.62519
3.3481,0.63137
3.3494,0.63134
3.3666,0.62866
3.3535,0.63213
3.5301,0.61616
3.3095,0.6317
3.6425,0.61233
3.6124,0.61326
3.3407,0.63
3.5505,0.61456
3.6547,0.61112
1.5197,0.81646
3.5811,0.61841
3.2721,0.6351
3.3848,0.6285
3.3805,0.62837
3.5793,0.61359
3.3958,0.62876
3.5261,0.61724
3.62,0.61255
3.4897,0.62157
3.6265,0.60939
3.2133,0.63982
3.5545,0.61814
2.9055,0.66719
3.3997,0.62806
3.1532,0.64792
3.1505,0.64798
3.9035,0.59826
3.5703,0.61596
3.5647,0.61734
3.6576,0.60993
3.5257,0.61952
3.6183,0.61299
3.5305,0.6211
3.2604,0.63529
3.475,0.62272
3.0826,0.65488
3.5112,0.62053
3.3385,0.63322
2.9885,0.66318
3.5329,0.61925
2.9118,0.66953
3.5697,0.61571
2.9811,0.66327
3.0561,0.65675
3.4047,0.62844
3.482,0.62325
3.2485,0.64213
2.9716,0.66391
3.1026,0.65201
2.9373,0.66629
3.3779,0.6266
3.2071,0.63871
3.3598,0.62658
3.4903,0.61877
3.5187,0.61597
3.3722,0.629
3.3879,0.62718
3.36,0.62888
3.4137,0.62439
3.4165,0.62658
3.3665,0.63122
3.2637,0.63725
3.1218,0.64263
3.3969,0.62819
3.3925,0.628
3.5003,0.62136
3.6757,0.60943
3.6024,0.61537
3.656,0.61116
3.4463,0.62366
3.7182,0.60644
3.5961,0.61513
3.6166,0.61426
3.687,0.60918
3.6734,0.60867
3.4355,0.62212
3.5056,0.6209
3.6185,0.61175
3.5037,0.62178
3.5173,0.6209
3.5584,0.61688
3.5129,0.61914
3.677,0.60625
3.4523,0.62376
3.5259,0.61643
3.5718,0.61262
3.439,0.62433
3.6338,0.61073
3.5643,0.6161
3.461,0.62257
3.5827,0.61345
3.4511,0.62311
3.4515,0.62355
3.5481,0.61697
3.3789,0.6293
3.5285,0.61876
3.4702,0.62257
3.4405,0.62435
3.5723,0.61361
3.5542,0.61547
3.5708,0.61281
3.0134,0.65415
3.3913,0.6253
3.4894,0.62062
3.5154,0.61944
3.5116,0.61944
3.5479,0.61731
3.4889,0.61928
3.5257,0.61907
3.5376,0.61717
3.3453,0.62872
3.3885,0.62881
3.2277,0.64178
3.0862,0.65205
3.05,0.65564
3.1247,0.64809
2.8289,0.67369
2.9845,0.65491
2.9073,0.6671
3.3909,0.62748
2.817,0.67451
2.9921,0.66122
3.3787,0.62794
3.3299,0.62992
3.2543,0.63791
2.8757,0.66992
2.7971,0.67516
3.3334,0.63252
3.4369,0.6237
2.956,0.65815
3.3205,0.63193
3.3465,0.63087
3.209,0.63985
3.4825,0.61977
3.5523,0.61581
3.4693,0.62257
3.5868,0.61482
3.5889,0.61562
3.6508,0.6084
3.6614,0.60839
3.5742,0.61554
3.0083,0.65723
3.0638,0.65168
3.6096,0.60936
3.5434,0.61555
3.3902,0.62888
3.1605,0.64062
3.3434,0.62795
2.9857,0.6524
2.954,0.66248
3.3637,0.62899
3.0633,0.64981
3.0296,0.6551
3.1151,0.64865
2.9342,0.65868
3.4207,0.62735
3.4292,0.62609
2.9813,0.65621
3.1573,0.64192
3.2959,0.63233
3.3925,0.62647
3.2191,0.63827
3.2417,0.6373
3.0962,0.64733
3.3501,0.62971
3.005,0.65211
3.5687,0.61083
3.3205,0.63072
3.3336,0.63019
3.2179,0.63878
3.6495,0.60437
3.4956,0.61935
3.3031,0.63163
3.4753,0.61927
3.2862,0.63398
3.2623,0.63729
3.1494,0.64074
3.6076,0.61187
3.6162,0.61112
3.6799,0.60693
3.555,0.61362
3.6031,0.61057
3.0347,0.64968
3.1152,0.6423
3.4399,0.62319
3.3137,0.63031
3.3571,0.62876
3.3411,0.63002
3.0197,0.65102
3.3854,0.62488
2.9266,0.65848
3.3931,0.62687
3.3645,0.62874
3.3829,0.62734
3.1888,0.63888
2.9961,0.65162
3.2881,0.63009
3.3262,0.62926
3.038,0.6477
3.0255,0.64909
3.4331,0.62068
3.6272,0.61028
3.4675,0.61814
3.0781,0.64648
3.0678,0.64584
2.9652,0.65318
3.2367,0.63584
3.5484,0.61613
3.4165,0.62494
3.7571,0.59788
3.6412,0.60591
3.4562,0.62142
3.4313,0.62244
3.4082,0.62434
3.4661,0.61896
3.4298,0.62114
3.5261,0.61544
3.6088,0.61086
3.5174,0.61457
3.4705,0.61947
3.5912,0.60918
3.5701,0.61186
3.5681,0.61362
3.4233,0.62691
3.4487,0.62404
3.639,0.60831
3.5146,0.61699
3.5845,0.61252
3.5362,0.61687
3.3295,0.632
3.5147,0.6197
3.206,0.64084
3.5022,0.61636
2.9566,0.65473
3.689,0.60535
3.0795,0.64262
3.2224,0.63317
3.3398,0.6255
3.3091,0.62987
3.2649,0.63315
3.4217,0.61986
3.3033,0.62905
3.3566,0.62359
3.4262,0.62171
3.0851,0.64561
3.2329,0.63103
3.403,0.62302
3.5491,0.61181
3.48,0.61901
3.379,0.6268
3.481,0.61782
3.5002,0.61716
3.5102,0.61868
3.4941,0.6204
3.2186,0.63897
3.2203,0.63926
3.4066,0.6261
3.4352,0.62384
3.3039,0.63156
3.3265,0.62945
3.3979,0.62432
3.3814,0.62695
3.3292,0.62926
3.2455,0.63733
3.3882,0.62613
3.476,0.61959
3.1059,0.64123
2.9455,0.65231
3.1111,0.64202
3.2125,0.63676
3.0728,0.64843
3.1466,0.63992
3.0898,0.64305
2.9767,0.64782
3.0632,0.64578
3.0803,0.64689
3.5731,0.61097
3.1346,0.64439
3.4852,0.62352
3.5124,0.61964
3.5886,0.61377
3.6382,0.61089
3.6041,0.61202
3.7039,0.6041
3.7185,0.60393
3.3553,0.62544
3.3654,0.62546
3.4445,0.62117
3.4412,0.62014
3.3885,0.62499
3.7537,0.59993
3.0511,0.64631
3.6241,0.61078
3.1041,0.64533
3.2998,0.62736
3.3627,0.62499
3.3547,0.62504
3.5449,0.61175
3.5306,0.61292
3.5835,0.60989
3.3378,0.62804
3.4697,0.61705
3.3834,0.6244
3.4528,0.61789
3.4342,0.61993
3.2915,0.62833
3.2731,0.63201
3.3735,0.62567
3.3871,0.62559
3.3793,0.62533
3.5229,0.61317
3.3252,0.63009
3.3874,0.62429
3.621,0.60667
3.2499,0.62814
3.3151,0.62442
3.1417,0.63863
3.4165,0.61776
3.0458,0.64821
3.0433,0.64626
3.2356,0.63063
3.1541,0.63877
3.4961,0.61634
3.3863,0.62513
3.0797,0.64314
3.1554,0.6374
3.2857,0.63283
3.2174,0.63981
3.3479,0.62767
3.4497,0.61934
3.4379,0.61972
3.4803,0.61692
3.4458,0.62091
3.5403,0.61239
3.3996,0.62385
3.5115,0.61589
3.4182,0.62326
3.1752,0.64265
3.5856,0.60782
2.9238,0.65326
3.3418,0.62672
3.1528,0.63734
2.9345,0.65196
3.2735,0.63153
3.3095,0.63062
3.4917,0.61735
3.2747,0.63365
3.2747,0.63225
3.3989,0.62393
3.3028,0.63128
3.593,0.60983
3.4491,0.61826
3.3361,0.62842
3.4683,0.61758
3.4569,0.61903
3.4437,0.62173
3.4653,0.62009
3.2331,0.63726
3.4562,0.6217
3.3588,0.62517
3.3426,0.62992
3.4628,0.61867
3.2839,0.63325
3.3878,0.62463
3.3474,0.6276
3.3351,0.62651
3.3063,0.63037
3.1983,0.63679
3.191,0.6399
3.2951,0.6304
3.3785,0.62518
3.4389,0.62002
3.5275,0.61188
3.3831,0.62411
3.659,0.60647
3.5252,0.61297
3.4996,0.61548
3.423,0.62088
3.1298,0.64581
3.3867,0.62557
3.3454,0.62816
3.459,0.61933
3.283,0.63168
3.3827,0.62499
3.3723,0.62566
3.2974,0.63129
3.4299,0.61795
3.2786,0.6271
3.146,0.63848
3.3427,0.6232
3.2744,0.63162
3.2057,0.63715
3.1773,0.63893
3.3969,0.62218
3.4207,0.62082
3.2916,0.63093
3.3642,0.62352
2.9262,0.65543
3.4,0.62019
3.3908,0.62125
3.2581,0.63316
3.2408,0.63401
3.109,0.64468
3.3118,0.62699
3.3776,0.62265
3.4516,0.61925
3.256,0.63327
3.2988,0.62937
3.1354,0.64386
3.2832,0.63086
3.4297,0.62136
3.3213,0.62933
3.2006,0.63973
3.3301,0.62894
3.349,0.62865
3.4745,0.61805
3.2965,0.63329
3.3203,0.62774
3.2759,0.63149
3.4655,0.61767
3.3721,0.62346
3.4045,0.62263
3.4064,0.61871
3.3288,0.62611
3.2549,0.6335
3.4495,0.61791
3.27,0.63369
3.3335,0.62852
3.2274,0.63532
3.3899,0.6205
3.016,0.64459
3.2849,0.62961
3.3263,0.62677
3.3288,0.62745
3.4794,0.61566
3.5597,0.61241
3.4067,0.623
4.8825,0.54396
3.3578,0.62655
3.4979,0.61617
3.5446,0.61254
3.3347,0.62726
3.1972,0.63464
3.5489,0.6105
3.4807,0.61691
3.3555,0.62451
3.1409,0.64081
3.1874,0.63749
3.2904,0.62945
3.3659,0.62414
3.4317,0.61917
3.2539,0.63407
3.3557,0.62441
3.4075,0.62017
3.2703,0.63246
3.3442,0.62576
3.177,0.63947
3.2386,0.63563
3.3951,0.62135
3.3737,0.62493
3.2284,0.63601
3.1651,0.64158
2.9731,0.65414
3.2453,0.63428
3.1848,0.64031
3.246,0.63643
3.051,0.64815
3.4129,0.6217
3.4715,0.61954
2.9712,0.65386
3.2079,0.63644
2.9446,0.65281
2.8704,0.66049
3.3389,0.62699
3.2986,0.63016
3.2769,0.63269
3.4699,0.62023
3.1454,0.64208
3.2399,0.63688
3.2932,0.6337
3.0937,0.64738
3.393,0.62445
3.3677,0.62573
3.4128,0.62168
3.4206,0.62349
3.4798,0.61852
3.4147,0.62328
3.3943,0.62596
3.3143,0.63282
3.4498,0.62164
3.3248,0.63027
3.3972,0.62528
3.3026,0.63341
3.3978,0.62538
3.4232,0.62309
3.4359,0.62224
3.1592,0.64198
3.3338,0.63018
3.2817,0.63547
3.3228,0.63133
3.297,0.6334
3.3429,0.6289
3.2166,0.63945
3.2729,0.63618
3.475,0.6205
3.4549,0.62194
3.3107,0.63189
3.1805,0.644
2.8496,0.66643
3.2116,0.64039
3.2771,0.63526
3.0145,0.65415
2.9195,0.663
3.268,0.63603
3.0772,0.65057
2.9223,0.66181
3.1727,0.64376
3.2104,0.64018
3.248,0.6356
2.9883,0.6569
3.4899,0.61983
3.1556,0.64148
2.9916,0.65326
3.2965,0.63111
3.1848,0.63903
3.5375,0.6181
3.3748,0.63255
2.9114,0.66298
3.2847,0.63923
3.3599,0.63388
3.1007,0.65175
3.1973,0.64562
3.2415,0.6401
3.2232,0.64265
3.3499,0.6324
3.5915,0.61519
3.433,0.627
2.9726,0.6598
3.2849,0.6378
3.2781,0.63749
3.3423,0.63304
3.214,0.64492
3.3367,0.63199
3.2987,0.63585
3.2066,0.6433
3.328,0.6356
3.3003,0.63754
3.0919,0.65262
3.4661,0.62485
3.2193,0.64504
3.262,0.6407
3.1299,0.65208
3.3011,0.63647
3.4123,0.63049
3.3211,0.63784
3.3187,0.63531
2.9456,0.65921
3.1606,0.64819
3.2172,0.64377
3.3651,0.63468
3.2561,0.64168
3.1571,0.64962
3.2515,0.64354
3.274,0.64055
3.318,0.64117
3.2575,0.64181
3.115,0.65197
2.8592,0.66998
2.8009,0.67515
3.1423,0.6528
3.018,0.65955
3.0053,0.65668
3.0927,0.65672
3.1684,0.65147
3.2863,0.64234
3.1269,0.65345
3.1796,0.64872
3.0976,0.65707
3.0218,0.66022
3.3432,0.63683
2.9255,0.66755
3.2835,0.64073
3.2259,0.64512
3.2133,0.64657
3.2836,0.64231
3.168,0.65132
3.2663,0.6429
3.3224,0.63839
3.2704,0.64241
3.3906,0.63796
3.3422,0.64076
3.245,0.6482
3.3144,0.64257
3.2435,0.64765
3.1467,0.65311
3.2914,0.6445
3.3147,0.64185
3.3342,0.6416
3.3767,0.63775
3.2759,0.64358
3.2383,0.64911
3.1913,0.65069
3.4289,0.63074
2.8936,0.67241
3.3416,0.64128
2.8632,0.6755
3.2824,0.64621
3.239,0.64726
3.4721,0.63172
3.1763,0.65457
3.4301,0.63267
3.4126,0.6354
3.4317,0.63444
3.3719,0.63862
2.9257,0.66667
2.9016,0.67031
2.8718,0.67332
3.1782,0.65128
3.9165,0.60625
3.288,0.64412
3.166,0.65415
3.287,0.64554
3.1097,0.65945
3.0919,0.66127
3.231,0.64885
3.2087,0.65165
0.64294,1.0141
0.63423,1.0188
0.62242,1.0232
0.64549,1.0108
3.1213,0.65656
0.62157,1.0188
0.60348,1.0281
3.0898,0.65968
3.3375,0.64576
3.0326,0.6656
3.4544,0.63604
2.9208,0.67366
3.0856,0.65933
3.2546,0.64982
3.1929,0.65548
3.0528,0.66142
3.4793,0.63279
3.4543,0.63588
3.3306,0.64603
2.9685,0.66855
3.4324,0.64025
3.3219,0.64574
3.452,0.6362
3.483,0.63512
3.4083,0.64143
3.3857,0.64326
3.4499,0.63853
3.2828,0.65145
3.3001,0.64846
3.408,0.64158
3.2982,0.64952
3.286,0.65241
3.0641,0.67068
3.3658,0.64599
3.2801,0.65305
3.2751,0.65447
2.978,0.67372
3.2094,0.66118
2.9753,0.67288
3.1726,0.66082
3.1129,0.66668
3.1271,0.66769
3.0227,0.67477
3.2355,0.65939
3.1594,0.66349
3.0348,0.67119
3.2303,0.6575
3.3147,0.65276
3.1765,0.6619
3.4525,0.6423
2.9364,0.67974
3.3469,0.65144
3.406,0.64912
3.4404,0.64462
3.2492,0.66153
3.3186,0.654
3.3527,0.65239
3.3459,0.65459
3.3959,0.64998
3.3598,0.6523
3.4594,0.64268
3.4776,0.63973
3.3039,0.65547
3.5124,0.63936
3.3281,0.65319
3.3267,0.65362
3.2372,0.65954
3.4515,0.64429
2.8566,0.68822
3.4408,0.64548
3.2381,0.65802
3.292,0.65896
3.2544,0.65974
3.2339,0.66205
3.1146,0.66909
2.9218,0.68624
2.9546,0.68477
2.9749,0.68435
3.1308,0.67358
3.1171,0.67144
3.212,0.66481
3.2223,0.66404
3.0293,0.67923
2.8477,0.69425
3.2631,0.65549
3.004,0.67814
3.0353,0.67649
3.024,0.67668
3.2278,0.66331
3.1729,0.66737
3.2298,0.66402
3.0022,0.67814
3.3485,0.65548
3.328,0.65572
3.127,0.67747
3.1571,0.67042
2.8489,0.69262
3.0205,0.67891
3.0331,0.67814
3.2436,0.66381
3.3014,0.66364
3.2476,0.6649
3.4185,0.65107
3.1783,0.66657
3.2379,0.66897
3.1547,0.66992
2.6702,0.71419
2.8086,0.70258
3.0837,0.6752
3.172,0.67062
3.1244,0.6728
3.1118,0.6774
3.1654,0.67046
2.691,0.70981
2.916,0.69353
3.0961,0.67973
3.1695,0.67317
3.1517,0.67516
3.1826,0.67263
3.3613,0.66127
3.2227,0.66931
2.9931,0.68631
3.1686,0.67057
2.9678,0.68748
3.0189,0.68222
3.1247,0.67282
3.014,0.68272
3.1234,0.67438
3.071,0.67804
2.9992,0.68649
3.1512,0.67341
2.8107,0.69785
3.1899,0.67091
3.1604,0.67395
2.8716,0.69459
2.9439,0.69061
3.0826,0.67881
3.373,0.65803
2.917,0.69254
2.841,0.70284
3.056,0.68429
2.9728,0.69179
3.2084,0.67224
2.8374,0.70112
2.8959,0.69526
3.2553,0.66887
3.0746,0.68379
3.293,0.66621
3.1097,0.67907
3.1801,0.67428
3.1077,0.68137
3.2813,0.66928
3.1114,0.68142
3.1653,0.67702
3.1206,0.67798
3.1577,0.67633
2.9391,0.69896
2.9721,0.69535
3.009,0.69165
2.9758,0.69538
1.6022,0.83756
2.9677,0.69781
3.3184,0.66822
3.025,0.69186
2.9957,0.69702
3.0375,0.69314
2.9813,0.69655
2.9876,0.69706
3.2247,0.67475
2.9295,0.69915
3.2055,0.67593
3.0112,0.68988
3.2591,0.67251
3.1682,0.68135
2.9261,0.70294
3.2154,0.67852
2.7932,0.71022
2.6763,0.72035
3.0028,0.69405
2.7379,0.71539
3.0341,0.69137
2.9665,0.69659
3.1797,0.68066
2.9306,0.69827
3.0856,0.69135
3.1842,0.68156
3.28,0.67278
3.2073,0.67991
3.2358,0.6775
3.2143,0.67909
3.286,0.67361
3.1788,0.68196
2.9733,0.6982
2.9325,0.70258
2.8158,0.71404
2.8748,0.71049
2.8361,0.71387
2.8961,0.70821
2.9122,0.70814
2.9368,0.70452
2.9793,0.701
2.9319,0.70597
2.9413,0.70411
2.9387,0.70527
2.82,0.71251
2.8207,0.71334
3.0288,0.69801
2.9247,0.7072
2.9128,0.70602
2.6599,0.72975
2.7358,0.72228
2.7764,0.7205
3.1314,0.68923
2.8315,0.71127
3.2567,0.67734
3.2228,0.68039
2.9397,0.70392
2.9893,0.7012
2.9816,0.70133
2.9558,0.70486
2.93,0.70796
3.0005,0.7006
3.0819,0.69423
2.7858,0.72269
2.9833,0.70459
2.9345,0.70825
1.6837,0.83606
2.9004,0.71161
2.9393,0.70833
2.833,0.71475
2.9599,0.70649
2.9297,0.71062
2.8985,0.71133
2.8678,0.71537
2.8738,0.71404
2.8595,0.71531
2.9408,0.70816
2.8557,0.71679
2.8281,0.71982
2.8271,0.71859
3.0288,0.69512
2.9934,0.70076
3.0035,0.70315
2.8254,0.71761
2.9719,0.70259
2.8099,0.71819
3.0064,0.69901
2.9269,0.70628
2.6361,0.73125
2.5164,0.74421
3.1836,0.68944
2.836,0.71404
2.9844,0.70207
3.0126,0.70445
3.1519,0.69161
3.1102,0.69598
2.7289,0.72444
2.7487,0.72267
2.8997,0.71387
3.0065,0.70504
3.0733,0.69995
2.9007,0.7147
2.8962,0.71087
2.7955,0.71946
3.0525,0.70391
2.9708,0.7035
2.8402,0.71864
2.9021,0.71267
2.8155,0.72134
2.7916,0.72427
2.8812,0.71801
2.9099,0.7162
2.772,0.729
2.7704,0.72903
2.794,0.72465
2.8784,0.71659
2.8171,0.72111
2.8282,0.72145
2.9713,0.70559
3.0273,0.70608
2.9974,0.70759
2.8429,0.72139
3.0452,0.70621
2.7644,0.72952
3.2262,0.68931
2.903,0.71706
2.7837,0.7265
2.8067,0.7256
2.7687,0.72787
2.7901,0.72553
3.0104,0.7086
3.0125,0.70873
2.9782,0.7096
2.9612,0.71248
3.0391,0.70403
2.7736,0.72911
4.5641,0.61867
3.0594,0.70386
2.8403,0.72237
2.7557,0.72923
2.984,0.71013
2.8253,0.72448
3.1514,0.69331
2.9321,0.7132
2.9973,0.71184
2.9121,0.71735
3.2164,0.69279
2.9034,0.71866
3.061,0.70502
2.8255,0.71992
3.0106,0.70946
3.0782,0.70306
3.7461,0.64988
2.7384,0.72953
2.871,0.71755
2.9392,0.71408
2.7037,0.735
2.7459,0.73358
2.7956,0.72857
2.7533,0.7322
2.7618,0.7298
2.7447,0.73411
2.8363,0.7231
2.7538,0.7332
3.131,0.69605
3.1688,0.6966
3.1017,0.70315
3.0472,0.70852
2.9617,0.7153
3.0465,0.70895
2.8661,0.72458
2.8848,0.72179
2.9449,0.7181
2.9494,0.71628
2.9694,0.71238
2.9006,0.71375
2.7648,0.72717
3.0338,0.70532
2.9531,0.71291
3.0246,0.70392
2.6167,0.7429
3.0217,0.71203
2.9207,0.71687
2.8308,0.72577
2.8307,0.72407
2.6713,0.74037
2.8189,0.7265
2.7469,0.73261
2.7777,0.73473
3.1736,0.69768
2.9757,0.71338
3.1104,0.70302
2.942,0.71895
2.8586,0.72634
2.8119,0.72933
2.9628,0.7144
2.911,0.72113
2.7799,0.73344
2.9653,0.71576
2.8845,0.72197
2.9505,0.71876
2.9069,0.72321
2.9307,0.72064
3.3774,0.67604
3.2085,0.6933
4.3898,0.62081
3.8322,0.65223
2.974,0.71572
3.028,0.71221
3.0449,0.7106
2.8568,0.72537
2.8856,0.72484
2.9825,0.71387
2.8173,0.72654
3.0623,0.70648
3.2777,0.68791
2.9723,0.71544
3.3942,0.67974
3.6669,0.65273
3.1175,0.70609
2.8898,0.72463
3.0498,0.70996
2.8433,0.72643
2.8546,0.72554
3.6819,0.65023
2.8179,0.72404
2.7787,0.72758
2.9001,0.72065
2.8565,0.72079
2.7958,0.72552
3.0377,0.71167
2.8624,0.71959
2.9367,0.71922
2.9307,0.71662
2.8383,0.72513
2.9721,0.71286
3.1391,0.70556
3.1335,0.70623
3.5079,0.67015
3.2305,0.69864
3.1878,0.70112
3.19,0.70078
3.0547,0.7142
3.1826,0.70332
3.1451,0.70497
3.3346,0.68942
3.4485,0.67912
3.3236,0.68999
2.9178,0.717
2.7034,0.73952
2.8987,0.72522
3.0073,0.71467
2.9667,0.71463
2.9982,0.71318
3.0623,0.7125
3.1183,0.70614
2.9738,0.7185
3.1268,0.70424
3.1975,0.69504
3.2474,0.69214
3.1043,0.70366
3.2571,0.68898
3.0819,0.7096
2.6556,0.74913
2.8204,0.73007
2.7458,0.73882
2.8364,0.73035
2.9878,0.71282
2.8334,0.72954
2.8619,0.72636
2.8325,0.72918
2.9033,0.72336
2.9099,0.72513
2.9784,0.71893
3.2148,0.69466
2.9075,0.72745
2.9661,0.72114
2.8894,0.72861
3.2265,0.69587
2.9419,0.72401
2.9116,0.72641
2.7927,0.73827
2.9286,0.72663
3.0492,0.71562
3.3269,0.68063
3.0346,0.70751
2.8259,0.73236
2.8859,0.72048
2.9637,0.71815
2.9202,0.72566
2.8832,0.726
2.9327,0.72292
2.9755,0.71758
3.0558,0.71647
3.2507,0.70158
3.6005,0.67183
3.0001,0.71804
3.0654,0.71519
2.9329,0.72504
2.9963,0.72068
3.0162,0.71652
3.0887,0.71203
3.142,0.70669
3.0524,0.71572
3.0341,0.71809
2.9556,0.724
0.84407,1.0029
0.83389,1.0071
2.9463,0.72534
2.943,0.72593
2.9678,0.72455
2.9814,0.72169
2.8801,0.73181
3.0544,0.71694
2.9697,0.72607
2.9736,0.72237
2.944,0.72665
3.2499,0.70042
3.0016,0.72145
2.99,0.72097
2.9718,0.72189
3.0307,0.71662
3.7596,0.65862
3.0861,0.71175
2.9025,0.73043
3.0531,0.71534
3.2647,0.69553
3.9338,0.65532
2.9791,0.72368
3.0409,0.71691
3.0851,0.71418
3.0441,0.71719
2.9793,0.7231
2.941,0.7281
2.8685,0.73343
2.904,0.73143
2.9127,0.72799
2.8337,0.7361
2.8907,0.73147
2.9757,0.72166
3.9314,0.66378
2.9338,0.72737
2.8423,0.73564
3.4111,0.68641
4.1678,0.63289
3.3804,0.68856
3.8914,0.65358
3.3529,0.69186
3.1969,0.70257
3.1487,0.71015
3.5867,0.6765
3.4464,0.68957
3.0838,0.71705
3.1914,0.70617
3.1828,0.70755
3.2632,0.69912
2.9472,0.72712
2.9932,0.72397
2.9605,0.72683
2.9233,0.72875
2.9244,0.72666
2.9976,0.72477
2.9866,0.72527
3.0129,0.72295
2.9653,0.728
3.0835,0.71414
4.2514,0.64172
3.1518,0.70864
3.0344,0.71738
3.0582,0.71848
3.0637,0.71415
3.1761,0.70441
3.0373,0.71931
2.9902,0.72401
3.3778,0.68709
2.9508,0.7295
2.9807,0.72633
2.8939,0.73111
2.9117,0.73154
3.0503,0.7184
3.0704,0.71375
2.941,0.7231
3.0755,0.71302
2.9011,0.73084
2.8849,0.73204
4.3098,0.62927
3.0141,0.71958
3.2665,0.69743
3.158,0.7059
2.9645,0.727
2.9617,0.72646
2.7798,0.74551
3.0175,0.71773
3.0633,0.71693
3.1949,0.70432
3.1965,0.70237
3.2489,0.70107
3.0983,0.71352
2.9074,0.7346
3.1535,0.71071
3.1737,0.70962
3.1176,0.71396
3.1986,0.70757
3.2496,0.70385
4.9516,0.60073
3.3326,0.69851
3.2927,0.69682
3.3929,0.69189
3.2042,0.70772
3.4366,0.68922
3.2521,0.7051
3.2522,0.70565
3.2177,0.70557
3.8446,0.65709
3.3669,0.69297
3.351,0.69723
3.3253,0.69737
3.225,0.70692
3.2205,0.70584
3.2673,0.69968
3.0815,0.71867
3.0876,0.72051
3.1924,0.71085
3.1571,0.71267
3.043,0.72289
3.1637,0.71344
3.2094,0.70991
3.0941,0.7189
2.9012,0.73339
3.0185,0.72017
3.2272,0.70343
2.9331,0.73078
3.0563,0.72085
3.2971,0.6989
3.028,0.72279
3.1729,0.71073
3.1565,0.71322
3.0291,0.72327
3.1154,0.71511
3.0967,0.71641
3.2167,0.70703
3.2616,0.70355
3.0336,0.72292
3.1002,0.71952
3.1517,0.71464
3.0638,0.7215
3.242,0.70339
3.1981,0.70805
