36.103,0.39334
37.667,0.37876
36.282,0.38802
38.313,0.37807
35.483,0.40151
35.197,0.40201
37.45,0.38001
36.573,0.38967
36.055,0.39388
37.811,0.37772
36.689,0.38943
36.851,0.38824
38.919,0.37174
38.817,0.37169
39.286,0.36701
39.388,0.36644
39.66,0.36301
38.138,0.37779
38.397,0.37588
39.862,0.36101
38.618,0.37337
38.529,0.37343
38.292,0.37672
38.307,0.37373
38.331,0.37215
39.217,0.3677
37.911,0.37747
39.208,0.3684
39.08,0.36862
38.512,0.37026
38.278,0.37105
38.346,0.37202
38.018,0.37455
38.158,0.37197
36.588,0.38752
36.329,0.3885
36.718,0.38373
36.957,0.37992
35.118,0.3962
35.959,0.39242
35.829,0.39077
34.628,0.40341
35.146,0.39751
34.073,0.40777
34.711,0.40034
35.757,0.39402
35.347,0.39628
34.403,0.40214
35.092,0.39815
35.273,0.39785
37.329,0.38661
35.274,0.39685
36.669,0.38519
35.083,0.39966
36.216,0.38463
34.133,0.40553
34.079,0.40823
34.6,0.40387
34.454,0.40349
34.317,0.40328
34.804,0.3984
32.356,0.4225
32.684,0.42105
34.278,0.40319
34.572,0.4029
34.339,0.40318
33.411,0.41117
34.053,0.4066
31.456,0.43024
34.009,0.40596
31.119,0.4325
33.524,0.4093
31.251,0.43477
31.913,0.42755
31.005,0.4304
30.538,0.43573
30.213,0.43896
30.062,0.44114
30.687,0.43647
29.948,0.44167
29.655,0.44515
30.233,0.44065
29.664,0.44494
29.544,0.44513
31.491,0.42675
30.907,0.42873
29.14,0.44498
30.375,0.43135
29.431,0.44259
31.066,0.42995
28.691,0.45436
29.658,0.44
29.751,0.43778
29.543,0.43993
29.677,0.43995
28.966,0.44813
28.592,0.44469
28.531,0.44594
28.534,0.4455
27.27,0.45858
27.64,0.45582
25.799,0.47393
28.001,0.45346
25.316,0.47827
26.837,0.46299
26.952,0.45914
27.241,0.45662
26.417,0.46568
27.676,0.45592
28.073,0.45252
26.918,0.46157
27.264,0.45777
26.999,0.46029
27.29,0.45712
26.499,0.46482
26.615,0.46248
26.181,0.46762
26.361,0.46457
25.923,0.46903
26.205,0.46588
25.748,0.47109
25.514,0.47291
25.603,0.47144
25.817,0.46852
25.572,0.47274
25.485,0.47189
25.363,0.47225
24.561,0.47925
25.367,0.47043
24.947,0.47656
24.577,0.48
24.742,0.47816
25.729,0.46504
24.471,0.47885
24.13,0.48165
24.433,0.47915
25.035,0.46951
25.248,0.46894
24.473,0.47812
25.206,0.46964
23.919,0.48168
24.176,0.48049
23.874,0.48087
24.102,0.48194
24.938,0.47193
24.735,0.47626
24.537,0.47453
24.324,0.4775
24.121,0.48076
24.59,0.47467
24.075,0.48014
23.747,0.48407
24.689,0.47165
23.996,0.47997
23.829,0.48165
24.601,0.4727
23.902,0.4808
23.672,0.48353
23.904,0.48027
23.678,0.48286
23.766,0.48231
23.712,0.48276
22.709,0.49077
23.5,0.48478
23.567,0.48373
23.096,0.49
22.492,0.493
22.428,0.49303
22.923,0.49143
23.061,0.48897
21.749,0.50119
22.782,0.49177
22.869,0.48998
23.261,0.48557
21.848,0.4988
22.639,0.49358
22.653,0.49192
22.725,0.49133
22.762,0.48997
22.851,0.48841
21.395,0.50493
22.099,0.49665
22.163,0.49761
21.575,0.5025
22.561,0.49206
21.679,0.50274
21.763,0.50083
22.739,0.49044
21.509,0.5023
22.058,0.49683
21.817,0.49779
21.789,0.49869
20.943,0.51001
20.567,0.51434
21.097,0.50601
20.603,0.51266
21.164,0.50773
20.868,0.50818
21.843,0.49743
20.806,0.51212
21.783,0.4979
20.397,0.5134
20.256,0.51527
21.283,0.50569
21.494,0.50219
21.055,0.50383
20.836,0.50675
21.634,0.50137
21.672,0.50013
21.722,0.4992
21.397,0.50411
21.645,0.50073
21.405,0.50376
21.15,0.50797
21.669,0.50055
21.514,0.50232
20.359,0.51614
19.663,0.52229
19.667,0.52166
20.039,0.51727
19.625,0.52363
19.475,0.52508
20.626,0.51167
19.655,0.52329
19.645,0.52221
19.353,0.52675
19.448,0.52568
19.754,0.51964
21.241,0.50114
20.665,0.50914
21.152,0.50167
21.123,0.50295
21.217,0.50061
20.915,0.50512
20.541,0.51122
20.676,0.50853
20.947,0.50449
20.542,0.51067
19.83,0.5165
20.598,0.50682
20.19,0.51253
20.825,0.5078
20.974,0.5055
20.789,0.5082
20.707,0.50961
19.573,0.52116
21.003,0.50474
20.876,0.50659
20.734,0.50785
20.981,0.50476
20.878,0.5062
21.256,0.50108
21.241,0.50257
21.129,0.50277
21.142,0.50375
21.455,0.49834
20.048,0.51465
21.036,0.50422
20.478,0.51005
20.809,0.50553
19.995,0.51505
20.874,0.5057
20.962,0.50381
21.095,0.50287
20.311,0.51095
20.788,0.5069
20.148,0.51401
20.353,0.51093
20.239,0.51179
20.261,0.51099
20.279,0.51243
20.288,0.51331
19.625,0.51678
20.059,0.51304
20.069,0.51169
20.654,0.50601
20.537,0.50626
20.765,0.50326
20.955,0.50316
20.606,0.50595
20.574,0.50688
21.102,0.50139
20.806,0.50591
20.363,0.50905
21.397,0.49976
19.8,0.51415
20.439,0.50834
19.615,0.5178
20.436,0.50972
19.892,0.51383
19.823,0.51426
20.287,0.50717
20.473,0.50874
20.233,0.51214
20.002,0.51157
19.911,0.51386
20.734,0.50695
20.679,0.50644
20.442,0.51003
19.568,0.51706
19.411,0.51886
19.281,0.52038
20.012,0.5122
19.39,0.51954
19.727,0.51601
19.794,0.51454
19.892,0.51256
20.566,0.506
20.67,0.50419
20.572,0.50537
20.641,0.50685
19.515,0.51836
19.887,0.51673
20.022,0.51501
19.346,0.52333
19.994,0.5149
19.093,0.52326
19.437,0.52123
19.715,0.5199
19.759,0.51814
20.165,0.51082
19.67,0.52009
20.514,0.5088
18.893,0.5285
20.114,0.51368
19.946,0.5146
19.961,0.51118
19.628,0.51938
20.412,0.50907
20.234,0.51182
19.967,0.51489
20.089,0.514
19.932,0.51684
20.065,0.51455
20.339,0.5111
20.069,0.51477
20.779,0.50574
18.9,0.52563
19.923,0.51222
19.06,0.52306
20.56,0.50672
19.531,0.51633
20.304,0.50841
19.487,0.51708
19.598,0.51811
19.612,0.51589
19.501,0.51845
20.056,0.51287
18.7,0.52881
19.062,0.52249
18.724,0.52704
18.755,0.52666
19.598,0.51852
18.581,0.52855
19.035,0.52665
20.209,0.5115
18.041,0.53897
19.16,0.52507
19.571,0.52033
18.496,0.53456
19.675,0.51751
19.326,0.52007
19.199,0.52417
19.315,0.52051
18.558,0.53066
18.399,0.53345
18.864,0.52974
19.266,0.52481
19.443,0.52029
19.006,0.52689
18.949,0.52681
18.887,0.52916
19.498,0.51674
19.353,0.51852
19.318,0.52031
19.377,0.5186
19.263,0.52028
19.422,0.51765
19.041,0.52277
19.571,0.51501
18.975,0.52429
19.629,0.51611
19.295,0.52079
19.406,0.51975
19.753,0.51673
17.664,0.54771
20.045,0.51362
19.891,0.51539
17.777,0.54616
19.568,0.51648
20.147,0.51221
19.233,0.52139
20.363,0.50937
18.55,0.53064
19.136,0.52191
19.289,0.52144
19.557,0.5185
19.636,0.51743
19.734,0.51523
19.714,0.51567
19.16,0.52412
18.987,0.52273
20.294,0.50919
19.171,0.52011
19.737,0.51817
18.949,0.52441
18.826,0.52484
19.688,0.51641
19.957,0.51232
20.035,0.51057
19.175,0.52096
19.411,0.51687
19.117,0.52161
19.465,0.51934
19.338,0.5222
18.508,0.53126
19.355,0.51844
18.117,0.53572
18.705,0.52706
18.124,0.53615
18.964,0.52634
19.955,0.51303
18.807,0.52796
18.404,0.53501
18.876,0.52655
18.721,0.52948
18.537,0.53229
18.089,0.53672
19.316,0.52193
18.413,0.53468
18.548,0.5334
18.379,0.53511
19.015,0.52545
19.824,0.5149
20.229,0.50924
19.638,0.51496
19.195,0.52366
19.241,0.52252
19.111,0.52489
18.983,0.52543
19.414,0.52033
19.346,0.52115
19.589,0.51703
19.273,0.52224
19.756,0.51563
18.564,0.528
19.817,0.51476
19.852,0.51228
19.708,0.5156
19.977,0.51263
19.515,0.51919
19.582,0.51804
18.695,0.52566
19.849,0.51369
19.521,0.5191
19.733,0.51499
19.379,0.51891
18.528,0.52764
19.247,0.52303
18.922,0.52721
18.532,0.52953
18.186,0.534
18.824,0.52388
18.61,0.53043
19.209,0.52208
18.237,0.53125
19.041,0.52381
18.417,0.5289
19.317,0.52018
19.238,0.52157
19.251,0.52101
18.513,0.53185
19.233,0.52166
18.473,0.53274
17.938,0.53698
18.205,0.53603
17.821,0.53857
18.66,0.52933
18.984,0.52345
19.364,0.52115
18.865,0.52499
18.953,0.52346
19.139,0.52054
19.176,0.52238
18.709,0.52692
18.767,0.52622
17.987,0.5364
19.689,0.51147
17.986,0.53621
17.66,0.54175
18.146,0.53685
18.124,0.53655
19.105,0.52111
19.801,0.51357
19.518,0.51777
19.377,0.51936
19.327,0.51993
19.307,0.51965
19.583,0.51587
19.006,0.52545
19.766,0.51468
19.349,0.5207
19.391,0.52009
19.349,0.52055
18.395,0.53012
19.609,0.51636
18.724,0.52459
18.627,0.52517
18.773,0.52253
18.448,0.52822
18.032,0.53358
18.983,0.52313
19.824,0.51169
19.78,0.5124
18.014,0.53407
19.247,0.51992
18.623,0.52803
18.886,0.5262
18.61,0.5282
18.424,0.53177
19.078,0.52334
19.812,0.51361
18.536,0.52887
18.689,0.5279
19.586,0.51821
19.687,0.51626
20.011,0.51184
19.834,0.51452
19.152,0.52379
18.518,0.53199
19.121,0.52312
19.133,0.52103
18.417,0.531
18.631,0.52962
19.076,0.52445
18.595,0.53041
18.958,0.52774
18.774,0.52685
18.405,0.53023
18.652,0.52879
19.075,0.52275
18.006,0.53486
19.117,0.52141
18.072,0.53355
17.986,0.5347
19.126,0.52148
19.37,0.5191
19.607,0.51627
18.051,0.53384
18.099,0.53237
18.114,0.53015
19.541,0.51582
19.446,0.51662
18.896,0.52649
18.72,0.52408
19.212,0.52144
19.408,0.51877
19.776,0.51323
18.557,0.52626
18.513,0.52825
18.591,0.52768
18.473,0.52894
18.827,0.52591
19.381,0.51948
18.686,0.52662
18.279,0.53234
18.278,0.53025
18.95,0.52476
18.184,0.53137
17.99,0.5345
18.074,0.53297
19.682,0.51484
17.886,0.53536
19.008,0.5192
18.086,0.53236
19.754,0.51328
19.794,0.5142
19.551,0.51603
19.184,0.52015
19.935,0.51128
19.163,0.52111
19.607,0.51513
19.287,0.51868
19.418,0.51761
19.471,0.51524
19.083,0.52414
19.219,0.51839
19.134,0.52127
19.867,0.51281
19.311,0.52038
20.017,0.51032
18.945,0.52537
19.067,0.52416
19.168,0.52275
20.053,0.51093
20.035,0.51103
18.985,0.52519
19.842,0.51311
18.853,0.52657
18.766,0.5277
18.321,0.52991
18.92,0.52436
18.864,0.52616
18.92,0.52568
19.018,0.5245
18.893,0.52508
18.792,0.52769
18.951,0.52416
18.233,0.53279
18.99,0.52517
18.96,0.52552
19.806,0.51301
18.114,0.53356
18.872,0.52241
18.852,0.52369
17.854,0.53731
18.892,0.52292
18.341,0.53096
19.277,0.51909
19.358,0.51785
17.388,0.54316
18.364,0.52901
18.276,0.53044
19.199,0.5207
18.561,0.53121
18.708,0.52907
18.437,0.53171
18.571,0.5291
18.452,0.53114
18.984,0.52433
18.661,0.52813
18.467,0.53183
19.329,0.52038
18.66,0.52863
18.928,0.52481
19.274,0.51983
19.214,0.52182
18.758,0.52871
18.856,0.52644
19.04,0.5246
19.397,0.51964
19.146,0.52257
18.749,0.52948
18.774,0.52877
18.788,0.5288
18.946,0.52607
18.905,0.52632
18.858,0.52767
17.797,0.53786
18.831,0.52334
18.411,0.52906
18.511,0.52698
18.591,0.52615
18.66,0.52638
19.863,0.51172
18.593,0.52549
18.522,0.52863
18.614,0.52521
18.396,0.52975
19.374,0.51717
18.749,0.52814
19.013,0.52358
19.019,0.52414
18.847,0.52454
18.777,0.52717
18.766,0.52645
18.808,0.5257
18.832,0.52545
18.71,0.52644
18.981,0.52304
18.529,0.53051
18.812,0.5257
19.715,0.51374
19.612,0.5154
20.18,0.50763
19.285,0.52178
19.988,0.51088
19.248,0.52062
19.546,0.51709
20.115,0.50958
19.644,0.51597
19.474,0.51802
19.74,0.51318
20.162,0.50702
19.168,0.52094
19.37,0.51794
19.173,0.52054
18.141,0.53074
19.361,0.51743
19.25,0.51928
19.159,0.52025
18.883,0.52486
17.899,0.53403
18.019,0.53274
19.119,0.52076
19.202,0.5199
17.991,0.534
18.307,0.53175
17.812,0.53658
18.34,0.53121
17.348,0.54315
18.327,0.5311
18.675,0.52641
18.401,0.53088
17.608,0.53871
18.916,0.52335
19.002,0.52208
18.784,0.52548
18.545,0.52981
18.922,0.52386
17.355,0.54239
18.315,0.53192
18.341,0.53201
19.035,0.52232
18.374,0.53246
18.785,0.52743
18.461,0.53065
18.457,0.53069
18.552,0.53003
18.363,0.53295
18.921,0.52531
18.764,0.52696
19.872,0.51195
19.701,0.51525
18.655,0.52452
18.271,0.52973
19.534,0.51608
19.065,0.52286
19.804,0.51266
20.221,0.50648
19.526,0.51655
20.161,0.50788
18.509,0.5299
18.935,0.52431
18.703,0.52696
18.671,0.52761
17.951,0.53567
18.819,0.52465
18.778,0.52408
18.898,0.5234
18.822,0.52505
18.042,0.53263
19.175,0.52018
18.672,0.52682
17.498,0.5393
17.654,0.53776
17.477,0.54028
17.489,0.54013
18.059,0.53193
18.134,0.53294
18.817,0.52438
17.54,0.54003
17.567,0.53822
19.196,0.51978
17.967,0.53255
17.529,0.53902
18.964,0.52423
19.408,0.51784
18.901,0.52491
19.529,0.51497
19.005,0.52256
19.427,0.5174
19.259,0.51966
19,0.52278
19.656,0.51357
19.153,0.52173
18.597,0.52987
18.886,0.5251
18.908,0.52583
18.809,0.52729
18.649,0.52797
18.598,0.5292
18.588,0.52973
18.239,0.53048
19.005,0.52194
18.985,0.52366
19.008,0.52178
19.151,0.52074
18.655,0.52781
18.905,0.52337
19.15,0.52205
19.011,0.52375
18.856,0.52505
19,0.52297
19.407,0.518
19.217,0.52061
19.022,0.52339
19.679,0.51405
18.748,0.52714
19.339,0.51879
19.218,0.52056
18.756,0.52666
18.916,0.52436
18.242,0.53333
19.064,0.52233
19.021,0.52365
19.049,0.52425
18.956,0.5243
18.447,0.52737
19.412,0.51833
18.973,0.52144
19.476,0.51694
19.592,0.51534
17.863,0.5343
17.886,0.5361
18.013,0.53458
17.961,0.53422
18.573,0.52744
18.638,0.52435
18.738,0.52632
17.634,0.53916
18.235,0.52978
17.84,0.53454
18.028,0.533
18.177,0.53014
19.668,0.51381
19.872,0.51115
18.999,0.52386
20.231,0.50705
19.404,0.51907
18.956,0.5244
19.07,0.52322
18.603,0.52489
17.866,0.53569
19.056,0.52256
19.096,0.52204
19.778,0.51187
19.833,0.51017
17.237,0.54485
18.689,0.52433
18.354,0.53074
18.98,0.52186
17.941,0.53373
18.401,0.53015
18.429,0.52925
18.559,0.52828
17.851,0.5355
18.799,0.52515
17.891,0.53499
18.711,0.52679
19.441,0.51754
19.069,0.52389
19.396,0.51829
18.407,0.53278
18.034,0.53289
18.707,0.52851
18.646,0.52959
18.429,0.53368
18.965,0.52486
18.58,0.52991
19.19,0.52121
18.98,0.52462
19.795,0.51347
18.898,0.52449
19.021,0.52254
19.804,0.51272
19.425,0.51747
18.872,0.52529
19.222,0.51987
19.422,0.51816
19.947,0.51072
19.395,0.518
18.799,0.52724
19.171,0.52203
18.929,0.52281
19.027,0.52071
18.771,0.52486
17.964,0.53344
19.173,0.51998
18.506,0.53027
19.066,0.5192
18.118,0.53102
18.326,0.52847
18.971,0.52181
18.834,0.52366
18.117,0.53102
18.898,0.52344
19.099,0.52024
19.305,0.51691
18.63,0.52735
19.172,0.51883
18.655,0.52515
18.709,0.52624
18.83,0.52513
18.999,0.52206
18.73,0.52663
18.863,0.52411
19.063,0.52137
19.14,0.51944
18.659,0.52671
18.845,0.52438
18.88,0.52399
18.828,0.52609
18.795,0.52631
18.921,0.52306
18.808,0.52528
19.078,0.52341
19.35,0.51847
19.549,0.51618
19.104,0.52136
19.717,0.51459
19.644,0.51464
19.159,0.51931
18.182,0.5307
18.675,0.52553
19.026,0.52254
18.77,0.52419
18.756,0.5263
18.37,0.52679
18.878,0.52147
18.788,0.52342
18.752,0.5242
17.853,0.53489
18.928,0.52275
17.679,0.53796
17.905,0.53273
18.832,0.52311
17.769,0.53699
18.162,0.52878
18.253,0.5274
18.381,0.5272
17.831,0.53368
17.782,0.5356
18.207,0.5286
18.495,0.52501
18.67,0.52662
19.229,0.51754
19.215,0.51861
18.814,0.5246
19.212,0.51872
19.288,0.51712
18.47,0.52631
18.756,0.52587
18.983,0.52236
18.247,0.52964
18.908,0.52369
19.069,0.52201
18.809,0.52647
18.939,0.52371
19.134,0.52056
18.783,0.52578
18.797,0.52583
18.872,0.52461
18.671,0.52771
19.033,0.52199
18.885,0.52505
19.199,0.51981
18.945,0.52419
19.519,0.51614
19.571,0.5151
19.665,0.51355
19.37,0.51875
19.671,0.51296
19.412,0.51686
20.409,0.50252
19.5,0.51721
19.36,0.51868
19.237,0.519
19.142,0.52166
19.565,0.51454
18.242,0.5344
17.653,0.53941
17.709,0.53858
17.926,0.53816
17.581,0.54046
17.652,0.53916
18.272,0.53215
17.976,0.53395
17.643,0.53869
18.419,0.52951
18.577,0.52701
18.092,0.5348
19.339,0.51745
18.515,0.52868
18.884,0.52256
18.192,0.52956
18.291,0.52802
18.065,0.53078
18.405,0.52627
18.114,0.53019
18.418,0.52549
19.031,0.52082
19.136,0.51924
18.228,0.52856
19.05,0.52227
19.228,0.51901
19.214,0.51983
19.011,0.52257
19.039,0.522
18.786,0.52408
18.796,0.52357
19.17,0.51751
19.54,0.51328
19.162,0.51799
19.212,0.5176
19.4,0.51669
18.311,0.5326
19.138,0.51976
18.313,0.52654
18.769,0.52304
17.775,0.53482
18.759,0.5203
18.949,0.52057
18.404,0.5253
19.024,0.52103
18.411,0.52754
19.222,0.51821
19.995,0.50859
20.118,0.5086
19.775,0.51228
19.875,0.51108
19.86,0.51108
19.937,0.5096
19.601,0.51381
19.91,0.51057
18.502,0.53004
18.923,0.5232
19.749,0.5125
19.099,0.52155
18.882,0.52352
19.494,0.51459
18.407,0.52471
17.911,0.53296
18.988,0.52175
18.802,0.52429
18.863,0.52286
19.279,0.51799
18.98,0.5225
19.341,0.51724
18.697,0.52739
18.768,0.52456
18.731,0.5244
19.438,0.51451
19.115,0.51949
18.993,0.52064
19.019,0.52069
18.83,0.52218
19.007,0.52017
18.56,0.5265
19.014,0.52128
18.595,0.52653
17.607,0.53666
18.813,0.52222
18.731,0.52456
18.879,0.52171
18.508,0.52546
19.352,0.51544
18.662,0.52628
19.038,0.52246
19.617,0.51396
19.811,0.51043
18.93,0.52296
19.062,0.52093
18.839,0.52331
19.424,0.5156
17.781,0.53876
18.5,0.52949
18.818,0.52183
18.402,0.52938
18.492,0.52832
18.733,0.52433
18.182,0.5297
18.538,0.52814
18.132,0.53073
18.886,0.52314
17.908,0.53274
18.427,0.53
18.735,0.5248
20.037,0.50715
19.938,0.5092
19.966,0.50856
18.018,0.53041
19.618,0.51204
20.274,0.50368
18.057,0.53036
19.052,0.52248
18.272,0.5276
19.233,0.51723
19.579,0.51463
17.947,0.53294
17.946,0.53291
17.939,0.53175
17.591,0.53868
17.654,0.53756
17.978,0.5321
17.388,0.54066
17.47,0.53984
17.717,0.53568
18.459,0.52848
18.25,0.5311
17.395,0.53999
18.311,0.52917
17.672,0.53449
17.61,0.53684
17.502,0.5388
17.818,0.53386
18.288,0.52607
18.117,0.52824
18.044,0.53036
18.108,0.52955
17.836,0.53532
18.435,0.52869
18.956,0.52094
18.843,0.52293
18.753,0.5233
19.043,0.52121
18.964,0.52072
19.004,0.5195
19.3,0.51634
19.033,0.52006
19.426,0.51476
18.461,0.52749
18.874,0.52285
19.241,0.51691
18.949,0.52089
19.454,0.51384
19.275,0.51673
18.416,0.52461
19.422,0.51405
19.057,0.52043
18.568,0.52675
19.028,0.52036
18.863,0.52274
18.937,0.52192
18.823,0.52342
18.814,0.52352
19.756,0.5112
18.47,0.5279
17.689,0.53639
17.996,0.53058
17.877,0.53176
17.562,0.53787
17.63,0.53781
19.615,0.51193
18.491,0.52762
18.749,0.52443
19.115,0.51923
18.703,0.52497
18.988,0.52006
18.942,0.52074
19.048,0.52051
19.217,0.51809
19.794,0.50941
19.449,0.51431
19.365,0.51576
19.15,0.51856
19.644,0.51083
19.372,0.51441
19.56,0.51185
19.454,0.51403
18.584,0.52743
18.319,0.53047
17.814,0.53364
18.044,0.53148
18.387,0.52402
18.405,0.52737
17.346,0.54079
18.064,0.5304
18.521,0.52612
18.657,0.52472
18.195,0.53198
18.113,0.53331
18.383,0.52918
18.259,0.53043
17.331,0.53989
19.787,0.51085
17.023,0.54449
17.326,0.54222
17.043,0.54323
17.302,0.53971
17.274,0.54117
17.943,0.53251
18.247,0.53025
17.324,0.54028
18.079,0.53083
18.828,0.52206
20.354,0.50383
17.875,0.53221
19.861,0.50914
19.735,0.51143
17.664,0.53744
17.793,0.53455
18.861,0.5253
18.536,0.52749
17.757,0.53614
18.41,0.5257
18.878,0.52467
19.159,0.52098
18.918,0.52404
19.074,0.52143
18.924,0.52117
19.171,0.51959
19.113,0.51981
17.798,0.5344
19.249,0.51737
19.021,0.52045
19.216,0.51765
18.955,0.52182
19.276,0.51841
19.073,0.51965
17.826,0.53206
18.263,0.52663
19.022,0.52087
18.84,0.5214
17.962,0.5314
18.685,0.52488
18.627,0.52586
18.95,0.52064
18.542,0.52684
19.071,0.51865
18.601,0.52461
19.149,0.51788
18.794,0.52206
18.981,0.5199
17.821,0.5316
19.058,0.5188
19.05,0.5203
19.422,0.51391
19.07,0.51867
17.897,0.53062
19.101,0.51669
18.511,0.5256
18.856,0.52051
18.714,0.5228
17.963,0.53029
17.437,0.53804
18.028,0.53083
19.037,0.51683
18.509,0.52424
18.101,0.53052
18.527,0.52432
18.689,0.52175
18.955,0.51708
18.488,0.52399
18.386,0.52472
17.2,0.53994
17.782,0.53546
17.843,0.53306
18.537,0.52414
17.521,0.53395
18.875,0.51867
18.361,0.52594
18.869,0.51821
18.378,0.52313
18.789,0.51887
18.504,0.52478
18.179,0.52798
18.152,0.52721
18.55,0.52348
17.361,0.53637
17.37,0.53646
18.673,0.52231
18.355,0.5248
18.669,0.52117
18.359,0.52689
17.756,0.53424
18.037,0.53026
17.853,0.53248
17.847,0.53114
17.902,0.53136
18.334,0.52251
17.16,0.53631
17.931,0.52705
16.968,0.53759
16.961,0.53905
17.352,0.53366
16.931,0.53709
18.063,0.52384
17.924,0.52737
17.519,0.53206
17.474,0.53212
16.686,0.54252
17.797,0.52854
18.124,0.52439
17.606,0.53221
18.051,0.52506
17.569,0.53177
17.677,0.52929
18.16,0.52128
17.995,0.52348
17.429,0.53142
17.45,0.53089
17.637,0.52802
17.509,0.52933
17.655,0.52513
17.66,0.52602
18.185,0.51897
16.546,0.53842
17.266,0.5305
17.19,0.53
16.797,0.53487
16.811,0.53651
17.083,0.53123
16.499,0.5385
17.029,0.53313
16.99,0.53276
17.35,0.52817
17.329,0.52771
17.405,0.52591
16.82,0.53516
17.349,0.52567
16.867,0.53205
16.738,0.53369
16.597,0.5351
16.817,0.53095
16.376,0.53855
16.149,0.54097
17.39,0.52038
15.495,0.54689
15.803,0.54099
15.261,0.5509
15.786,0.54446
15.162,0.55176
15.697,0.54434
15.402,0.55029
14.854,0.55696
15.011,0.55293
14.546,0.56136
14.482,0.5616
14.382,0.56284
15.985,0.53981
15.043,0.55576
15.803,0.54241
15.115,0.55488
15.342,0.54986
14.87,0.55506
15.325,0.54905
14.365,0.56494
15.125,0.55098
14.868,0.55599
14.241,0.56705
14.56,0.56074
14.032,0.56536
14.233,0.56516
14.729,0.55293
14.652,0.55394
14.72,0.55105
14.824,0.54759
14.453,0.55374
14.555,0.55028
14.623,0.54821
14.847,0.54347
14.518,0.54824
13.694,0.55971
13.356,0.57012
13.235,0.56667
13.416,0.56221
13.093,0.56851
12.993,0.57069
14.623,0.54444
14.285,0.54935
14.19,0.55256
14.348,0.54819
13.942,0.55533
13.259,0.56371
13.868,0.55459
13.867,0.555
13.604,0.55915
13.793,0.55392
13.317,0.56199
13.316,0.56274
13.565,0.55723
13.308,0.56164
13.174,0.56344
12.7,0.57219
12.591,0.57454
12.515,0.57571
12.508,0.57671
11.336,0.59382
12.09,0.57712
11.674,0.58583
12.368,0.57516
11.537,0.58809
11.521,0.58721
11.36,0.59049
11.592,0.58434
11.605,0.5827
11.377,0.58746
11.583,0.58101
11.545,0.5823
12.157,0.57443
12.044,0.57742
11.954,0.57911
11.796,0.58224
11.832,0.58288
11.742,0.58358
11.432,0.59064
11.402,0.59123
11.14,0.59517
11.264,0.59412
10.011,0.61729
10.485,0.61043
11.037,0.59492
10.934,0.59742
10.2,0.61707
10.76,0.60191
10.145,0.61416
10.364,0.61204
10.142,0.61349
10.404,0.60843
10.316,0.60987
10.152,0.61432
9.7739,0.6266
9.4138,0.6281
9.1684,0.63404
9.8448,0.62153
8.8673,0.64379
8.674,0.64986
8.6732,0.6527
9.245,0.63774
9.3082,0.63474
8.782,0.65289
8.7112,0.65591
8.7491,0.65367
8.3175,0.66908
7.5178,0.69769
7.6494,0.69685
7.0215,0.71008
7.1841,0.70122
8.377,0.66906
7.418,0.69895
7.3394,0.70048
6.4133,0.73258
7.2538,0.70276
6.6142,0.72462
6.5095,0.72873
6.406,0.73282
6.167,0.74336
6.884,0.71492
6.2457,0.73787
7.0184,0.70997
6.8005,0.71708
6.8381,0.71522
6.8392,0.71495
7.0185,0.70791
6.3635,0.73228
6.7848,0.71456
6.6816,0.71913
6.6384,0.72171
6.6421,0.7205
6.8023,0.71488
6.0183,0.73873
5.7075,0.75328
5.894,0.74505
5.9341,0.74749
5.2834,0.77034
6.1773,0.74121
5.5702,0.76497
4.7009,0.8089
5.7148,0.76223
5.8316,0.75624
5.4311,0.7724
5.5519,0.77038
5.1186,0.7874
4.8731,0.80127
5.193,0.7841
5.2824,0.7785
5.3421,0.77375
5.07,0.78808
6.5093,0.72632
5.1489,0.78244
5.9613,0.74494
4.6335,0.80693
5.4008,0.76706
5.4736,0.76257
4.4043,0.81155
4.3558,0.81431
5.2931,0.76941
5.1892,0.77332
5.1163,0.77648
5.1278,0.77414
5.1631,0.77089
4.9999,0.77837
4.3809,0.8079
5.011,0.77722
4.7815,0.78923
4.9925,0.77764
5.2514,0.76502
4.2428,0.8135
5.0162,0.77264
4.1848,0.81527
4.0757,0.82014
5.0276,0.77213
4.5851,0.79248
4.0261,0.82202
4.9899,0.77222
4.3352,0.80577
4.0002,0.82057
4.4697,0.79714
4.5768,0.79037
4.7925,0.77943
4.314,0.80348
4.5292,0.79028
4.5543,0.78757
4.5506,0.78889
4.4283,0.79332
4.518,0.7891
4.2519,0.80494
3.7969,0.82795
4.4915,0.7895
4.3232,0.79775
4.0164,0.81278
3.9632,0.81523
3.8844,0.82003
4.3591,0.79268
4.326,0.79383
4.5023,0.78373
4.238,0.79766
4.5743,0.77818
4.3556,0.78958
4.3437,0.78981
3.4618,0.84113
4.4352,0.78492
4.8466,0.76282
4.2105,0.79507
4.4934,0.77986
4.7799,0.76419
5.2975,0.73879
4.3048,0.78808
3.6363,0.82507
4.3051,0.78613
4.266,0.78752
4.2604,0.78655
4.224,0.78757
3.5896,0.8263
3.5846,0.8253
3.6528,0.81953
3.6721,0.81775
3.658,0.81774
3.6561,0.81739
3.5908,0.82142
3.6448,0.81652
3.6214,0.8173
3.6352,0.81532
3.5949,0.81809
3.7079,0.80992
3.4374,0.82494
4.0258,0.78984
4.0464,0.78836
3.967,0.79279
4.1234,0.78271
4.2063,0.77731
3.3997,0.82344
4.2974,0.77216
4.0669,0.78363
4.1277,0.77805
4.0649,0.7832
3.9906,0.7852
3.3038,0.82649
3.3977,0.82093
3.3954,0.81964
3.3524,0.82254
3.2508,0.83042
3.4637,0.81535
3.3216,0.82229
3.2461,0.828
3.2612,0.82488
3.0298,0.84327
4.0195,0.78078
3.8602,0.78533
4.0196,0.77789
3.6837,0.79678
3.3718,0.81605
3.7139,0.79388
3.6355,0.79861
3.752,0.79013
3.1423,0.82859
3.1335,0.82993
3.6918,0.79421
3.335,0.81365
4.6659,0.73763
4.0844,0.76893
4.0997,0.76891
4.5963,0.7406
4.3229,0.75542
3.0884,0.82956
3.5699,0.79753
3.7405,0.78698
3.0386,0.83213
2.9815,0.83556
3.4277,0.80756
3.5136,0.80065
3.5489,0.79689
3.8917,0.77496
3.7164,0.78443
3.1027,0.82415
4.0029,0.76818
4.1543,0.75932
4.177,0.7585
4.1146,0.76072
3.9056,0.77261
3.6895,0.78444
4.1098,0.75946
2.8886,0.83716
2.8582,0.83998
3.5239,0.79475
2.8887,0.8361
3.3176,0.80395
3.2099,0.81449
3.2315,0.81255
2.9104,0.83321
3.6552,0.78467
3.219,0.81235
3.1901,0.81445
3.1409,0.81773
3.1721,0.81516
3.4699,0.79474
3.4591,0.79536
3.3683,0.80216
2.8548,0.83711
2.9718,0.82568
2.8178,0.83758
2.8838,0.8318
2.583,0.85688
2.6087,0.85462
2.6675,0.84808
3.3812,0.79738
2.8495,0.83498
3.6715,0.77969
2.7677,0.84175
3.0173,0.82109
3.9525,0.75846
3.1299,0.81056
3.9629,0.76072
3.067,0.81573
2.7004,0.8454
2.7351,0.84138
3.6549,0.77703
3.0635,0.81523
3.0412,0.8155
2.9245,0.82456
3.6822,0.77559
2.7013,0.84346
2.9595,0.82288
3.6782,0.77365
3.5169,0.7847
2.829,0.83196
2.8531,0.8301
4.2645,0.74064
2.9641,0.81979
3.7513,0.77058
2.9561,0.82138
3.0429,0.81575
2.9882,0.82122
3.501,0.78659
3.6199,0.77773
3.6631,0.77539
4.0064,0.75471
3.1233,0.81057
2.6577,0.84406
3.5807,0.77971
3.59,0.77933
2.7629,0.83536
3.2553,0.79808
4.1198,0.7491
3.0447,0.81539
3.2842,0.80147
3.4372,0.78983
3.4167,0.79062
3.5393,0.78161
2.8636,0.82721
2.8022,0.83211
3.5477,0.78189
3.462,0.78631
3.3944,0.7921
2.7177,0.83923
2.7559,0.83625
3.5351,0.78194
3.1794,0.80405
2.6509,0.84468
2.6548,0.84327
2.7239,0.83627
2.6624,0.8418
2.7204,0.83643
3.1635,0.80513
3.0719,0.8131
2.8894,0.82694
3.0719,0.81303
3.0218,0.81501
3.0639,0.81189
4.1774,0.74221
3.3288,0.79391
3.1375,0.8087
3.2625,0.79876
3.7383,0.7666
3.2437,0.799
3.2362,0.79957
3.4871,0.78318
3.8134,0.76296
3.7031,0.76814
3.7473,0.76618
3.6385,0.77411
3.5428,0.77884
2.7444,0.83479
3.1233,0.80762
3.4011,0.78811
3.1342,0.80602
2.6285,0.84349
3.3664,0.78994
2.6553,0.84304
2.9752,0.81926
2.6902,0.83891
2.5554,0.85018
2.5255,0.85293
2.8598,0.82672
2.561,0.85056
2.533,0.85208
2.5838,0.84583
3.6146,0.76909
3.2553,0.79358
3.0555,0.80833
3.1837,0.79868
3.755,0.7623
3.1777,0.79893
2.6845,0.83716
3.6837,0.76729
3.4094,0.78299
2.5445,0.85062
3.8273,0.75605
2.5635,0.84663
2.4408,0.85812
2.5745,0.84606
2.4653,0.85596
2.5476,0.84964
2.7352,0.83192
2.4027,0.86121
2.8757,0.82185
2.5509,0.84751
2.5758,0.84601
2.3881,0.86425
2.4361,0.859
2.5267,0.84996
2.576,0.84513
3.3833,0.78501
3.4027,0.78474
2.4965,0.85271
2.3625,0.86592
3.3054,0.79211
2.5122,0.85027
2.5302,0.8491
3.8375,0.75609
3.5336,0.77298
3.0836,0.80328
2.3603,0.8645
2.4253,0.85746
2.4344,0.85732
2.4988,0.85196
2.4443,0.85801
2.4534,0.8562
2.4443,0.85702
3.0207,0.80835
2.5031,0.85109
3.0068,0.8118
2.9672,0.81534
3.2847,0.79304
2.4476,0.85561
3.2476,0.79368
2.5002,0.84847
3.1589,0.79977
3.2147,0.79558
3.3256,0.78826
2.4329,0.85696
3.722,0.75982
3.8579,0.75469
3.2425,0.79532
2.4382,0.85625
3.5679,0.76804
2.4682,0.85365
2.4813,0.85263
3.3486,0.78279
2.593,0.84178
2.9432,0.81359
2.5004,0.85113
3.9008,0.75265
2.9413,0.81395
2.9066,0.81582
2.6142,0.8407
2.6665,0.83625
2.7443,0.82878
2.7284,0.82892
2.6889,0.83389
2.3545,0.86391
2.6772,0.834
2.6312,0.83896
2.6758,0.83382
2.617,0.8396
2.5446,0.84704
2.6433,0.83708
2.6791,0.83523
2.4426,0.8538
2.4334,0.85422
2.3552,0.86273
2.3649,0.86141
2.3946,0.85694
3.1432,0.80015
2.3902,0.85943
3.206,0.79479
3.0941,0.80331
3.1397,0.79986
3.2323,0.7935
3.8879,0.74704
3.6136,0.76463
2.407,0.8572
2.3203,0.86403
2.4178,0.85556
2.3904,0.85891
2.3014,0.86791
2.4185,0.85537
2.4051,0.85723
2.3839,0.85942
2.4817,0.84856
2.4927,0.84748
2.4932,0.8493
2.536,0.84399
2.4602,0.85177
2.443,0.8539
2.9879,0.80871
2.9028,0.81625
2.9048,0.81624
2.8863,0.81806
2.9088,0.81557
2.4958,0.84774
2.468,0.85082
2.8923,0.81669
2.4114,0.85447
2.5703,0.84082
2.9724,0.80977
2.5965,0.83707
3.1722,0.79435
2.9781,0.80892
2.8866,0.81646
3.7838,0.7517
3.1631,0.79507
2.5616,0.83904
3.1251,0.79633
2.549,0.84204
2.3686,0.85968
2.3779,0.85815
2.4387,0.85066
2.4137,0.85391
2.695,0.83183
2.8515,0.81721
2.6444,0.83499
2.6165,0.83633
0.23969,1.3413
2.7469,0.82504
2.6912,0.8299
2.6482,0.83432
2.697,0.8334
3.1412,0.79777
3.0021,0.80757
2.7168,0.82783
4.8866,0.69372
3.7778,0.75012
2.7489,0.82287
2.7406,0.8238
3.1981,0.78925
2.7895,0.81973
2.4381,0.85095
2.6391,0.83438
2.8312,0.81912
2.3602,0.85758
2.8037,0.82073
2.88,0.8146
3.03,0.8028
2.3552,0.8582
2.4138,0.85313
2.3238,0.86215
2.5071,0.8443
2.4325,0.85039
2.9455,0.81099
2.9402,0.80914
2.779,0.8232
3.2476,0.78666
3.2517,0.78555
3.9649,0.73683
3.645,0.75599
3.6345,0.75652
3.2344,0.78409
2.8955,0.81259
2.8842,0.8112
2.4164,0.85094
2.9315,0.81049
2.4983,0.84281
3.0875,0.8004
2.9908,0.80783
3.7879,0.75174
3.7785,0.75117
2.3799,0.85301
2.4938,0.84055
2.7527,0.8185
2.3824,0.85155
2.4325,0.84559
3.227,0.78478
3.2632,0.78238
3.0214,0.80109
2.7905,0.81869
2.8273,0.81481
3.7717,0.74966
2.7944,0.81676
3.3917,0.77357
3.3365,0.77732
3.4818,0.76869
2.6703,0.82794
3.1219,0.79358
3.119,0.79338
3.2027,0.78774
3.2013,0.78761
2.2763,0.86275
2.4301,0.84709
2.4411,0.84537
2.3819,0.85027
3.5767,0.75837
3.4825,0.76571
2.4598,0.84467
2.4184,0.84799
3.4528,0.76718
2.4039,0.84948
2.8816,0.80729
2.423,0.84771
2.7641,0.81905
3.3622,0.77673
3.7453,0.75267
3.7007,0.75361
3.7999,0.74798
3.839,0.74569
3.3206,0.77559
3.4707,0.76455
2.4605,0.84298
2.4812,0.83975
3.6357,0.75595
2.4554,0.84306
2.3676,0.85257
2.4128,0.84828
2.985,0.80311
3.0697,0.79534
3.023,0.79889
3.8281,0.74593
3.7927,0.74759
3.0716,0.79483
3.101,0.79261
3.8768,0.74185
3.8569,0.74419
3.8889,0.74216
2.7881,0.81529
3.2848,0.78168
3.3407,0.77708
3.4437,0.77109
3.6133,0.75915
3.6617,0.75562
3.5769,0.76105
3.5674,0.76036
3.4912,0.7655
3.4795,0.76705
3.5211,0.76329
3.1637,0.78837
2.4177,0.846
2.3014,0.85832
2.4953,0.83803
2.3599,0.85199
2.4577,0.84242
2.3898,0.84886
2.3405,0.85339
2.3951,0.84805
2.3508,0.8524
2.3004,0.85689
3.5052,0.76211
2.6942,0.82031
2.5236,0.83512
2.4568,0.84344
2.5029,0.83949
2.3995,0.85035
3.3,0.77536
3.3272,0.77303
3.2766,0.77608
3.3558,0.77026
2.5549,0.83216
2.7585,0.81838
2.4561,0.84177
3.3319,0.77588
2.7132,0.82166
3.0884,0.79295
2.4982,0.83835
2.6946,0.8214
2.9831,0.80133
2.388,0.84952
2.6789,0.82565
2.688,0.82443
3.2465,0.77823
2.4393,0.84378
3.9129,0.73839
4.0042,0.73315
2.4722,0.83819
2.3767,0.84788
3.9895,0.73356
3.3057,0.77666
3.1029,0.78872
2.8917,0.80454
2.4156,0.84395
2.4293,0.84336
2.9826,0.79746
3.6096,0.75798
3.733,0.7488
4.0037,0.73161
3.7822,0.74676
3.1988,0.78391
3.1001,0.79199
2.2667,0.86007
2.9198,0.80522
2.8791,0.80886
2.8915,0.8075
2.3043,0.85648
2.8851,0.80765
2.8278,0.81245
2.4617,0.84115
3.8737,0.73979
3.4239,0.76523
3.8829,0.73951
2.9778,0.80059
2.9562,0.803
2.94,0.80443
2.9633,0.80152
2.9935,0.7987
2.9683,0.80018
2.9911,0.79846
2.2898,0.85647
2.943,0.8023
2.2859,0.85633
3.4808,0.75919
3.5064,0.75856
3.437,0.76247
3.0684,0.78976
3.1499,0.78364
3.0128,0.79256
2.5673,0.82704
2.9938,0.79511
3.9783,0.73276
3.0257,0.7925
3.0415,0.79209
3.1215,0.78603
2.7725,0.81405
2.2194,0.86563
2.376,0.85013
2.4527,0.84129
2.333,0.85171
2.2943,0.85503
2.4148,0.84347
2.4038,0.84547
2.5546,0.8307
2.5391,0.83325
2.6427,0.82578
2.2695,0.85944
2.488,0.83878
2.3773,0.84777
2.3729,0.84788
2.2249,0.86321
2.3124,0.85415
2.3023,0.85437
2.607,0.82681
2.6533,0.82202
2.4468,0.83927
2.4806,0.83809
2.4382,0.84062
2.4183,0.84225
3.2897,0.7737
3.3769,0.76784
3.2443,0.7769
2.9024,0.80337
3.472,0.76269
3.6681,0.74977
2.9807,0.79974
3.9411,0.73534
3.8846,0.73824
2.9494,0.798
3.1727,0.78169
3.5848,0.75263
3.1416,0.78441
3.8399,0.73973
2.3988,0.84803
2.4326,0.84425
2.757,0.81677
2.3691,0.84859
2.3344,0.85147
2.3469,0.85011
2.78,0.81499
3.8863,0.73851
3.3021,0.7734
2.8182,0.81143
3.5813,0.75349
2.2122,0.86388
3.8071,0.74357
3.8439,0.74123
2.1659,0.86906
3.7805,0.74496
2.2584,0.8586
2.6772,0.82361
3.9457,0.73525
3.7495,0.74738
2.2055,0.86435
2.6799,0.82415
2.2342,0.86205
2.297,0.85498
2.8109,0.81345
3.4393,0.76346
3.7337,0.74774
3.4439,0.7614
2.3782,0.8475
3.4769,0.76138
3.3033,0.77443
2.5406,0.83458
2.387,0.84502
2.9024,0.80338
2.907,0.80385
2.3186,0.85229
2.9098,0.80438
2.3668,0.84711
2.3474,0.8496
2.7058,0.81946
2.3491,0.85029
2.633,0.82631
2.6454,0.82465
2.2641,0.85844
2.2579,0.85839
2.5361,0.83376
3.2433,0.77395
3.3154,0.7685
3.2809,0.77121
2.6431,0.81969
2.9628,0.79433
3.2578,0.77342
3.3003,0.77022
2.4469,0.83777
3.6983,0.74844
3.0687,0.78595
3.5013,0.76066
3.5877,0.75469
2.7498,0.81408
3.6226,0.75011
3.9226,0.73423
3.2989,0.77079
2.1681,0.86656
2.5787,0.83083
2.6432,0.82406
2.8015,0.81155
2.774,0.81165
2.166,0.86587
3.3583,0.76617
2.2298,0.85879
2.6082,0.82672
2.3881,0.84462
2.7184,0.81857
3.3411,0.77172
2.5101,0.8333
2.2222,0.86132
2.2408,0.85987
2.68,0.82265
2.7823,0.81272
2.7424,0.81667
2.6628,0.82365
2.7231,0.8178
3.3791,0.767
3.3765,0.76663
3.02,0.79378
3.182,0.77803
3.1483,0.78142
3.2443,0.77385
2.9116,0.79865
3.5675,0.75293
3.0947,0.78717
2.8536,0.80348
3.1861,0.77914
3.1923,0.77861
2.3405,0.85019
2.2511,0.85588
3.2897,0.7712
2.384,0.8428
2.4182,0.84045
2.4101,0.84277
2.7574,0.81401
2.3405,0.84743
2.5812,0.82585
2.7868,0.81137
2.3402,0.84739
2.3059,0.85104
2.6978,0.81655
2.648,0.81989
2.7672,0.8111
2.7831,0.80942
3.5351,0.75475
3.4267,0.76564
3.6465,0.74903
2.8603,0.8012
2.9278,0.79635
2.5604,0.82626
3.3124,0.77067
3.0654,0.786
2.3334,0.84911
2.3181,0.85003
3.0769,0.78755
2.365,0.84573
2.9218,0.8001
3.1149,0.78523
3.0805,0.78748
3.0839,0.78754
3.0157,0.79322
3.0871,0.78704
2.4392,0.8381
2.4393,0.83814
2.749,0.81335
3.6055,0.75316
3.5442,0.75831
2.6526,0.82245
3.002,0.79142
2.8322,0.80469
3.2908,0.77166
2.7743,0.81014
2.9979,0.79271
2.8987,0.79975
2.7425,0.81146
3.0729,0.78866
2.4798,0.83681
2.4611,0.83849
2.5808,0.82907
3.7743,0.7417
2.7127,0.81672
2.2762,0.85335
2.274,0.85368
2.1973,0.86281
2.1269,0.86841
2.2475,0.85793
2.5199,0.83425
2.2728,0.85534
2.1176,0.86903
2.2765,0.85427
2.0295,0.87751
2.183,0.86208
2.2274,0.8557
2.2375,0.85553
2.7422,0.81267
2.921,0.79905
2.3365,0.84615
2.7517,0.81078
2.3839,0.84331
2.1817,0.86253
3.3196,0.76678
3.5541,0.75298
3.6246,0.74759
3.3055,0.7702
2.9129,0.79652
2.9512,0.79358
2.9146,0.79655
2.9685,0.79297
2.7775,0.80855
2.7863,0.80748
2.8109,0.80503
2.8844,0.7989
3.7186,0.74499
3.1905,0.77856
2.5374,0.82829
3.0686,0.78947
3.0573,0.79038
2.3731,0.84378
3.2252,0.77645
3.9778,0.72939
3.5982,0.75232
2.9095,0.79886
3.2469,0.77392
2.9109,0.79927
3.5356,0.7513
3.4533,0.75897
3.2629,0.7728
2.7822,0.80912
3.1335,0.78226
3.4715,0.76145
3.2407,0.77281
3.2447,0.77255
2.1568,0.86537
2.7208,0.81625
2.1489,0.86486
2.8675,0.80355
3.671,0.74471
3.3203,0.76577
3.2217,0.77337
3.2896,0.7679
3.3949,0.76685
3.1151,0.78185
2.7672,0.80809
3.4979,0.75898
3.4773,0.75923
2.7502,0.80921
3.5762,0.75215
3.4458,0.76103
2.2669,0.85183
2.6591,0.81739
2.5938,0.82475
2.2167,0.85854
2.25,0.85537
3.6383,0.74592
2.1249,0.86798
2.1617,0.86347
2.2317,0.85665
3.1987,0.77496
2.2462,0.85521
2.1781,0.86147
2.168,0.86317
2.1534,0.86497
2.1494,0.86496
2.0802,0.87192
2.0916,0.87126
2.1244,0.86716
2.7492,0.81261
2.7542,0.81206
2.7301,0.81503
3.4831,0.75881
3.5077,0.75763
2.3258,0.84656
2.3194,0.84874
2.3878,0.84282
2.7849,0.80612
2.9316,0.7946
2.9051,0.79711
2.4296,0.83708
2.4258,0.83811
2.4297,0.83876
2.2093,0.85843
3.4148,0.76008
2.5066,0.83047
3.0361,0.7872
3.4862,0.75678
3.4154,0.76205
2.2085,0.8589
2.2123,0.85786
2.2377,0.8551
2.26,0.85283
2.7375,0.81322
2.1469,0.86648
2.9247,0.79862
2.7088,0.81326
3.3963,0.76652
2.7884,0.80841
2.6657,0.81695
2.5431,0.82735
2.2504,0.85445
2.3977,0.8387
3.275,0.77141
2.3075,0.84826
3.8572,0.734
3.8333,0.73597
2.8748,0.80136
3.4573,0.75892
3.858,0.73393
2.4842,0.83268
2.3443,0.84628
2.3002,0.85007
2.3018,0.84899
2.3974,0.84144
3.1763,0.77819
2.2603,0.85356
2.4422,0.83787
2.4802,0.83127
2.5223,0.8302
2.2327,0.85582
3.0249,0.78842
2.4896,0.8319
2.6218,0.8199
2.6335,0.81867
3.6107,0.74985
3.5698,0.75307
3.568,0.75378
2.3605,0.84313
2.4241,0.83774
2.3798,0.84123
2.3741,0.84242
2.3475,0.84497
2.3384,0.84399
2.3422,0.84513
2.6543,0.8186
2.8658,0.80056
3.3972,0.76468
2.6788,0.81597
2.6549,0.81691
3.0719,0.78812
3.1902,0.77901
3.2764,0.77203
2.6357,0.81833
2.6336,0.81952
2.6781,0.81546
3.5823,0.75208
2.2392,0.85676
3.4882,0.75463
2.3039,0.84922
2.2862,0.84934
2.5198,0.82626
2.4302,0.83563
2.4087,0.83754
2.3121,0.8474
2.2183,0.85735
2.2905,0.85102
2.2852,0.85014
2.2098,0.85876
3.3318,0.76517
3.676,0.7449
3.8007,0.73796
3.2688,0.76802
2.7968,0.80348
3.3818,0.76109
3.3408,0.76349
3.3276,0.76404
3.6247,0.74908
3.7044,0.74292
2.8005,0.80246
3.4829,0.75373
3.3481,0.76232
3.3872,0.75931
3.2743,0.76812
3.4982,0.753
2.311,0.84629
2.2548,0.8533
2.2013,0.85838
2.6297,0.81754
2.2459,0.8527
2.2797,0.84943
2.2404,0.85382
3.399,0.76216
3.4523,0.75771
3.2545,0.76959
3.3985,0.76008
3.3686,0.7607
3.2448,0.76975
3.4919,0.75466
3.3359,0.76572
3.4891,0.75396
2.6851,0.81284
2.6525,0.81649
3.2799,0.76715
2.8009,0.80679
2.3334,0.84276
2.3306,0.84575
3.0758,0.78168
3.0636,0.78592
2.3884,0.84003
2.3432,0.84293
2.1791,0.85762
2.3029,0.84711
2.3801,0.83869
2.9703,0.79081
2.1588,0.86026
2.4024,0.83763
2.9324,0.79144
2.7328,0.80732
3.4997,0.75247
3.048,0.78108
2.7555,0.80403
3.0181,0.78418
2.9726,0.78877
2.9758,0.78881
2.6303,0.81521
2.5943,0.81862
2.4059,0.83629
3.0473,0.78077
3.054,0.77927
3.4556,0.75353
3.2602,0.7656
3.3895,0.75827
3.3391,0.76186
2.9664,0.7903
2.1258,0.86256
2.4523,0.82939
3.5361,0.74627
3.0211,0.7834
2.8712,0.79357
2.9348,0.79104
3.1369,0.77407
3.2581,0.76495
3.2405,0.76565
3.5684,0.74303
2.7031,0.80743
2.815,0.79811
3.5847,0.74171
3.8111,0.72743
2.9221,0.78991
3.5435,0.74736
3.6315,0.74155
2.7027,0.80453
2.2763,0.84316
3.1249,0.76823
3.5401,0.74306
3.0181,0.77668
3.5453,0.7459
3.5777,0.74113
2.9292,0.78335
3.5701,0.74141
3.5355,0.7444
3.0601,0.7739
3.7678,0.73308
3.8071,0.73059
3.4625,0.75293
2.9719,0.78237
3.4253,0.75204
3.841,0.72798
3.4008,0.75127
3.5476,0.74446
3.4284,0.74868
3.2757,0.76061
3.3976,0.75036
3.3758,0.75366
3.3031,0.75943
3.3863,0.75143
3.5359,0.74034
2.2923,0.83802
2.7874,0.79539
2.9171,0.78452
2.1801,0.8499
2.2383,0.84293
2.1569,0.85119
2.2379,0.84158
2.1991,0.8461
3.5026,0.74491
3.5942,0.73808
3.5855,0.73836
3.534,0.73836
3.5687,0.73512
3.7842,0.72295
3.564,0.73591
2.2558,0.83916
3.4625,0.74204
3.4072,0.7492
3.4841,0.74417
3.4579,0.74226
3.6315,0.73271
3.695,0.72551
3.5166,0.73642
2.0373,0.86143
2.0421,0.85938
2.6361,0.80297
2.4331,0.82233
2.8579,0.78516
2.7166,0.79763
3.3824,0.74786
2.8017,0.78858
3.002,0.77302
2.9045,0.78186
3.4767,0.74213
3.4344,0.74281
2.785,0.79145
1.9679,0.86645
3.2975,0.75284
3.4422,0.74187
2.8548,0.78495
2.7924,0.79005
2.8263,0.78474
3.5176,0.7342
2.9037,0.77858
3.0124,0.76738
2.819,0.78395
3.284,0.75141
3.1801,0.75596
3.1841,0.75586
3.1937,0.75587
3.3408,0.74538
3.8018,0.71619
2.4138,0.81846
2.3977,0.81936
2.7061,0.79084
3.2452,0.74745
2.6092,0.79507
3.2533,0.74773
3.2782,0.74538
3.4782,0.72961
2.6213,0.79442
1.9849,0.85717
2.586,0.80149
2.4399,0.81278
3.4479,0.73243
3.3231,0.74045
3.5021,0.7256
3.6068,0.71814
3.4032,0.73213
3.5158,0.72319
2.5745,0.79368
2.1518,0.8329
2.1536,0.83356
2.1029,0.84021
1.9865,0.85405
3.5141,0.72444
2.1422,0.83446
3.3179,0.73484
2.9655,0.76044
2.0338,0.84575
2.6289,0.7906
2.0671,0.84039
1.9909,0.8496
2.5928,0.79128
3.4054,0.72856
2.72,0.77981
3.4003,0.72838
2.7266,0.77833
2.6552,0.78358
2.0102,0.84587
2.886,0.76358
2.958,0.75744
2.8533,0.76542
2.7254,0.778
2.7366,0.77764
3.1876,0.74237
3.2879,0.73448
3.3986,0.72434
3.4334,0.72201
3.1329,0.74458
3.3218,0.72884
3.4797,0.71747
3.4385,0.72061
3.3209,0.72914
4.2656,0.67542
2.9346,0.7603
2.3553,0.80715
2.3791,0.80716
2.6758,0.78085
2.4627,0.79911
1.9515,0.84853
1.9777,0.84366
1.9418,0.84803
1.8721,0.85575
2.9352,0.75582
1.8082,0.86407
1.8684,0.85518
1.8022,0.86438
3.0635,0.74567
2.3088,0.81084
2.4268,0.79805
2.2906,0.80922
3.1573,0.73733
2.7139,0.77434
2.1993,0.8182
3.3622,0.72392
3.8061,0.69504
3.227,0.73252
3.2691,0.72624
3.1911,0.7314
3.2291,0.72946
2.5233,0.78499
3.3147,0.72782
3.1929,0.73501
3.6676,0.70223
3.219,0.73109
3.2388,0.72963
3.1362,0.7377
3.192,0.73376
3.3764,0.71924
3.1811,0.73394
3.0185,0.74641
2.9725,0.74871
3.0408,0.74052
3.0676,0.7378
3.4752,0.7071
3.1315,0.73174
3.0297,0.73897
2.9925,0.7415
2.5513,0.77828
2.5894,0.77415
3.0156,0.73849
2.5457,0.77725
2.941,0.74294
2.9421,0.74132
2.2664,0.80346
1.8916,0.84655
1.8672,0.84769
1.9431,0.83803
1.8849,0.84494
2.9211,0.74465
2.8885,0.74594
3.0497,0.73225
3.079,0.72929
2.9909,0.73646
2.4919,0.7817
3.1922,0.72212
2.7816,0.75346
3.4653,0.70188
3.4244,0.70467
3.1501,0.72866
2.1522,0.81005
3.3107,0.70944
3.6254,0.68628
3.4302,0.69911
3.6495,0.68564
3.237,0.71282
3.6197,0.68831
3.3653,0.70586
2.0823,0.81482
2.063,0.81744
2.0587,0.81642
2.1942,0.80045
3.0251,0.72673
2.9042,0.73666
3.0681,0.72325
3.3022,0.70622
3.2439,0.7097
3.0558,0.72427
2.8563,0.74552
3.2316,0.7145
2.4743,0.77066
2.4658,0.77095
2.3213,0.78545
1.9522,0.82421
2.037,0.81113
2.1987,0.79335
2.0978,0.80444
2.1152,0.80335
3.1392,0.71138
2.0716,0.80755
2.4918,0.76532
2.4586,0.76892
2.586,0.75925
3.0328,0.71847
3.1594,0.70845
3.042,0.7178
2.8918,0.73066
2.8572,0.7323
2.3158,0.77387
2.8325,0.73316
2.5838,0.75503
2.8808,0.72778
2.8002,0.73435
2.8972,0.72531
1.8019,0.83806
2.4001,0.77654
2.8769,0.72813
3.6107,0.67697
3.6323,0.6738
3.5393,0.68035
3.3938,0.69065
3.4788,0.68316
3.7201,0.66571
2.8362,0.72808
3.4957,0.67788
3.6209,0.6701
1.8709,0.82372
2.3276,0.77411
2.7663,0.73328
2.1171,0.79466
2.6493,0.74302
3.2509,0.69552
2.0018,0.80649
2.1186,0.79157
2.3801,0.76628
3.5095,0.67267
1.6228,0.848
2.1596,0.78566
1.5126,0.86376
1.5377,0.86226
2.155,0.7897
2.2179,0.78168
2.415,0.76102
2.3372,0.76846
3.2202,0.6927
1.807,0.82612
3.2102,0.69257
3.4539,0.67217
3.5344,0.67051
2.6944,0.73147
1.7529,0.82964
2.5755,0.74167
3.0491,0.70282
2.6744,0.73015
2.5539,0.74127
2.7065,0.72701
2.8319,0.72178
2.585,0.73789
2.5095,0.74613
2.8825,0.71313
3.2322,0.68583
2.4943,0.74626
1.8887,0.8126
2.4929,0.74615
2.8271,0.71961
2.573,0.73893
2.602,0.73687
3.0049,0.70283
2.5081,0.74365
2.3616,0.75672
2.4881,0.74273
2.4859,0.74097
2.6295,0.72543
2.9433,0.7017
2.1288,0.7816
1.7007,0.82398
1.4379,0.86783
1.5072,0.85553
1.4862,0.8581
1.4554,0.8628
1.5395,0.84984
2.9612,0.69653
1.5783,0.83896
2.9411,0.69968
2.0764,0.77718
1.6663,0.82838
2.0371,0.78663
1.3331,0.87893
2.7329,0.7171
2.1039,0.77571
2.6557,0.72226
2.0975,0.77403
2.4457,0.73874
2.4419,0.7426
2.6203,0.7244
2.7828,0.7093
2.7868,0.70886
2.4733,0.73604
1.7897,0.80675
2.629,0.72374
1.7056,0.81598
2.336,0.74813
2.5831,0.72754
2.9835,0.69413
2.5331,0.73116
2.6919,0.71819
2.8563,0.70091
2.541,0.72876
2.6275,0.72122
2.8443,0.70225
1.53,0.83991
2.0959,0.77109
1.824,0.79635
1.88,0.79119
2.2648,0.75324
2.2997,0.75284
2.941,0.69401
2.1194,0.76975
2.7231,0.7125
2.8207,0.70377
2.4872,0.73147
2.1513,0.76513
2.0585,0.77573
1.5373,0.84352
2.5367,0.72606
1.9894,0.78326
2.5385,0.72592
1.8467,0.79881
2.9248,0.6963
2.7073,0.70824
2.0025,0.77722
2.0277,0.77528
1.9167,0.78607
1.6933,0.81401
2.387,0.73953
1.9164,0.79315
2.0492,0.77213
2.0115,0.77749
2.5439,0.72292
2.0067,0.77764
1.9893,0.7799
1.4994,0.84402
2.1194,0.76282
1.6094,0.82362
1.9878,0.78003
1.7815,0.80071
2.0659,0.76799
1.9221,0.78567
1.9163,0.78518
1.7907,0.79952
2.2732,0.7409
1.8724,0.78526
1.8813,0.78847
2.0277,0.77181
1.7517,0.80095
2.1565,0.7564
1.8306,0.7926
2.3623,0.73654
2.2746,0.74459
2.2842,0.74252
2.2986,0.74423
2.1498,0.75957
2.3186,0.74354
2.4525,0.72863
2.3726,0.73642
2.3124,0.74311
1.9898,0.77912
2.3575,0.73534
2.3705,0.73319
1.9553,0.77154
1.7517,0.80371
1.5435,0.83178
1.8986,0.78369
1.6584,0.81459
1.6399,0.8171
1.7052,0.80872
2.2547,0.74882
1.6761,0.81214
1.6343,0.81864
1.5588,0.82968
1.7318,0.80175
1.6323,0.81771
1.5021,0.83707
1.5813,0.82406
1.6357,0.81762
1.6182,0.81854
1.9828,0.77956
1.5804,0.8234
1.7005,0.80635
2.3867,0.73342
2.4288,0.72946
2.426,0.73014
1.6912,0.808
1.632,0.81594
1.6048,0.82465
2.3962,0.73064
2.3478,0.73466
1.5938,0.82156
1.6014,0.81703
2.329,0.73568
1.682,0.80737
1.6762,0.80899
1.3548,0.8571
1.6236,0.8177
1.4128,0.8471
1.7129,0.80351
1.3894,0.85777
1.4995,0.83691
1.5138,0.83536
1.995,0.77865
2.5467,0.7228
2.5274,0.72356
2.6732,0.70934
2.0331,0.76784
2.7095,0.70616
1.4488,0.8407
1.5921,0.8207
1.5975,0.81964
1.5353,0.82878
1.6904,0.80282
1.6687,0.80567
1.5152,0.8297
1.6664,0.80516
1.7203,0.797
1.6334,0.81115
1.5369,0.82679
1.3271,0.86494
1.6387,0.81186
1.5958,0.82046
1.5533,0.82823
1.4022,0.8507
1.456,0.84286
1.6843,0.80214
1.5876,0.81685
1.5178,0.82786
1.2194,0.88255
1.2312,0.87723
1.6595,0.8091
1.6116,0.81574
0.96517,0.93654
1.4972,0.83274
1.6801,0.80276
1.1824,0.88654
1.457,0.83967
1.2049,0.88654
1.3174,0.8667
1.5035,0.83241
1.5803,0.81883
1.4948,0.83219
1.24,0.88114
1.19,0.89127
1.2747,0.87548
1.7349,0.79684
1.446,0.84386
1.3382,0.86381
1.2357,0.88408
1.2655,0.87669
1.2574,0.87698
1.2466,0.87836
1.1569,0.89889
1.2396,0.88048
1.277,0.87452
1.288,0.87315
1.1563,0.89905
1.429,0.84579
1.3237,0.86284
1.2921,0.87055
1.3931,0.84922
1.3724,0.85353
0.96162,0.93988
1.2802,0.87058
1.2637,0.87306
1.3497,0.8586
0.9138,0.94924
1.3138,0.86231
1.5128,0.831
1.4016,0.84636
1.1576,0.89805
0.80249,0.98244
1.1601,0.89439
1.0824,0.91268
1.0435,0.91991
1.4563,0.84148
1.0881,0.91344
1.2471,0.87992
1.3709,0.85609
1.3013,0.8699
1.2669,0.87622
1.2421,0.88098
1.4409,0.84266
1.3159,0.86135
1.1111,0.89987
1.1773,0.88972
1.2874,0.86777
1.4499,0.84098
1.1852,0.88945
0.93773,0.9456
1.1845,0.89045
1.0013,0.92686
1.298,0.86739
1.2879,0.86684
1.379,0.84898
1.296,0.86695
1.3148,0.86319
1.2646,0.87276
1.3426,0.85752
1.3801,0.84859
1.3424,0.85767
1.2378,0.87618
1.3011,0.86433
1.3422,0.85761
1.6019,0.81183
1.5144,0.82415
1.3646,0.8525
1.1221,0.90572
1.5193,0.83231
1.5819,0.82313
1.1638,0.89477
1.3038,0.86538
1.1253,0.90218
1.3226,0.85978
1.5419,0.82532
0.95964,0.93507
1.2642,0.87436
1.2691,0.87089
1.538,0.828
1.4475,0.83867
1.3254,0.85909
1.2755,0.87224
1.2111,0.88136
1.3451,0.85762
1.3937,0.84512
1.8657,0.7815
1.4054,0.84641
1.3735,0.85153
1.4805,0.83608
1.4085,0.8488
1.4252,0.84536
1.3031,0.86448
1.3509,0.8536
1.3442,0.85478
1.2136,0.88051
1.347,0.85371
1.2717,0.86855
1.2668,0.87095
1.286,0.86688
1.1532,0.89412
1.0577,0.91152
1.328,0.85917
1.3083,0.86157
1.1657,0.89312
1.3192,0.8636
1.7294,0.79948
1.3536,0.85514
1.2497,0.87454
1.3622,0.84998
1.603,0.81448
1.6239,0.81268
1.0704,0.91345
1.1041,0.90503
1.3934,0.84927
1.494,0.83298
1.2812,0.86734
1.2965,0.86461
1.7479,0.79685
1.2719,0.86889
1.1736,0.88878
1.3143,0.86063
1.3643,0.85106
1.397,0.84419
1.3559,0.85337
1.2651,0.87032
1.2159,0.87816
1.3446,0.85511
1.293,0.86728
1.1945,0.88401
1.3569,0.85698
1.1621,0.8868
1.3076,0.86364
1.0369,0.92095
1.2272,0.87903
1.3105,0.86138
1.26,0.87122
1.3712,0.85013
1.2271,0.87746
1.3215,0.85668
1.2743,0.86779
1.564,0.82009
1.2625,0.86836
1.4124,0.84201
1.3003,0.86271
1.3052,0.85958
1.3179,0.85773
1.4578,0.83533
1.393,0.84369
1.7121,0.79976
1.3355,0.85674
1.7792,0.79477
1.0964,0.90431
1.4014,0.84263
1.4994,0.83236
1.0382,0.91692
1.1935,0.88077
1.2801,0.86356
1.3702,0.84897
1.1372,0.89456
1.1919,0.88229
1.3048,0.86183
1.3368,0.85609
1.3998,0.84081
1.4407,0.84092
1.1829,0.8868
1.4046,0.84483
1.336,0.85673
1.384,0.84626
1.2819,0.86585
1.4911,0.83031
1.7218,0.79806
1.8415,0.77941
1.3323,0.85739
1.377,0.85072
1.6286,0.81071
1.3753,0.84533
1.5522,0.81879
1.3155,0.85743
1.1737,0.88446
1.2332,0.87121
1.2003,0.88034
1.0676,0.90872
1.328,0.85575
1.2778,0.86457
1.1903,0.8833
1.2028,0.88377
1.2445,0.87579
1.7409,0.79738
1.4272,0.84199
1.5164,0.82644
1.3134,0.85904
1.6849,0.80054
1.5167,0.82333
1.5809,0.81496
1.3957,0.84358
1.5123,0.82416
1.4326,0.8373
1.8101,0.78394
1.4959,0.82875
1.2259,0.87789
1.234,0.87539
1.2813,0.86795
0.98249,0.92978
1.2477,0.87347
1.3088,0.85825
1.5996,0.81265
1.3703,0.84825
1.2804,0.86327
1.466,0.83088
1.4799,0.83081
1.4893,0.82959
1.3566,0.85622
1.3403,0.85429
1.7334,0.79297
1.5243,0.82288
0.8065,0.9755
1.7237,0.79316
1.1352,0.88832
1.7173,0.79786
1.4297,0.84068
1.2481,0.87062
1.1407,0.89326
1.2596,0.86877
1.4996,0.82907
1.3711,0.84785
1.1611,0.88931
1.4843,0.82982
2.1316,0.75367
1.5646,0.81815
1.311,0.85931
0.80206,0.97788
0.87091,0.95869
1.3553,0.85221
1.0727,0.90401
1.5908,0.81202
1.4393,0.83397
1.4422,0.83647
1.1718,0.88267
1.7552,0.79399
1.6245,0.81023
1.6851,0.80668
1.3643,0.85168
1.3849,0.84419
1.4702,0.83361
1.4274,0.83801
1.7613,0.79131
1.5654,0.81675
1.3034,0.85639
1.3354,0.85056
1.2557,0.86934
1.4093,0.84056
1.3615,0.84911
1.3177,0.85539
1.3378,0.85203
1.546,0.81943
1.5103,0.82268
1.2581,0.86573
1.1142,0.89625
1.3855,0.8418
1.373,0.84639
1.7633,0.78892
1.6956,0.79733
1.368,0.84604
1.6032,0.81257
1.4207,0.83215
1.3638,0.84352
1.3364,0.85185
1.3223,0.85646
1.2445,0.87103
1.5069,0.8261
1.5228,0.8215
1.41,0.83955
1.432,0.83634
1.5671,0.81606
1.7437,0.79283
1.7472,0.78917
1.7225,0.79405
1.2794,0.86329
1.1956,0.88105
1.3903,0.84255
1.3529,0.8495
1.1731,0.88245
1.6461,0.80494
1.3957,0.83833
1.2155,0.86805
1.7766,0.78253
1.127,0.88798
1.4029,0.8357
1.325,0.84969
1.4383,0.8328
1.3163,0.85664
1.5817,0.8132
1.5135,0.82092
1.3507,0.84869
1.2773,0.86339
1.2519,0.86892
1.3101,0.85708
1.2707,0.8628
1.1328,0.89297
1.5966,0.81114
1.3655,0.8444
1.3173,0.85469
1.0722,0.90425
1.1209,0.89235
1.0671,0.90189
1.2997,0.85802
1.5637,0.81424
1.1315,0.89005
0.89346,0.948
1.073,0.90158
1.009,0.91822
1.0493,0.9078
0.91874,0.94137
1.1109,0.89577
1.0816,0.90281
1.6495,0.80556
1.4142,0.83926
1.0905,0.90363
1.7333,0.79442
1.5164,0.82319
1.3785,0.84404
1.2228,0.87073
1.2396,0.86814
1.3939,0.84444
1.4093,0.84251
1.2063,0.87903
1.2241,0.8742
1.2939,0.86367
1.2948,0.85993
1.3858,0.84455
1.2984,0.85842
1.0715,0.90368
1.4834,0.82891
1.2264,0.87264
1.2542,0.86892
1.5511,0.81888
1.3131,0.8547
1.3646,0.84882
1.2627,0.86317
1.5901,0.81027
1.4393,0.83464
1.273,0.85989
1.3963,0.83993
1.2685,0.86051
1.6575,0.79868
1.8976,0.7703
1.4727,0.831
1.4947,0.82623
1.3062,0.85865
1.5411,0.81502
1.4636,0.82961
1.3535,0.85011
1.214,0.87489
1.5171,0.82167
1.2921,0.8565
1.3293,0.85522
1.202,0.87993
1.2823,0.862
1.5329,0.82408
1.2676,0.86761
1.1766,0.88068
1.2984,0.85724
1.385,0.83701
1.1786,0.88242
1.0874,0.90375
1.0709,0.9079
1.3179,0.85773
1.3891,0.84489
1.3408,0.85418
1.5178,0.82506
0.87413,0.95315
1.3871,0.84581
1.2039,0.87568
1.1694,0.88213
1.2172,0.87262
1.2374,0.86746
1.2917,0.85733
1.2796,0.86139
1.4896,0.82919
1.5114,0.82724
1.256,0.86567
1.2561,0.86477
1.3107,0.85396
1.0254,0.91383
1.1706,0.88279
1.2766,0.86093
1.3635,0.846
1.3172,0.85398
1.1684,0.88536
1.3262,0.85207
1.5763,0.81378
1.4663,0.82963
1.4822,0.82972
1.4446,0.83207
1.5112,0.82298
1.4415,0.83622
1.2958,0.85954
1.5721,0.81494
1.3722,0.84806
1.3793,0.84409
1.7196,0.79108
1.1569,0.88389
1.4081,0.83769
1.1895,0.88071
1.3838,0.84161
1.38,0.8425
1.2736,0.864
1.6289,0.80631
1.4216,0.83729
1.2496,0.86815
1.5921,0.81107
1.1715,0.88178
1.2543,0.86503
1.7044,0.7953
1.5908,0.81307
1.0469,0.9094
0.90322,0.94472
1.7739,0.78524
1.6107,0.80361
1.4483,0.82891
1.3224,0.85649
1.8438,0.77567
1.1989,0.87826
1.2825,0.86241
1.3033,0.85949
1.4808,0.8325
1.3253,0.85163
1.3164,0.85541
1.2403,0.86487
1.2148,0.87304
1.1931,0.87364
1.2244,0.86507
1.1976,0.87262
1.1595,0.8815
1.1346,0.88773
1.2035,0.87208
1.1903,0.87742
1.2899,0.85981
1.3604,0.84621
0.88588,0.94293
0.85863,0.95269
0.89121,0.93816
0.86067,0.95055
0.89146,0.94471
1.2906,0.85783
1.3791,0.8395
1.2311,0.87065
1.405,0.83702
1.2996,0.85798
1.4734,0.82492
1.4553,0.82921
1.0922,0.89833
1.1931,0.87643
1.2315,0.86768
1.3723,0.84401
1.243,0.86486
1.219,0.86779
1.2368,0.86431
1.3716,0.83958
1.209,0.87078
1.2013,0.87629
1.3382,0.84887
1.5344,0.8177
1.2834,0.86071
1.0037,0.91982
1.3102,0.85586
1.2471,0.86493
1.3286,0.8454
1.229,0.86259
1.1511,0.88062
1.3197,0.84733
1.0076,0.90485
1.2878,0.85546
1.1862,0.87734
1.4771,0.82328
1.2203,0.86817
1.6228,0.80307
1.0821,0.89885
1.2856,0.85805
1.3779,0.84053
1.2819,0.85948
1.393,0.84466
1.3432,0.84939
1.4111,0.83839
1.5202,0.82322
1.1923,0.87997
1.4322,0.83634
1.5288,0.81786
1.2796,0.85473
1.3423,0.84979
1.2671,0.86167
1.378,0.84033
1.3073,0.85478
1.3097,0.85484
1.3324,0.85241
1.0407,0.91135
1.1094,0.89419
1.1547,0.88584
1.3045,0.85517
1.3098,0.8559
0.96798,0.92197
1.3605,0.83803
1.3107,0.84555
1.3069,0.84782
1.402,0.831
1.4239,0.82862
1.3003,0.84893
1.1111,0.88969
1.5688,0.81016
1.134,0.88696
1.3562,0.84656
1.2704,0.8606
1.2984,0.85484
1.3633,0.84267
1.2009,0.87268
1.2329,0.86208
1.485,0.81648
1.459,0.82493
1.4088,0.83698
1.5057,0.81598
1.4424,0.82638
1.2872,0.85689
1.3793,0.841
1.2342,0.86359
0.96358,0.92312
1.144,0.88774
1.0882,0.90067
1.2445,0.85782
1.3396,0.84366
1.2235,0.86865
1.6463,0.79523
1.0357,0.90656
1.0826,0.8986
1.3221,0.84814
1.4017,0.83824
1.28,0.86209
1.1842,0.8748
1.1797,0.87728
1.2654,0.85718
1.2662,0.85823
1.0542,0.90178
1.3523,0.83918
1.3124,0.84742
1.4514,0.82422
1.2953,0.85363
1.3081,0.85484
1.5532,0.8113
1.308,0.85544
1.3695,0.84403
1.2406,0.86769
1.2204,0.86834
0.99664,0.91229
0.93885,0.92939
1.3761,0.83825
1.1935,0.87318
1.3718,0.83819
1.4831,0.81578
1.2557,0.85557
1.3073,0.8495
1.0388,0.90561
1.1502,0.88089
1.2005,0.87133
1.3071,0.848
1.0818,0.89752
1.25,0.85552
1.2593,0.85435
1.3618,0.83933
1.1208,0.88605
1.3327,0.84055
1.3166,0.84666
1.2409,0.86112
1.1955,0.87613
1.4108,0.83739
1.2691,0.85816
1.0597,0.89534
1.4374,0.82544
1.0696,0.90346
1.2299,0.86794
1.3953,0.83821
1.316,0.85459
1.3601,0.84583
1.3384,0.84767
1.3376,0.85204
1.1087,0.89623
1.2303,0.86692
1.4297,0.82955
1.3053,0.85197
1.316,0.84587
1.4488,0.82757
1.5947,0.80061
1.2012,0.86851
1.3935,0.83065
1.0867,0.89799
1.3099,0.8515
1.4596,0.82689
1.2505,0.85938
1.3508,0.85075
1.2824,0.85834
1.063,0.89501
1.1197,0.87797
1.5073,0.82432
1.1125,0.89242
1.574,0.81186
1.5787,0.81007
1.3261,0.84515
1.1091,0.88369
1.3671,0.83956
1.0405,0.90798
1.0433,0.90744
1.0876,0.89536
1.5145,0.81813
1.2051,0.86939
1.1349,0.88374
1.1361,0.88301
1.4058,0.82839
1.2246,0.86347
1.1291,0.88271
1.1689,0.87363
1.4557,0.81827
1.3105,0.84258
1.1993,0.86756
0.89374,0.94604
1.2181,0.87247
1.1444,0.88693
1.2409,0.86517
1.3202,0.84899
1.2543,0.86058
1.0667,0.90038
1.1037,0.88686
1.0742,0.89329
1.4302,0.82237
1.0517,0.9007
0.94812,0.93083
1.0719,0.89654
0.95625,0.92584
1.1487,0.88753
1.415,0.83323
1.4201,0.82549
1.4141,0.82653
1.1464,0.87203
1.1521,0.87182
1.264,0.85038
1.4998,0.81573
0.9974,0.9118
1.2846,0.85481
1.1498,0.88497
1.0231,0.90345
1.4149,0.82511
1.3827,0.83075
1.1722,0.87089
1.4321,0.81848
1.5392,0.8012
1.3375,0.8385
1.3938,0.82838
1.1935,0.86743
1.051,0.8996
1.2819,0.8546
1.5429,0.8144
1.4659,0.82744
1.7423,0.78305
1.5326,0.80668
1.4781,0.81559
1.4085,0.82926
1.1553,0.87869
1.2205,0.85758
1.1253,0.87541
1.5286,0.80713
1.0942,0.88652
1.4989,0.81483
1.1574,0.86772
1.517,0.81065
1.3811,0.83634
1.4382,0.82856
1.4246,0.82578
1.5939,0.79991
1.5804,0.79992
1.4134,0.82799
1.5592,0.80339
1.4606,0.82514
1.5372,0.81447
1.3252,0.84628
1.2453,0.86272
1.3799,0.83448
1.4783,0.82252
1.1532,0.87709
1.3833,0.84009
0.95384,0.92066
1.1929,0.86335
1.4393,0.82739
1.4552,0.81629
1.5115,0.81027
1.3805,0.83648
1.2296,0.86001
1.3611,0.83857
1.2879,0.8514
1.391,0.83356
1.3439,0.84208
1.4817,0.81224
1.4364,0.82366
1.2155,0.86736
1.287,0.85325
1.487,0.81915
1.4115,0.83335
1.184,0.87578
1.2909,0.84923
1.1609,0.87722
1.0962,0.89347
1.142,0.88527
1.1919,0.87066
1.3737,0.84004
1.4573,0.82166
1.1797,0.87458
1.206,0.8697
1.1482,0.88431
1.1551,0.88147
1.2908,0.85914
0.77552,0.98152
0.99434,0.91977
0.96543,0.92468
1.2992,0.85608
1.3199,0.84719
1.6807,0.78465
1.5494,0.80125
1.4287,0.82605
1.2978,0.85143
1.2828,0.85187
1.3396,0.84531
1.3684,0.84442
1.339,0.84572
1.4112,0.83594
1.5357,0.81026
1.4292,0.83078
1.471,0.82224
1.1711,0.87696
1.0317,0.91004
1.3182,0.85537
1.1643,0.87902
1.2005,0.87298
1.2834,0.86037
0.99713,0.91832
0.93868,0.92955
1.0397,0.9081
0.79444,0.97118
1.1873,0.88204
1.3275,0.85535
1.2833,0.86008
1.4609,0.8305
1.0255,0.9111
1.4507,0.83222
1.2448,0.86626
1.4888,0.82757
1.764,0.78779
1.0612,0.90228
1.2957,0.85882
1.5067,0.82479
1.6922,0.79737
1.513,0.82652
0.93279,0.94066
1.1943,0.8812
1.1865,0.87985
1.4172,0.84208
1.2934,0.86453
0.98441,0.92648
1.0181,0.91846
1.1087,0.89586
1.2758,0.86167
1.2747,0.86025
1.3396,0.8523
1.1312,0.8923
1.2888,0.86308
1.3811,0.84594
1.3497,0.85305
1.4857,0.83022
1.1968,0.87853
1.3097,0.86218
1.026,0.91658
1.1577,0.88654
1.2155,0.87392
1.094,0.90384
1.0511,0.91207
1.1794,0.8882
1.1346,0.89167
1.1346,0.8914
1.2138,0.87878
1.0104,0.92267
1.0837,0.90592
1.2584,0.86958
0.94758,0.93317
1.3042,0.86326
1.4607,0.83706
1.4469,0.83639
0.99155,0.92262
1.5618,0.81967
0.99046,0.92275
0.93997,0.93742
0.90819,0.94537
1.2713,0.87015
0.88811,0.94979
1.432,0.83918
1.0389,0.91451
1.2138,0.8801
1.238,0.87129
1.574,0.81909
1.5216,0.82909
1.2668,0.87036
1.2204,0.88485
1.3064,0.86488
1.3289,0.86184
1.3696,0.85259
1.4014,0.84682
1.2298,0.87809
1.328,0.85889
1.2942,0.86225
1.4609,0.83535
1.0427,0.91743
1.0989,0.90551
1.2734,0.86975
1.3571,0.85626
1.7632,0.79655
1.0711,0.91197
1.385,0.85254
0.96525,0.93797
1.0694,0.91135
1.2325,0.88003
1.4606,0.84037
1.4934,0.83491
1.1912,0.88629
1.4207,0.84364
1.5297,0.82742
1.4239,0.84458
1.1505,0.89649
1.1046,0.90609
1.2223,0.88403
1.4351,0.84356
1.383,0.85224
1.1657,0.89627
1.1795,0.89365
0.89053,0.95552
0.98174,0.93057
1.0107,0.9234
0.94248,0.94122
1.017,0.92171
0.95641,0.93736
0.97321,0.93208
0.95469,0.93781
0.99246,0.92846
1.0085,0.92836
1.2063,0.88538
0.9379,0.94128
1.161,0.89445
1.2038,0.88437
1.3517,0.86193
1.3868,0.85516
1.5054,0.83495
1.1679,0.89369
1.3873,0.85645
1.1864,0.89086
1.1908,0.89145
1.3286,0.86434
1.6675,0.81276
1.3798,0.85747
1.3403,0.86298
0.97581,0.93996
1.0439,0.92475
1.2678,0.87843
1.5196,0.83613
1.3473,0.86657
1.2974,0.8748
1.3171,0.8698
0.99017,0.93675
1.1863,0.89295
1.5842,0.82606
1.6557,0.81346
1.4437,0.84861
1.3771,0.86042
1.3679,0.86265
1.3462,0.8632
1.3832,0.85776
1.3847,0.85696
1.3457,0.86538
1.3033,0.87243
1.2926,0.87231
1.4963,0.83901
1.1349,0.90378
1.2557,0.88012
1.3058,0.87215
1.1465,0.90194
1.16,0.90186
1.318,0.87037
1.4434,0.84888
1.392,0.85631
1.1814,0.89771
1.0788,0.91949
1.1022,0.91355
1.1678,0.90016
1.3559,0.86421
1.2196,0.889
1.1697,0.89916
1.1995,0.89373
1.3158,0.87524
1.2719,0.88033
1.2975,0.87218
1.3114,0.87053
1.3724,0.86313
1.285,0.88074
1.1087,0.91427
1.1607,0.90081
1.2383,0.88478
1.2309,0.88853
1.2297,0.88788
1.1022,0.91615
1.2833,0.88007
1.2771,0.881
1.4386,0.85438
1.4426,0.85376
1.0755,0.92162
1.3443,0.86665
1.2417,0.88449
1.2364,0.88782
1.4485,0.84927
1.12,0.91496
1.1031,0.91826
1.2118,0.89688
1.2679,0.88376
1.3307,0.87747
1.3367,0.87129
1.2569,0.88699
1.3853,0.86347
1.2399,0.8886
1.1275,0.91272
1.2509,0.88518
1.2779,0.8779
1.2272,0.89017
1.1506,0.90798
1.2165,0.89391
1.2719,0.88878
1.1027,0.92154
1.5911,0.83469
1.2744,0.88298
1.5341,0.84278
1.5853,0.83404
1.3768,0.86578
1.4956,0.84815
1.3472,0.87442
1.3724,0.869
1.5677,0.83679
1.3056,0.87561
1.5249,0.8438
1.3939,0.86531
1.0971,0.91894
1.366,0.87006
1.1042,0.91802
1.2728,0.88368
1.3672,0.86621
1.3231,0.87465
1.2361,0.89785
1.1219,0.91966
1.6257,0.83181
1.5643,0.83967
1.5031,0.84843
2.0218,0.78846
1.1946,0.90752
1.229,0.89887
1.4204,0.86268
1.5303,0.84612
1.5673,0.83939
1.9942,0.79212
1.4912,0.85215
1.4494,0.85941
1.6084,0.83282
1.4231,0.85956
1.5091,0.84972
1.1618,0.9081
1.4133,0.86327
1.3036,0.8871
0.99842,0.94637
1.304,0.88407
1.4174,0.8633
1.335,0.87762
1.19,0.90761
1.225,0.90008
1.1762,0.90965
1.2312,0.89942
1.6177,0.83504
1.24,0.89766
1.2706,0.89223
1.3013,0.88677
1.7284,0.82018
1.2859,0.88777
1.3496,0.8787
1.8258,0.80907
1.2059,0.90366
1.1131,0.92585
1.1615,0.91029
1.2763,0.89192
1.0124,0.94334
1.3766,0.87384
1.3219,0.88308
1.266,0.89862
1.4511,0.86596
1.2796,0.89021
1.2706,0.89281
1.4225,0.86631
1.3653,0.87742
1.2486,0.89841
1.3305,0.88311
1.4554,0.86259
1.3981,0.87466
1.0973,0.93084
1.1738,0.91333
1.2927,0.88855
1.3281,0.88216
1.3363,0.88104
1.2871,0.89051
1.2809,0.89143
1.2846,0.89419
0.95844,0.96237
1.5174,0.85645
1.0824,0.9328
1.4592,0.86297
1.4829,0.86168
0.9602,0.96295
0.92776,0.97141
0.95068,0.96516
1.011,0.94906
1.1519,0.91626
1.4737,0.85774
1.068,0.9365
1.0693,0.9393
1.0669,0.94106
1.015,0.95371
1.2782,0.89513
1.2998,0.89446
1.2925,0.89182
1.3143,0.88706
1.5995,0.84342
1.1988,0.91065
1.2705,0.89769
1.4761,0.86584
1.2372,0.90876
1.4428,0.87007
1.524,0.85645
1.625,0.84231
1.5033,0.8591
1.4756,0.86233
1.3167,0.88735
1.268,0.89723
1.2527,0.90039
1.4284,0.86915
1.0475,0.94036
1.4251,0.87076
0.89646,0.97984
1.1062,0.93419
1.5912,0.84688
1.0111,0.95001
1.5373,0.85651
1.1041,0.93249
1.5638,0.85306
1.3656,0.88358
1.1767,0.91984
1.5602,0.8534
1.8992,0.80598
1.3905,0.87844
1.2263,0.91072
1.3197,0.89199
0.95121,0.97502
1.0047,0.96351
1.0405,0.95139
1.6953,0.83725
1.5065,0.86237
1.1627,0.921
1.1828,0.91591
1.5322,0.85808
1.4997,0.86584
0.96654,0.9706
1.0987,0.93572
1.0741,0.9452
1.3414,0.89476
1.1947,0.91539
1.2515,0.90386
1.2956,0.89672
1.2052,0.9145
1.3173,0.89395
1.1346,0.9277
1.2577,0.90453
1.2061,0.91423
1.4245,0.87355
1.2092,0.9143
1.3096,0.89521
1.3132,0.8969
1.3174,0.89871
1.2334,0.9131
1.1914,0.92144
0.91379,0.98141
0.9083,0.98243
1.1744,0.92554
0.85964,0.99571
1.241,0.90808
1.1432,0.92902
1.9542,0.81232
1.4223,0.87737
1.4625,0.87005
1.4445,0.87444
1.3099,0.89997
1.2621,0.90952
1.8054,0.83061
2.0133,0.804
1.6279,0.84694
1.4511,0.87528
1.3763,0.88957
1.5536,0.86057
1.235,0.91558
1.1821,0.92492
1.2108,0.9207
1.2247,0.9169
1.1684,0.92632
1.387,0.88754
1.1408,0.93228
1.0339,0.95525
1.2448,0.91313
0.98249,0.96826
1.21,0.92013
1.1953,0.92342
1.5732,0.85817
1.3892,0.88587
1.4783,0.8716
1.3864,0.88567
1.1945,0.92375
1.2283,0.91613
1.2412,0.91196
1.3906,0.8868
1.2796,0.90581
1.3539,0.89351
1.3845,0.88839
0.96568,0.97066
1.2603,0.9119
0.97499,0.96997
1.3413,0.8956
1.2986,0.9042
1.3368,0.89749
1.3891,0.8866
1.0779,0.94652
1.3884,0.88754
1.4339,0.88282
1.1954,0.92412
1.1315,0.94024
1.2083,0.92523
1.3115,0.9047
1.4537,0.87791
1.3615,0.89455
1.4049,0.88506
1.4483,0.87793
1.3829,0.88872
1.365,0.89251
1.3274,0.8999
1.4228,0.88359
1.4294,0.88284
1.4961,0.87337
1.3617,0.89522
1.0671,0.95749
1.4178,0.88818
1.5596,0.86389
1.5071,0.87196
1.5769,0.86051
1.3676,0.89597
1.4331,0.88322
1.6743,0.84869
1.5735,0.86191
1.6195,0.85598
1.2634,0.91168
1.2945,0.90481
1.2821,0.91224
1.3417,0.90006
1.2211,0.92456
1.2257,0.92212
1.3524,0.89852
1.8178,0.82894
1.9,0.81887
1.2921,0.9063
1.0809,0.94633
1.4112,0.88824
1.4541,0.88143
1.5221,0.87021
1.6922,0.85181
1.0222,0.96283
1.3109,0.90594
1.3291,0.90572
0.93789,0.98414
1.4224,0.89058
1.5193,0.87202
1.5338,0.87108
1.4283,0.88283
1.4672,0.88211
1.4501,0.88175
1.5789,0.86353
1.3239,0.90384
1.5339,0.87208
1.4932,0.87756
2.1203,0.80053
1.8514,0.83331
1.2929,0.9112
1.3321,0.90353
2.069,0.80586
1.4224,0.88965
1.5064,0.87375
1.1177,0.94436
1.0261,0.96394
1.353,0.90059
1.6264,0.86384
1.4682,0.88485
1.4028,0.88915
1.6015,0.8598
1.4856,0.87709
1.6818,0.85035
1.4124,0.89071
1.3023,0.91191
1.294,0.91278
1.3578,0.89887
1.0925,0.9489
1.597,0.86091
1.4661,0.88064
1.3431,0.9021
1.3621,0.89929
1.3661,0.89867
1.2299,0.92492
1.5396,0.86772
1.5135,0.87261
1.4569,0.88159
1.442,0.88531
1.4399,0.88573
2.1297,0.80169
1.0465,0.96251
1.0222,0.96454
1.0854,0.94986
1.0755,0.95221
1.0863,0.95008
1.4654,0.88101
1.0137,0.9665
1.109,0.94769
0.94588,0.98321
1.2784,0.91283
1.538,0.87209
1.4959,0.87755
1.2562,0.92164
1.5034,0.88064
1.5978,0.86599
1.5678,0.86967
1.2745,0.91636
1.286,0.91285
1.3679,0.89861
1.5143,0.87517
1.5724,0.86675
1.4825,0.8824
1.4496,0.88507
1.5396,0.87367
1.4638,0.88592
1.376,0.89834
1.4298,0.89127
2.2241,0.7916
1.4344,0.88684
1.496,0.87643
1.4508,0.88712
1.3518,0.90304
1.1998,0.93401
1.1939,0.93725
1.3382,0.9083
1.4821,0.88136
2.0599,0.8105
1.3351,0.90589
1.8446,0.83685
1.2283,0.92491
1.8771,0.83459
1.2045,0.92952
1.2462,0.92155
1.3037,0.91099
1.3102,0.91073
1.306,0.91182
1.794,0.84696
1.3692,0.90523
1.1565,0.94185
1.5783,0.86648
1.4067,0.89361
1.2757,0.91476
1.3718,0.90067
1.355,0.90147
1.2256,0.9275
1.1129,0.95202
1.4089,0.89474
1.4513,0.8875
1.4417,0.88772
1.4359,0.88954
1.0765,0.95387
1.0385,0.96284
0.95758,0.98327
1.4581,0.88881
1.3374,0.91132
1.4637,0.88443
1.4816,0.88301
1.4639,0.8845
1.4441,0.88812
1.6755,0.85731
1.4886,0.88364
1.5679,0.87196
1.3182,0.91212
1.5375,0.87718
0.93591,0.99041
1.2516,0.9253
1.3742,0.90016
1.5969,0.86646
1.5088,0.87916
1.6185,0.86282
1.5955,0.86546
1.0876,0.9526
1.4545,0.8891
1.5449,0.8735
1.3114,0.91319
1.4731,0.88577
1.511,0.88144
1.4098,0.89486
1.4817,0.88495
1.5772,0.87016
1.4451,0.8901
1.5736,0.87027
1.6313,0.86251
1.4284,0.89168
1.4808,0.88345
1.4939,0.88398
1.0252,0.96888
1.0075,0.97426
1.064,0.96086
1.0871,0.95558
1.1054,0.95186
1.0806,0.95562
1.0295,0.96803
1.0331,0.96689
1.6018,0.86476
1.5393,0.87506
1.502,0.87906
1.6168,0.86488
1.3357,0.90959
1.3868,0.90047
1.3496,0.90543
1.3848,0.8994
1.4131,0.8957
1.3254,0.90844
1.4243,0.89143
1.4649,0.88687
1.3661,0.90322
1.346,0.90733
1.4582,0.88827
1.5324,0.87687
1.4215,0.89335
1.2147,0.92932
1.2019,0.9308
1.5634,0.87228
1.488,0.88384
1.4754,0.88462
1.4784,0.88638
1.3396,0.90825
1.5599,0.87323
1.5613,0.87361
1.5347,0.87786
1.4601,0.89098
1.1021,0.95262
1.0782,0.9587
1.0966,0.95421
1.076,0.95866
1.0961,0.95387
1.0807,0.95758
1.0797,0.95792
1.0903,0.95584
1.1102,0.95179
1.0865,0.9575
1.0619,0.96319
1.0758,0.95957
1.546,0.87889
2.1133,0.80856
1.5312,0.87814
1.5325,0.87876
1.517,0.87952
1.4803,0.88516
1.5792,0.87359
1.6012,0.86959
1.588,0.87216
1.4863,0.88748
1.1182,0.95198
1.502,0.88496
2.072,0.81606
1.3978,0.90062
1.4736,0.88798
1.3985,0.90184
1.4637,0.88994
1.0043,0.97504
1.3812,0.90179
1.3365,0.9106
1.0474,0.96525
1.4193,0.89572
1.4023,0.89901
1.6045,0.86869
1.4645,0.89208
1.4927,0.8849
1.4691,0.88955
1.494,0.88484
1.5022,0.88462
1.4572,0.89254
1.5176,0.88397
1.6197,0.86943
1.3774,0.90563
1.5129,0.88282
1.4832,0.88737
1.4824,0.88714
1.5921,0.87365
1.4563,0.89307
1.4659,0.89163
1.6292,0.86771
1.4743,0.89136
1.4731,0.89267
1.0255,0.97225
0.97556,0.98358
1.0154,0.97475
1.4318,0.89824
1.5828,0.87373
1.4344,0.89617
1.4482,0.89526
1.5492,0.87763
1.3677,0.90599
1.4694,0.89015
1.6126,0.86929
1.6081,0.87021
1.4549,0.89263
1.4041,0.90218
1.5328,0.87962
1.4291,0.89459
1.5581,0.87604
1.5868,0.87211
1.2433,0.92804
1.377,0.90426
1.389,0.90465
1.3549,0.91144
1.3873,0.90548
1.3627,0.91073
1.4548,0.89399
1.4973,0.88873
1.4674,0.89374
1.5724,0.87557
1.5522,0.87874
1.5268,0.88295
1.3842,0.90426
1.4067,0.90078
1.2737,0.92471
1.3831,0.90536
1.2398,0.92909
1.3945,0.90205
1.319,0.91806
1.3004,0.92038
1.2998,0.9208
1.3112,0.91958
1.4497,0.895
1.3741,0.90669
1.535,0.88191
1.401,0.90242
1.4266,0.89764
1.451,0.89411
1.5082,0.88431
1.455,0.89381
1.3487,0.91206
1.3891,0.90459
1.5955,0.8744
1.4654,0.89183
1.5691,0.8765
1.4708,0.89044
