4.7033,0.696
4.6243,0.69598
4.5206,0.70427
4.7804,0.68989
5.2048,0.67019
5.0272,0.68007
4.7808,0.68719
5.2268,0.66468
5.075,0.67047
4.942,0.68214
5.1543,0.66894
4.9311,0.68305
4.7495,0.6936
5.2566,0.67047
5.2124,0.67266
5.2347,0.67144
4.777,0.69214
5.1865,0.67332
5.2216,0.67175
4.8089,0.69031
5.2012,0.67243
4.7661,0.69217
5.1908,0.67338
5.2204,0.67128
4.6886,0.69473
5.1422,0.67263
5.7497,0.6412
5.7219,0.63989
5.4646,0.65322
5.2057,0.66615
5.7617,0.64133
5.0829,0.67741
5.1781,0.66909
5.2153,0.67015
4.7475,0.6892
5.0425,0.6795
5.1923,0.66656
4.8659,0.68199
4.8275,0.68526
4.9997,0.67701
5.287,0.66453
5.3808,0.65846
5.1702,0.67176
5.2186,0.6679
5.4351,0.65711
5.3079,0.66422
5.53,0.65184
4.7798,0.68612
5.8482,0.63482
5.6914,0.64681
5.4785,0.65249
4.9392,0.6792
5.4444,0.6557
4.9702,0.67942
5.2575,0.66742
5.3483,0.66188
5.4202,0.66025
5.312,0.66275
4.8806,0.68233
4.5649,0.69605
5.1682,0.66365
5.2385,0.66085
5.0372,0.6707
5.2385,0.65834
5.1626,0.665
5.1513,0.66739
5.0144,0.67355
4.9261,0.6783
4.9314,0.67787
5.0556,0.67073
5.1887,0.6656
5.1032,0.66928
5.5367,0.64541
5.3451,0.65324
5.1469,0.66688
4.9991,0.67355
5.8248,0.63145
5.2255,0.66054
5.1823,0.66445
5.1898,0.66294
5.4387,0.65009
5.1416,0.66572
5.4106,0.65324
5.2621,0.65946
5.6634,0.63574
5.3846,0.65098
5.6532,0.63684
5.2127,0.66059
5.3513,0.65282
5.593,0.64072
5.3317,0.65449
5.0914,0.66382
5.3127,0.65486
5.5306,0.64409
5.1123,0.66143
5.1626,0.6593
5.0916,0.66329
5.3604,0.65117
5.0288,0.66574
5.4532,0.64705
5.3267,0.65219
5.3909,0.64904
5.323,0.65144
5.3895,0.64831
5.5102,0.64289
5.4783,0.64381
5.4295,0.64577
5.4944,0.64242
5.5419,0.63979
5.4732,0.64248
5.5345,0.63957
5.399,0.64488
5.4323,0.64345
5.467,0.64167
5.418,0.64313
5.3414,0.64658
5.4742,0.64066
5.5692,0.63601
5.5536,0.63645
5.5151,0.63803
5.4145,0.64249
5.4242,0.64192
5.445,0.64062
5.5443,0.63623
5.6173,0.63319
5.4682,0.6389
5.6297,0.63168
6.1969,0.60506
5.9237,0.61521
5.8057,0.62357
5.5513,0.63376
5.3823,0.64099
5.482,0.63725
5.784,0.62046
6.2869,0.59656
5.6333,0.62867
5.8143,0.61857
5.5992,0.62926
5.7027,0.62291
5.4524,0.63613
5.5347,0.63146
5.5671,0.62993
5.4259,0.63713
5.6727,0.6262
5.4554,0.6358
5.5035,0.63272
5.6214,0.62369
5.7063,0.61973
5.6602,0.6242
5.8247,0.6137
6.0005,0.60972
5.6913,0.6235
5.7629,0.61897
5.6817,0.62422
5.7416,0.62126
5.9379,0.61258
5.538,0.6309
5.7143,0.62291
5.6671,0.62409
5.5342,0.63073
5.9289,0.6147
5.7442,0.62122
5.7259,0.62008
5.6776,0.62405
5.6578,0.62475
6.0169,0.60634
5.8415,0.61773
6.0153,0.61014
5.7507,0.61937
5.761,0.61925
5.5449,0.62848
5.6635,0.6228
5.5413,0.62736
5.4898,0.62995
5.4161,0.63328
5.5859,0.62583
5.5025,0.62849
5.6329,0.62318
5.4382,0.63161
5.7542,0.6179
5.5699,0.62455
5.6331,0.62248
5.7684,0.61825
5.7978,0.61695
5.5386,0.62788
5.7795,0.61807
5.652,0.62248
5.6738,0.62093
5.6043,0.62455
5.4783,0.63025
5.6462,0.62241
5.8281,0.61562
5.719,0.61893
5.7286,0.61885
5.7215,0.61894
5.7604,0.61662
5.7695,0.61666
6.0229,0.60606
5.9371,0.60913
5.6363,0.62077
5.8088,0.61435
6.0209,0.60567
5.8551,0.61189
5.9326,0.609
5.7425,0.6167
5.6077,0.62266
5.7434,0.61637
5.5336,0.62579
5.7016,0.61787
5.6676,0.61934
5.8385,0.60955
5.7635,0.61288
5.8494,0.61001
5.8965,0.60949
5.4947,0.6266
5.7588,0.61517
6.1032,0.60179
6.0844,0.60262
5.6384,0.6204
5.6268,0.62143
5.8138,0.61332
5.7866,0.6142
5.7547,0.61461
5.6517,0.61959
5.8263,0.61199
5.7915,0.61379
5.7194,0.61706
6.1134,0.5989
5.4405,0.62667
5.6269,0.62037
5.7815,0.61392
5.8323,0.61097
5.5798,0.62222
5.6364,0.61897
6.0097,0.60437
5.847,0.61088
5.7841,0.61285
5.9797,0.60456
5.8828,0.60794
5.8598,0.60957
5.4709,0.6252
5.586,0.61979
5.5414,0.62233
5.8,0.61168
5.688,0.61654
6.0079,0.60256
6.0436,0.60217
5.4832,0.62457
6.003,0.60154
5.7694,0.61314
5.5847,0.62042
5.5778,0.62069
5.7222,0.61533
5.8405,0.60972
5.9241,0.60671
5.7644,0.61315
5.8335,0.61066
5.9016,0.6069
5.9306,0.60646
5.8426,0.60984
6.4814,0.58098
5.8847,0.60727
5.9539,0.6045
6.0601,0.59685
5.6828,0.61457
5.5406,0.62267
5.5387,0.6219
5.9602,0.60483
5.5018,0.62397
5.5655,0.62088
5.4855,0.62421
5.9939,0.60329
5.5563,0.62077
5.7716,0.611
5.6183,0.61767
5.4915,0.62312
5.9641,0.60335
6.0724,0.5993
6.2752,0.59125
6.0828,0.5985
5.8221,0.60986
6.1566,0.59595
5.9936,0.60286
5.9871,0.60296
6.2713,0.59175
5.658,0.61662
5.962,0.60386
6.1055,0.59782
5.7174,0.61506
5.6699,0.61674
5.98,0.60338
5.8814,0.60768
5.9325,0.60537
5.7192,0.61407
5.9033,0.60272
5.6879,0.61545
5.9081,0.60649
5.7186,0.6137
5.791,0.6107
5.6342,0.61687
5.9794,0.60141
5.8528,0.60672
5.9787,0.60144
6.0592,0.59865
6.2599,0.58888
6.2312,0.58973
6.0816,0.59827
6.0544,0.5991
6.0004,0.60016
6.0959,0.59806
6.075,0.59843
5.8823,0.60659
5.7121,0.61357
5.9301,0.60436
6.0451,0.59992
5.9659,0.60342
6.1183,0.59713
6.0032,0.60166
6.0179,0.60134
5.7765,0.61049
6.0624,0.59932
5.5689,0.61927
6.086,0.59827
6.0382,0.60024
5.7758,0.61021
5.9839,0.60153
5.511,0.62082
6.1115,0.59574
5.9617,0.60148
5.8944,0.60405
5.5744,0.61713
5.9895,0.60058
6.0327,0.59912
5.5347,0.62027
5.956,0.6025
5.7702,0.60998
5.7256,0.61224
5.8277,0.60774
6.3604,0.58189
6.305,0.58552
5.9744,0.60231
6.208,0.59121
5.8234,0.60889
5.9901,0.60156
6.094,0.59694
5.9457,0.60243
5.9029,0.60435
5.681,0.61381
5.7191,0.6133
5.8146,0.609
5.9815,0.59883
6.1025,0.59633
5.8869,0.60543
5.9206,0.60423
6.0273,0.59949
5.9512,0.60269
5.5485,0.61891
5.9576,0.60123
5.9604,0.60248
5.9844,0.60005
5.7324,0.61109
5.8518,0.60633
5.882,0.60498
5.7634,0.6105
5.7287,0.61153
5.8919,0.60488
5.854,0.6066
5.6532,0.61419
5.5418,0.61881
6.005,0.60044
5.5125,0.62038
6.0563,0.5987
5.9009,0.60482
5.8736,0.60544
6.0421,0.59884
5.9468,0.60242
6.0207,0.59963
6.0858,0.59727
6.0344,0.59887
5.968,0.60156
6.0023,0.60014
6.1354,0.59445
5.7931,0.60754
5.9215,0.60276
5.7615,0.60766
5.6146,0.61334
5.9652,0.59936
5.6464,0.61334
6.0304,0.59735
6.2889,0.58512
5.966,0.60015
5.349,0.62582
5.854,0.60426
5.7559,0.6087
5.7728,0.60817
5.9419,0.60137
5.8951,0.60075
5.9686,0.59881
5.9095,0.60275
5.844,0.60447
5.9249,0.60146
5.7859,0.60776
5.8277,0.60674
6.0359,0.598
5.9158,0.60268
5.8775,0.60464
6.0551,0.59728
6.2562,0.58978
5.7654,0.60987
5.9139,0.60142
5.7749,0.60847
5.8299,0.60669
6.1822,0.59171
5.3851,0.62552
5.9619,0.60057
5.8889,0.60349
6.1187,0.59425
6.1126,0.59421
6.0904,0.59522
6.1719,0.59139
5.9664,0.59949
5.9731,0.59912
5.937,0.60124
5.8659,0.60435
6.1233,0.59428
6.1469,0.59297
5.8696,0.60344
5.856,0.60533
6.1178,0.59411
6.0457,0.5971
6.2253,0.58964
6.0751,0.59595
5.9027,0.60302
5.9848,0.59958
5.8489,0.60526
5.7565,0.60929
5.8813,0.6043
6.0499,0.59665
5.9847,0.60013
6.0146,0.59911
6.0218,0.59859
5.922,0.60245
5.8745,0.60461
5.3779,0.62507
5.7486,0.60952
5.8934,0.60336
6.0327,0.59708
6.2906,0.58652
6.052,0.59664
6.0275,0.5978
6.0449,0.59742
6.0133,0.59866
6.0239,0.59787
5.9271,0.60205
5.4975,0.61955
5.9432,0.60152
6.0511,0.59535
5.7139,0.60897
5.8639,0.60472
5.7509,0.60915
6.1127,0.59472
5.7258,0.60955
5.5675,0.61634
6.1187,0.59218
5.6424,0.61291
5.4597,0.62142
6.1515,0.59303
5.5785,0.61531
5.9101,0.60268
6.0539,0.59656
5.9127,0.60258
6.0774,0.59546
5.8552,0.60451
5.8718,0.60327
5.9707,0.59968
6.0213,0.59712
5.9099,0.60159
5.9121,0.60114
5.7547,0.60723
6.1172,0.59309
6.0368,0.59678
5.9645,0.59983
6.0549,0.59601
6.1147,0.594
5.9556,0.60019
6.019,0.59764
5.9807,0.59936
5.9232,0.60197
6.1052,0.59385
6.1346,0.59272
5.9165,0.60151
5.9225,0.60055
5.974,0.59825
6.016,0.59663
6.0769,0.59496
5.8499,0.60331
5.5156,0.6176
6.1544,0.5918
5.9327,0.60037
5.4555,0.61966
5.8961,0.60236
5.5378,0.6162
6.1369,0.59273
6.0672,0.59493
5.491,0.6188
5.8389,0.60397
5.9933,0.59815
6.0895,0.59412
5.5182,0.61773
5.9678,0.59949
6.0259,0.59732
5.8421,0.60495
5.8214,0.60582
6.1947,0.59006
6.2279,0.58953
6.2842,0.5876
5.7452,0.60763
5.8934,0.60087
5.9096,0.60145
5.594,0.61382
5.7941,0.60536
6.0451,0.59458
6.0254,0.59534
6.0285,0.59537
5.8758,0.60173
6.1567,0.59047
5.9604,0.59864
6.1018,0.59249
6.1695,0.5912
5.9334,0.60058
6.1466,0.59149
5.7535,0.60504
6.0539,0.59556
6.3156,0.5836
6.006,0.59813
6.0597,0.5953
5.9895,0.59832
6.1455,0.59169
6.1293,0.59242
5.4249,0.62161
5.7825,0.60618
5.9421,0.60029
5.9997,0.59767
5.6713,0.6109
5.8243,0.60503
5.5706,0.61601
6.1032,0.59394
6.0896,0.59454
6.1434,0.59158
5.9646,0.59928
5.9668,0.59904
5.9636,0.59906
5.9558,0.59851
5.831,0.60267
6.1757,0.59037
6.0524,0.59506
6.1138,0.59186
5.9328,0.59901
5.8896,0.60167
5.8635,0.60153
5.5428,0.61631
5.942,0.5998
6.0258,0.59527
5.6759,0.60986
6.0517,0.59494
5.795,0.60455
5.7988,0.60505
6.1415,0.59068
6.1957,0.58948
6.2331,0.58731
6.1798,0.58954
6.1915,0.58898
6.0757,0.59451
6.2007,0.58923
6.0316,0.59508
6.1813,0.59013
5.9301,0.60111
5.8528,0.60414
5.9942,0.59792
6.0574,0.5956
6.241,0.58525
6.038,0.59587
6.0526,0.59586
5.9348,0.60008
6.2366,0.58722
5.9773,0.59863
6.0201,0.59613
6.0015,0.59734
6.0732,0.59294
5.9666,0.59751
6.1797,0.58855
5.9222,0.59899
5.9597,0.59717
5.7483,0.60634
5.7473,0.60632
5.7532,0.60593
5.7833,0.60574
5.6226,0.6128
6.0423,0.5935
5.9341,0.5978
6.1492,0.59154
6.1724,0.59023
6.2179,0.58836
6.1455,0.5914
6.1857,0.59004
6.133,0.59229
6.3803,0.58239
6.2436,0.58797
6.4492,0.57955
6.1012,0.59331
6.129,0.59219
6.1007,0.59295
6.0295,0.59647
6.0421,0.59595
5.8796,0.60276
6.0391,0.59605
6.0759,0.59507
5.8402,0.6051
6.168,0.59104
5.983,0.59877
5.8015,0.60519
6.0616,0.5956
5.8376,0.60404
6.1563,0.5912
5.9022,0.60125
5.7472,0.60693
6.174,0.58847
6.2468,0.58513
6.1206,0.59146
5.9382,0.59926
6.1785,0.59001
6.0058,0.59633
5.9788,0.59547
6.1962,0.58823
6.0175,0.59506
6.2224,0.58732
6.1998,0.58798
6.182,0.58906
5.9559,0.59711
5.2798,0.62524
6.0711,0.59281
6.1247,0.59083
5.9348,0.59849
5.8124,0.60384
6.0879,0.59302
6.1577,0.58935
5.9191,0.5983
6.059,0.59295
6.0386,0.59449
6.2527,0.58632
5.9288,0.59932
6.2224,0.58706
6.0804,0.5929
5.8814,0.6012
6.1194,0.59212
6.0031,0.59512
5.9222,0.59937
5.8716,0.60156
6.0343,0.59546
6.0596,0.59412
5.8019,0.60378
5.6886,0.60784
5.8,0.60356
5.6914,0.60863
6.2625,0.58497
6.0769,0.59269
6.133,0.59114
6.5228,0.57006
5.9262,0.60012
5.5672,0.61421
5.697,0.60831
5.4104,0.62116
6.4523,0.57411
6.2523,0.58741
6.1154,0.59271
6.0961,0.59334
6.0837,0.59359
6.2136,0.58848
6.1711,0.59012
6.3179,0.58392
6.2586,0.58675
6.2898,0.58484
6.7009,0.56622
6.2551,0.58625
6.0576,0.59425
6.1571,0.58992
6.1198,0.5915
6.2708,0.58536
6.3088,0.58397
6.1996,0.58844
6.2635,0.58612
6.3072,0.58463
5.9864,0.59655
5.6962,0.60821
6.1802,0.58886
5.9595,0.59737
6.0828,0.58862
5.9398,0.59781
6.0072,0.59542
5.8574,0.60078
5.8548,0.60107
5.4596,0.61876
5.9238,0.59902
5.8801,0.60096
5.7623,0.60618
5.8659,0.60164
5.9448,0.59838
5.8505,0.60205
5.7553,0.60574
5.8167,0.60297
5.9459,0.59776
6.0631,0.59257
6.0022,0.59508
6.1091,0.59113
6.1742,0.58831
6.2583,0.58556
6.0163,0.59545
5.9005,0.60018
5.9941,0.59656
5.9689,0.59707
5.9505,0.59781
6.1038,0.5923
6.1331,0.59132
6.0324,0.59541
6.0624,0.59413
5.8934,0.60136
6.0257,0.59557
5.985,0.59725
6.0916,0.59225
6.136,0.58961
6.1702,0.58975
6.0332,0.59496
6.2767,0.58574
6.172,0.58953
6.2485,0.58674
6.3255,0.58406
6.2467,0.58644
6.2154,0.5873
6.1468,0.59029
6.0926,0.59255
6.1434,0.58869
5.9805,0.59671
5.8387,0.60201
6.2326,0.58669
6.2822,0.58428
5.9851,0.59631
6.2914,0.58466
6.3075,0.58308
5.7197,0.60715
6.2258,0.58621
5.8797,0.60019
5.9687,0.59621
5.7546,0.60382
5.9809,0.59629
5.8511,0.60013
5.991,0.59551
6.215,0.58676
6.5749,0.57275
6.2076,0.58652
6.1143,0.59082
6.0728,0.59259
6.4217,0.57905
6.404,0.57943
6.2168,0.58594
6.1292,0.5902
6.0522,0.59169
6.2125,0.58762
6.2791,0.58451
6.0871,0.59111
6.266,0.58579
6.1219,0.59114
5.5512,0.61326
5.9181,0.60015
5.845,0.60341
5.7083,0.60825
5.7203,0.60596
5.8411,0.60105
5.8214,0.60237
5.7743,0.60447
5.8187,0.60246
6.2745,0.58512
5.9326,0.59902
5.8104,0.60387
6.0845,0.59237
5.8386,0.60216
6.0813,0.59266
5.965,0.59748
5.9842,0.59681
5.9638,0.59749
6.0294,0.59496
5.9614,0.59754
6.0313,0.59475
6.01,0.59575
6.143,0.59023
6.0171,0.5955
5.8386,0.60233
5.8275,0.60295
6.2255,0.58695
6.1756,0.58943
6.0097,0.59582
6.1423,0.59045
6.2015,0.58808
5.9967,0.59618
6.1639,0.58965
6.1165,0.59086
5.7534,0.60534
6.056,0.59369
5.6335,0.6101
5.9174,0.59935
6.1706,0.58879
6.1885,0.58835
5.9232,0.59927
6.2523,0.58576
6.0544,0.59361
6.0593,0.59341
6.0166,0.59512
5.8604,0.60052
6.166,0.58915
5.9778,0.59596
5.9716,0.59555
6.0969,0.59076
5.834,0.60091
5.974,0.59486
6.1738,0.5878
6.1225,0.58993
5.9396,0.59802
5.9554,0.59616
6.2147,0.58646
6.0089,0.59525
6.1193,0.59143
5.7654,0.60341
5.9711,0.59635
5.8155,0.60148
6.0734,0.59191
6.1176,0.59143
5.9033,0.59826
6.0079,0.59555
5.915,0.59928
5.7279,0.60486
5.7039,0.60628
5.9679,0.59734
6.092,0.59198
6.029,0.59489
6.1601,0.58915
5.8322,0.60216
6.1213,0.59062
6.16,0.58924
6.0892,0.59208
6.1185,0.59091
5.806,0.60303
6.052,0.59365
5.9555,0.59738
6.2311,0.58602
6.0944,0.59175
5.9721,0.59618
6.1499,0.58922
6.1139,0.59046
6.3114,0.58207
5.9318,0.59857
6.1518,0.58958
6.1372,0.58846
6.1547,0.58937
6.2995,0.58202
5.8661,0.60087
6.3617,0.58145
6.1628,0.58972
6.3226,0.58328
6.1919,0.58827
6.1626,0.58933
6.1237,0.59098
6.1273,0.59059
6.0923,0.59202
6.2449,0.58609
5.6539,0.60959
6.0788,0.59275
6.0987,0.59221
6.3375,0.58222
6.1995,0.58751
6.3593,0.58079
6.1781,0.58786
6.2151,0.58657
6.1459,0.5895
6.2511,0.58519
6.0444,0.59336
5.9843,0.59619
6.0306,0.59447
6.1181,0.59147
6.2229,0.58695
6.1188,0.59167
6.1813,0.58763
6.032,0.59449
6.131,0.59042
5.9825,0.59658
6.242,0.58664
6.2883,0.58461
6.0558,0.59363
6.122,0.59116
5.9174,0.59966
6.2345,0.58607
6.2063,0.58764
6.2947,0.57804
6.2646,0.58479
6.1125,0.59006
6.2132,0.58686
6.2842,0.58442
6.1263,0.59057
6.2044,0.58751
6.2412,0.58608
6.0659,0.59278
6.1265,0.59015
5.996,0.59585
5.955,0.59706
5.9879,0.59567
6.1268,0.59014
6.1969,0.58691
6.0102,0.5946
6.2847,0.584
5.9768,0.59708
5.9721,0.59681
6.1296,0.58941
6.086,0.59247
6.1169,0.59108
6.2106,0.5868
6.1749,0.58833
6.1064,0.58984
6.1051,0.58905
6.2442,0.58449
6.2358,0.5847
6.1744,0.58842
6.2397,0.58318
6.2641,0.58313
6.2724,0.58334
6.1618,0.58666
6.0558,0.59168
5.9741,0.59539
6.073,0.59092
5.9603,0.59609
5.9842,0.5951
6.2428,0.58572
6.0341,0.59294
6.2217,0.58675
6.1573,0.58828
6.1798,0.58806
6.0915,0.59081
6.2456,0.58551
5.8905,0.59893
6.1826,0.58708
6.1354,0.58857
6.2227,0.58624
5.8309,0.60167
6.2782,0.58426
6.1657,0.58881
5.9911,0.59539
6.1351,0.59055
5.8589,0.60041
6.2335,0.5859
6.3459,0.58181
6.0129,0.59534
6.1054,0.59122
6.1279,0.5901
6.2446,0.58531
6.331,0.58183
6.2888,0.58231
6.3106,0.58266
6.086,0.59143
6.0827,0.59076
6.1135,0.59087
5.8789,0.60079
6.3073,0.584
6.2856,0.58439
6.1311,0.59068
6.3558,0.58167
6.0673,0.59108
5.8931,0.59822
6.0656,0.5911
6.2543,0.58334
6.1685,0.58511
6.0464,0.59173
6.2196,0.58464
6.0625,0.5901
6.1034,0.58868
6.0768,0.59046
6.0899,0.59078
5.831,0.60031
6.2127,0.58653
6.2186,0.58574
6.3749,0.57997
6.3124,0.58189
6.2101,0.58695
6.1817,0.58734
6.3836,0.5799
6.1326,0.58918
6.3276,0.58138
6.1495,0.58875
6.2646,0.58463
6.1093,0.59077
6.3901,0.57888
6.1041,0.59083
6.1291,0.58961
6.268,0.58472
6.1305,0.58993
6.2764,0.584
5.9994,0.59501
6.0139,0.59421
6.12,0.59014
6.022,0.59443
6.1569,0.58866
5.9763,0.59542
6.1781,0.58827
6.0846,0.59169
6.0926,0.59129
6.1026,0.59076
6.0535,0.59301
6.0253,0.59466
6.2537,0.58539
6.001,0.59594
5.9768,0.59643
6.0284,0.59477
6.0282,0.59468
6.0442,0.59368
5.8071,0.60186
6.0659,0.59125
5.8663,0.59942
5.9697,0.59546
6.0531,0.59171
6.1709,0.58658
6.0938,0.59022
6.1473,0.58839
5.9858,0.59415
6.1062,0.58971
6.1602,0.58759
6.178,0.58593
5.9513,0.59645
5.8604,0.59975
6.0465,0.59296
6.1269,0.5888
6.1249,0.58928
6.0846,0.59027
6.0153,0.59316
6.2229,0.58546
6.1797,0.58739
6.1365,0.58826
6.15,0.58868
6.1036,0.59088
5.8326,0.60186
5.9183,0.598
6.0002,0.59452
5.9833,0.59391
5.9753,0.59617
5.6614,0.6083
6.0501,0.5936
5.9828,0.59586
5.9328,0.59784
5.9904,0.59601
5.8751,0.60035
5.9869,0.59547
6.0062,0.59462
6.0744,0.58936
5.9314,0.59772
5.955,0.59677
6.0514,0.59282
6.008,0.59454
5.968,0.59651
5.94,0.59591
5.9943,0.59541
5.952,0.59719
6.0036,0.59492
5.908,0.59903
5.6273,0.60966
6.1771,0.58802
6.0547,0.59307
5.9342,0.59667
5.9862,0.5946
5.6844,0.60641
6.2242,0.5849
6.0535,0.59222
6.0133,0.594
6.0266,0.59342
5.7612,0.60457
5.9905,0.59521
6.1841,0.58703
6.3473,0.57976
6.0967,0.59041
6.092,0.59014
6.1865,0.58639
6.3371,0.58085
6.3645,0.58034
6.2515,0.58498
6.2561,0.58455
6.2051,0.58661
6.1899,0.58724
6.1388,0.5873
6.0628,0.59003
6.0604,0.59092
6.1458,0.58744
6.0815,0.59009
6.0518,0.59137
5.8512,0.59891
6.0441,0.59145
6.1133,0.58849
6.1857,0.5859
5.973,0.59504
6.0233,0.59163
6.0711,0.59053
6.24,0.585
6.1964,0.58671
6.2215,0.58578
6.2822,0.58334
6.3598,0.58033
6.3255,0.58171
6.0885,0.59097
6.2193,0.58454
6.1262,0.59014
6.1051,0.59091
6.1977,0.58681
6.1023,0.59076
6.2153,0.58608
6.2957,0.58339
6.0132,0.59411
6.0151,0.5944
5.8948,0.5986
5.7494,0.60454
5.9659,0.59601
6.3682,0.57966
6.2201,0.58598
6.3164,0.5819
6.3572,0.58
6.2277,0.5854
5.927,0.59588
5.8139,0.60182
6.029,0.59379
6.2708,0.58256
6.2782,0.58388
6.03,0.59284
6.1101,0.59064
5.974,0.59594
6.1884,0.58723
6.1505,0.5884
6.3675,0.57996
6.0952,0.59003
6.084,0.59135
6.1674,0.58811
6.1431,0.58921
6.1278,0.5898
6.1841,0.5873
6.1401,0.58927
6.1408,0.5887
6.2386,0.58509
6.2906,0.5831
6.2906,0.58298
6.3078,0.58218
6.3322,0.58103
6.3066,0.58188
6.2085,0.58644
6.3505,0.58046
6.1466,0.58809
6.0765,0.59125
6.0654,0.59129
6.0734,0.59093
5.969,0.59494
6.0172,0.59347
6.1882,0.58653
6.0841,0.58954
6.2773,0.58283
6.1231,0.58873
6.2456,0.58301
6.1814,0.58651
6.2561,0.58347
5.7808,0.60219
5.7482,0.60387
6.1915,0.58566
6.3621,0.57918
6.4454,0.57593
5.997,0.59321
6.2492,0.58395
6.2842,0.58355
6.0693,0.58964
6.1047,0.58835
6.0945,0.58936
6.0162,0.5932
6.0634,0.59117
6.0494,0.59151
6.0446,0.59274
6.2842,0.58147
6.2461,0.58303
6.2297,0.58305
6.2411,0.58303
6.0621,0.59051
6.1069,0.59021
6.0845,0.59054
6.1093,0.5895
6.2231,0.58479
6.1613,0.58786
6.1401,0.58861
6.117,0.58926
6.166,0.58767
6.1898,0.58661
6.1879,0.58615
5.9898,0.59519
6.022,0.5932
6.1478,0.58556
6.1431,0.58713
6.1791,0.58493
5.8669,0.59924
6.0301,0.59119
6.4863,0.57442
5.9477,0.5959
6.0375,0.59189
5.9835,0.59363
5.6111,0.60932
6.0756,0.5899
6.0223,0.59252
6.128,0.5891
6.0033,0.59413
6.2136,0.58508
5.9699,0.59547
6.2253,0.5847
6.2274,0.58498
6.2721,0.58287
6.1382,0.58855
6.2158,0.58514
6.1478,0.58809
6.105,0.58992
6.2847,0.58274
6.0037,0.59372
6.1135,0.58986
6.07,0.5905
6.0966,0.58997
6.3703,0.57935
6.3185,0.58136
6.3378,0.5805
6.0655,0.592
6.2548,0.58343
6.137,0.58872
6.2022,0.58582
5.8399,0.59994
6.2093,0.58492
6.0877,0.59061
6.1807,0.58651
6.0951,0.58939
6.0537,0.5912
6.2484,0.58319
6.0644,0.59069
6.0499,0.59079
6.1501,0.58708
6.1082,0.58895
6.144,0.58751
6.0205,0.59308
6.3579,0.57678
6.4063,0.57676
6.3937,0.57746
6.3473,0.57937
6.2483,0.58367
6.0827,0.59077
6.1801,0.5865
6.1027,0.59
6.1863,0.58622
6.1842,0.58635
6.2306,0.5844
6.194,0.58548
6.0464,0.59027
6.2981,0.57935
6.0131,0.59167
6.0463,0.59009
6.2487,0.58203
6.2182,0.58288
6.0859,0.58732
6.0502,0.58712
5.9556,0.59236
5.8762,0.59583
6.1049,0.58625
6.0594,0.58888
6.1362,0.58541
6.0639,0.58589
6.128,0.5852
6.1326,0.58457
5.8535,0.59539
5.9573,0.5915
6.2259,0.58118
6.0909,0.58692
5.9778,0.59088
6.0061,0.59005
5.8204,0.59699
6.059,0.58745
6.1873,0.58325
6.0322,0.58781
6.1285,0.58444
5.9058,0.59327
5.9673,0.59199
6.0338,0.58864
6.0255,0.5883
6.1495,0.58495
6.0521,0.58702
5.9762,0.58988
6.1646,0.58329
6.1806,0.5824
6.0351,0.58709
6.4926,0.56904
6.2945,0.57678
6.1116,0.58397
5.9897,0.58863
6.1581,0.58171
6.0921,0.58411
6.1843,0.58019
6.1451,0.58168
6.3164,0.57453
6.2471,0.57789
6.4775,0.56837
6.2676,0.57468
6.1987,0.57708
6.4383,0.56916
6.1933,0.577
6.4189,0.56868
6.0544,0.58343
6.2694,0.574
6.266,0.5755
6.2153,0.57651
6.1189,0.58029
6.4465,0.56608
6.4432,0.56699
6.0443,0.58299
5.951,0.5864
6.0604,0.58148
5.9684,0.58495
6.0757,0.57959
5.941,0.58523
6.0807,0.57986
6.0035,0.58328
5.9968,0.58307
6.1086,0.57774
6.034,0.58156
6.1724,0.57595
6.8928,0.547
6.3978,0.56544
6.3474,0.56877
6.3879,0.5671
6.4256,0.56433
6.386,0.56608
6.3761,0.56689
6.3581,0.56585
6.5179,0.56025
6.6326,0.55629
6.3696,0.56621
6.3619,0.56552
6.3596,0.56513
6.2383,0.57047
6.2266,0.56933
6.1399,0.57223
6.1782,0.57164
6.0894,0.57375
6.2714,0.56521
6.1903,0.56885
6.0137,0.57582
5.9885,0.57659
6.1863,0.56781
5.9642,0.57724
6.8472,0.54314
6.7421,0.54709
6.6791,0.54954
6.8406,0.54312
6.5102,0.55579
6.1991,0.56834
6.3803,0.56095
6.3565,0.56132
6.3875,0.56031
6.3714,0.56137
6.281,0.56496
6.5338,0.55494
6.3808,0.56085
6.2842,0.56455
6.2419,0.56555
6.1946,0.5677
6.3255,0.56196
6.1374,0.5701
6.2129,0.56658
6.13,0.56966
6.3637,0.55968
6.3003,0.5614
6.439,0.5556
6.4335,0.55549
6.196,0.56356
6.5156,0.55125
6.447,0.55138
6.4538,0.55273
6.3726,0.5545
6.1522,0.56327
6.3221,0.55611
6.2356,0.56107
6.2792,0.55699
6.4456,0.55131
6.4081,0.5528
6.7003,0.54101
6.5815,0.54636
6.2284,0.56025
6.6347,0.54481
6.3585,0.55572
6.4002,0.55352
6.3148,0.55733
6.5621,0.54697
6.5743,0.54615
6.5253,0.54486
6.6439,0.54214
6.3862,0.55028
6.4792,0.5458
6.6816,0.53808
6.5976,0.54095
6.3983,0.54792
6.5309,0.54338
6.709,0.52771
6.4064,0.54663
7.1221,0.51332
6.6058,0.53862
6.334,0.54952
6.4802,0.54356
6.4578,0.54349
6.321,0.54874
6.4444,0.54471
6.2323,0.55315
6.3988,0.54396
6.4782,0.54348
6.4099,0.54149
6.3673,0.54499
6.2113,0.55093
5.8797,0.56389
6.3697,0.54375
6.4954,0.53968
6.1644,0.55159
6.4377,0.54264
6.8796,0.52618
7.1419,0.51627
7.0083,0.52139
6.7163,0.53234
6.7735,0.52945
6.77,0.52871
6.543,0.53782
6.8806,0.52405
6.8432,0.52452
6.3677,0.54104
6.4697,0.53626
6.5579,0.53344
6.8494,0.52131
6.5624,0.53255
6.7108,0.52637
6.7523,0.52419
6.9434,0.51662
6.8077,0.52233
6.4456,0.53615
6.4135,0.5363
6.5605,0.53088
6.3365,0.53916
6.91,0.51797
6.7236,0.52438
6.9113,0.51799
6.9498,0.51668
6.839,0.51805
6.9176,0.51402
6.8308,0.51942
6.6345,0.52574
6.5369,0.53018
6.7919,0.51943
6.6712,0.52463
6.6533,0.52396
6.5726,0.52658
6.5404,0.52701
7.1971,0.49724
6.8421,0.51608
6.9776,0.50922
6.7389,0.51746
6.7436,0.51843
6.8113,0.51444
6.7383,0.51675
6.8342,0.51332
6.7659,0.51572
6.2191,0.53289
6.7197,0.51856
8.1928,0.45439
7.1624,0.49477
6.5869,0.52245
6.2164,0.53581
6.557,0.52405
6.508,0.52466
6.4503,0.52567
6.6354,0.52018
6.1927,0.53639
6.6431,0.51783
6.9723,0.50563
6.9767,0.49929
6.7743,0.50877
6.6333,0.51687
6.9527,0.50303
6.7281,0.51107
6.6724,0.51381
6.6094,0.5162
6.6479,0.51697
6.5442,0.52087
6.4865,0.52218
6.8399,0.50909
8.201,0.44771
7.0659,0.49596
6.6178,0.51548
7.2957,0.49031
7.336,0.48765
6.7798,0.50754
6.4211,0.51724
6.8033,0.50182
6.7284,0.5085
6.6044,0.5103
6.7712,0.50372
6.0396,0.52456
7.0579,0.49582
7.1357,0.49312
6.9666,0.49435
7.1582,0.49498
7.0785,0.49686
6.6907,0.51134
6.6818,0.51113
7.1255,0.49254
7.0107,0.49863
7.2407,0.48946
6.674,0.50297
6.791,0.49859
6.9176,0.49611
7.4805,0.47964
6.7022,0.50115
7.6312,0.47275
7.4515,0.47879
7.0464,0.49299
6.9745,0.49472
7.1036,0.49063
6.7994,0.50126
7.2639,0.48392
7.094,0.48987
7.33,0.48161
7.3995,0.47889
7.8416,0.46321
7.343,0.47952
6.9001,0.48858
7.2939,0.47492
8.1655,0.45295
6.9942,0.48698
6.3563,0.50674
6.4644,0.49983
6.7916,0.49213
6.6909,0.49746
7.5182,0.47181
6.4008,0.50036
6.843,0.48882
7.0624,0.48279
7.3658,0.47448
7.5102,0.46934
6.8689,0.48614
7.398,0.47265
7.5963,0.46583
6.8126,0.48506
6.5415,0.50179
6.6582,0.49045
6.7572,0.49178
7.1386,0.47848
6.5614,0.49895
6.8709,0.48796
7.3316,0.47133
7.3195,0.47281
7.2806,0.47433
7.4711,0.4663
6.8811,0.48484
7.9606,0.45214
9.7036,0.3778
8.5467,0.42264
7.2458,0.47531
7.4154,0.46688
6.9828,0.48455
7.6531,0.46114
7.2516,0.47105
6.7948,0.48896
7.6616,0.4603
6.9161,0.48336
8.0544,0.44612
6.7378,0.48882
7.0444,0.47562
6.7335,0.48826
7.1915,0.47053
6.8474,0.48537
6.7571,0.48732
6.5494,0.49207
7.3084,0.46677
7.9823,0.43455
6.8281,0.48146
7.3649,0.4633
7.2525,0.46693
7.2515,0.46603
7.3332,0.46534
7.2953,0.46522
7.2923,0.46498
7.2081,0.46755
7.4363,0.46074
7.11,0.47172
9.4672,0.38133
8.6493,0.42008
7.6185,0.45812
7.7274,0.45473
7.7235,0.45525
7.5503,0.46218
7.2941,0.46933
7.3143,0.46913
7.9272,0.44955
7.6415,0.45903
7.5856,0.45985
7.6854,0.45659
7.3498,0.46349
7.3472,0.46186
6.8607,0.48064
7.724,0.44981
7.4088,0.46068
7.3405,0.46217
6.8483,0.47907
8.167,0.43064
6.5711,0.48969
6.9871,0.47583
7.4456,0.46238
7.5603,0.45374
7.6055,0.45551
7.8523,0.44616
7.5156,0.45794
7.8142,0.44926
8.4006,0.42221
7.7582,0.45076
8.0195,0.44356
8.3952,0.43403
7.8337,0.44754
7.7554,0.45018
7.7742,0.45036
7.4892,0.45552
8.1727,0.43584
7.8967,0.44416
8.1278,0.43625
7.353,0.46257
7.8938,0.44471
7.8746,0.44589
7.4831,0.4582
8.2939,0.43025
8.0664,0.43665
7.7343,0.44907
7.8588,0.44612
7.7677,0.44847
7.725,0.44764
8.0886,0.43679
7.6399,0.45109
7.9743,0.4396
7.6866,0.44975
7.7543,0.44999
7.493,0.45432
7.3974,0.45892
7.7368,0.44612
7.6685,0.44629
7.5534,0.4546
7.8447,0.44266
8.0986,0.43847
8.3248,0.43098
8.1527,0.43192
8.3335,0.42632
8.1915,0.43196
7.9489,0.43922
8.0062,0.43657
8.0073,0.43642
8.0194,0.43603
7.6449,0.44851
8.1546,0.43216
7.7586,0.44533
7.7696,0.44693
7.7413,0.44699
8.1903,0.43289
9.7171,0.37239
8.1283,0.42925
7.9,0.4421
7.7555,0.44814
7.8584,0.44233
8.1083,0.43624
7.7144,0.4465
7.8031,0.4441
7.8716,0.4424
7.5873,0.45016
7.5014,0.45347
7.6708,0.44716
8.1346,0.43308
7.7016,0.44711
7.6205,0.45026
7.78,0.44465
7.7751,0.44259
7.5098,0.45239
8.127,0.43238
7.2808,0.4627
10.946,0.32876
6.9656,0.47422
7.0056,0.4716
7.8036,0.44306
7.4152,0.45597
8.1261,0.43201
8.084,0.43362
8.2125,0.42853
7.7578,0.44296
8.0479,0.43341
7.8681,0.43991
7.7865,0.44162
7.2224,0.46033
7.9348,0.44058
7.3545,0.45593
8.0942,0.43104
8.2495,0.42649
10.167,0.35972
7.8307,0.43971
8.1636,0.42894
7.8189,0.44061
7.5646,0.44939
7.7709,0.44202
7.6822,0.44539
7.7123,0.44437
7.1026,0.46618
8.4256,0.42575
7.6748,0.44465
7.593,0.44751
7.5565,0.44812
7.8641,0.43895
7.573,0.449
8.0686,0.43231
7.4102,0.4539
7.5573,0.44907
7.8034,0.44119
8.3869,0.41487
7.967,0.43948
8.0889,0.43574
7.8037,0.44269
8.2026,0.42975
7.7099,0.44489
7.3941,0.45683
7.7613,0.44247
7.1178,0.46486
10.949,0.33117
7.8463,0.43602
7.648,0.44708
7.2384,0.45919
7.193,0.46418
7.3014,0.46054
7.1292,0.46775
7.3882,0.45877
7.0911,0.46717
7.1775,0.46596
7.0018,0.47137
7.602,0.44981
6.6505,0.48093
7.7139,0.44709
6.5055,0.48605
7.2977,0.46067
9.0691,0.40474
8.6034,0.41713
8.5361,0.41914
8.0856,0.43347
8.2801,0.4274
8.2954,0.42704
8.2046,0.4309
7.7435,0.44607
8.1526,0.43228
7.6908,0.44309
7.6843,0.44399
8.6329,0.40449
7.4343,0.4583
8.6943,0.41719
7.8872,0.43666
8.3183,0.42833
8.1656,0.42774
7.838,0.43785
7.8857,0.43687
8.0576,0.42996
7.8268,0.43821
8.1279,0.42932
8.1071,0.43037
8.2423,0.42887
7.5591,0.45148
7.7414,0.44538
7.801,0.44217
7.6507,0.44604
7.7808,0.44185
7.719,0.44468
7.844,0.44125
8.132,0.43359
8.2119,0.43068
7.8647,0.44093
7.9445,0.43862
7.5139,0.45258
8.1295,0.43347
8.1229,0.43406
8.2534,0.43004
8.1738,0.42772
7.6138,0.4462
7.6355,0.44409
7.6622,0.4438
7.8575,0.43743
7.8296,0.43762
7.8524,0.43699
7.967,0.43276
7.8211,0.4387
8.759,0.41015
7.868,0.43649
8.812,0.41225
7.2942,0.44839
8.2556,0.42383
7.495,0.44857
8.0364,0.43324
8.2666,0.42654
8.0784,0.42655
9.0234,0.39631
8.1095,0.43461
8.0984,0.43364
8.23,0.42743
8.1499,0.43132
8.2464,0.42841
8.5904,0.41793
8.4284,0.42247
8.5762,0.41743
7.5667,0.45092
7.7093,0.44179
7.5895,0.44534
8.3443,0.42571
8.218,0.42947
8.1889,0.42962
7.479,0.45156
8.2157,0.42876
7.9356,0.4366
8.4567,0.42047
8.1983,0.42846
7.9238,0.43621
7.7767,0.43936
7.829,0.43785
7.8897,0.43508
8.2909,0.41965
8.02,0.43136
2.6479,0.6963
7.7236,0.44297
8.1278,0.43017
8.071,0.43073
8.7885,0.41139
8.0297,0.43497
8.6173,0.41648
8.6038,0.41679
7.6023,0.44524
7.524,0.44795
7.5572,0.44655
7.7239,0.44105
7.8963,0.43514
8.6203,0.41862
7.378,0.45312
7.9726,0.43422
8.4524,0.42331
8.1429,0.42598
8.2432,0.42243
8.0871,0.42968
7.9586,0.43338
8.0033,0.43556
8.5268,0.41873
8.3184,0.424
8.3679,0.41898
7.9358,0.43062
7.6976,0.44043
7.964,0.4319
8.2927,0.42587
7.9698,0.43171
7.6742,0.44302
8.1595,0.42653
8.2164,0.42456
8.0667,0.43063
10.158,0.35219
7.9937,0.43085
7.7437,0.44067
8.0149,0.43138
8.2537,0.42416
7.6901,0.4409
8.0394,0.4305
7.7902,0.43844
7.82,0.43733
8.7499,0.40615
8.0081,0.42877
7.9774,0.43673
7.5594,0.44585
7.7981,0.43714
7.6944,0.44116
8.9367,0.40702
9.1409,0.40118
8.2638,0.42008
8.9951,0.39746
9.5354,0.37891
8.3462,0.42105
8.1295,0.42782
8.6322,0.41746
8.7685,0.41374
7.9685,0.43716
8.5816,0.41804
8.9471,0.40688
9.0128,0.40522
8.4283,0.42185
7.4319,0.45422
8.2035,0.42871
7.8169,0.44274
8.4391,0.42275
7.5272,0.45155
8.2359,0.42832
8.3047,0.42559
8.2633,0.42626
7.8834,0.43782
7.7047,0.44417
8.6324,0.41534
8.1568,0.42706
7.8935,0.43313
7.96,0.43012
8.0833,0.42717
8.1648,0.42637
8.0379,0.43149
8.5155,0.41979
8.4588,0.42033
8.4461,0.42234
8.1418,0.43245
8.1274,0.43357
7.6571,0.44162
8.5273,0.41788
8.0537,0.4347
8.205,0.42991
8.223,0.42716
8.2362,0.4288
8.6167,0.41584
8.5112,0.4193
8.4976,0.4206
8.4134,0.42232
7.9867,0.43126
7.7691,0.4386
7.0675,0.45651
7.3083,0.4472
7.283,0.45355
7.8527,0.43357
8.0706,0.42763
7.7122,0.44055
7.7359,0.43826
8.5388,0.41817
7.7684,0.43789
7.9603,0.43159
7.7875,0.43736
8.5523,0.41713
8.3974,0.42214
7.4502,0.45313
8.7894,0.40995
8.4327,0.42147
8.6737,0.41423
8.291,0.42585
8.6218,0.41634
7.8316,0.44077
8.5916,0.41662
7.9902,0.4354
7.8848,0.43491
7.5111,0.44804
7.332,0.45424
7.471,0.44962
7.3663,0.45012
7.5229,0.44623
7.773,0.44129
7.4275,0.45028
7.315,0.45367
7.9039,0.43858
7.4199,0.45473
7.6985,0.44575
7.6697,0.44677
8.037,0.43426
8.09,0.43227
8.1908,0.4295
9.1686,0.38985
8.241,0.42777
8.2715,0.42736
8.2687,0.42745
8.3973,0.42219
8.1135,0.43134
8.2815,0.42567
7.7367,0.44173
7.9198,0.43502
8.0195,0.42948
9.3786,0.38217
10.408,0.35695
7.6991,0.44039
7.6795,0.44194
8.4473,0.42203
8.1057,0.43258
7.7575,0.44313
7.7265,0.4407
7.8517,0.44226
8.2185,0.43024
8.0935,0.43405
7.7701,0.4389
7.4998,0.44728
7.3356,0.45668
8.5979,0.41632
8.2308,0.42214
7.964,0.42953
8.7397,0.41061
7.5033,0.44245
7.4876,0.44475
7.0763,0.46114
7.3666,0.45315
8.0464,0.43168
7.7047,0.44568
8.282,0.42828
8.1744,0.42996
8.1577,0.43141
8.0383,0.43538
8.3672,0.42359
8.0108,0.43534
7.9193,0.43824
7.6623,0.44693
8.0199,0.43501
7.8601,0.43785
8.0537,0.4345
8.075,0.43092
8.0416,0.43188
7.7735,0.44137
7.8435,0.43969
7.8848,0.43885
8.1259,0.42813
7.8225,0.43758
7.6971,0.43888
7.9427,0.43126
7.7318,0.43773
7.4408,0.44792
8.4757,0.41818
7.4224,0.44889
7.4099,0.45508
7.4497,0.45327
7.803,0.44058
7.478,0.45157
7.505,0.45027
7.2573,0.453
6.9926,0.46506
7.4923,0.45068
7.4584,0.4527
7.5732,0.44866
7.5011,0.44995
7.8394,0.43997
7.825,0.43643
8.0984,0.42547
8.1166,0.42924
8.5289,0.41682
7.7711,0.44074
7.7741,0.43699
7.7401,0.43761
8.0307,0.42956
8.3119,0.42043
8.1075,0.42581
8.3344,0.41813
8.3355,0.41848
7.237,0.45491
7.6862,0.43994
7.6153,0.44322
12.128,0.29071
8.4157,0.41536
8.4101,0.42029
8.3912,0.4213
7.9976,0.42918
8.0598,0.42715
8.1475,0.42322
7.9141,0.43123
7.8148,0.43411
8.2065,0.42332
8.1266,0.42499
10.041,0.35235
8.0724,0.4273
8.1393,0.42797
8.1711,0.42292
8.0131,0.42886
7.7475,0.43691
8.1332,0.4239
8.118,0.42465
7.4297,0.44792
8.2737,0.41675
8.3052,0.41988
8.1393,0.42941
8.6287,0.41304
8.598,0.41403
8.3011,0.42311
8.4893,0.41797
8.1908,0.42596
7.911,0.43475
8.2244,0.42528
8.158,0.42846
8.2606,0.42599
8.084,0.42986
8.29,0.42293
8.333,0.42033
8.2372,0.42455
7.757,0.43988
8.2172,0.42499
7.8732,0.43561
8.2749,0.42164
7.619,0.44597
8.117,0.43041
7.6946,0.44314
8.0366,0.43149
7.8331,0.43888
8.1086,0.42728
8.3244,0.42062
7.8505,0.43311
7.6783,0.43966
7.4284,0.44889
7.304,0.45279
7.3928,0.44862
7.6017,0.44465
7.5361,0.44531
7.681,0.44293
7.5976,0.44386
7.9199,0.43383
7.6492,0.441
8.3708,0.42048
7.8897,0.4316
7.8202,0.43431
7.8037,0.43896
7.8165,0.43628
8.5635,0.41603
8.6797,0.41061
8.3753,0.41715
7.9764,0.42813
8.0114,0.42767
8.1453,0.41504
8.6263,0.39549
9.6088,0.36929
7.1639,0.45521
7.4701,0.44513
7.2973,0.45083
7.5783,0.44108
7.5082,0.44424
7.0375,0.4614
7.7917,0.43402
8.3266,0.41291
7.7231,0.43616
8.238,0.42176
6.8663,0.46736
7.2875,0.45209
7.3933,0.44881
7.5689,0.44248
7.0819,0.45956
7.8864,0.43133
7.2117,0.45445
7.3261,0.44664
8.0198,0.42106
7.9938,0.42659
7.9425,0.43234
7.9589,0.42766
7.5892,0.4381
7.6975,0.43572
7.7949,0.4336
7.0362,0.45976
10.602,0.33616
8.463,0.39763
7.9532,0.42936
7.6563,0.43751
7.4119,0.44661
7.6017,0.43967
8.228,0.42528
8.1996,0.42675
7.9298,0.43538
8.1581,0.42656
8.4222,0.41842
7.5164,0.44471
7.6372,0.44457
7.9244,0.43383
7.8756,0.43548
8.3308,0.42048
7.75,0.43494
8.1592,0.42607
8.2415,0.42271
7.9467,0.42931
8.3309,0.40476
7.5807,0.44192
7.7532,0.43639
7.9777,0.42901
7.8172,0.43447
7.8807,0.43008
8.1209,0.42455
7.7692,0.43543
8.0906,0.43004
7.8556,0.43
7.5204,0.44357
7.509,0.44435
8.663,0.41149
8.062,0.42919
8.4069,0.41731
7.9805,0.43105
8.609,0.41142
8.45,0.41584
8.2917,0.41943
8.3899,0.41455
8.4008,0.41742
8.1514,0.42602
8.4918,0.41524
9.0967,0.39841
7.7696,0.44001
8.2362,0.42392
8.0327,0.42589
7.8589,0.43151
7.7495,0.4352
7.5316,0.44319
8.1965,0.42455
7.828,0.43218
8.2207,0.42105
8.1475,0.42658
7.6054,0.44008
8.4516,0.4171
7.7864,0.4389
8.2715,0.42401
9.0892,0.39622
9.0919,0.39631
9.027,0.39988
9.0644,0.39933
8.4616,0.41652
8.4362,0.41635
9.1066,0.39662
8.7476,0.40839
9.1712,0.39503
8.2416,0.41711
8.4167,0.41364
7.9518,0.43219
7.9348,0.43276
7.6264,0.43946
7.8383,0.43648
7.9628,0.43168
7.8675,0.43354
7.7736,0.43522
8.2439,0.42194
8.0442,0.42832
7.9501,0.42844
7.8768,0.43415
8.3958,0.41157
8.3827,0.41628
7.2128,0.45035
7.8182,0.43484
8.1913,0.41854
7.3297,0.44855
7.6821,0.44221
7.9232,0.42917
8.3882,0.41352
8.0912,0.42382
8.029,0.42626
8.4862,0.41647
7.3741,0.44868
7.9956,0.42732
8.8238,0.40527
8.1418,0.42809
7.4617,0.44753
8.2927,0.42062
7.8062,0.43613
8.2107,0.42223
7.9029,0.42918
7.8195,0.43104
7.589,0.43979
8.0692,0.41891
8.4129,0.42039
8.1008,0.4259
8.117,0.42652
7.6842,0.4402
7.8596,0.43127
7.7438,0.4351
7.8036,0.43349
7.8317,0.43273
8.405,0.40962
7.8738,0.42258
8.4962,0.41581
8.1139,0.42731
7.5633,0.43898
9.0205,0.39854
8.0633,0.42931
7.5346,0.44584
7.8756,0.43281
7.5403,0.44694
7.7084,0.43926
7.7133,0.43986
7.6982,0.44118
7.6343,0.4424
7.8944,0.43372
7.4987,0.44788
8.5142,0.41468
7.9935,0.42786
8.9936,0.40129
8.8301,0.40529
7.8209,0.43288
8.2025,0.42609
8.5959,0.41339
8.4688,0.4178
8.4281,0.41895
7.9446,0.43325
8.3266,0.42259
8.62,0.41256
8.6486,0.41111
8.6598,0.40849
8.7328,0.40527
8.3919,0.41657
8.2213,0.4222
8.2454,0.42123
8.1086,0.42639
10.015,0.35033
9.3659,0.37384
8.0288,0.42833
7.5236,0.44261
8.0452,0.42584
8.3952,0.41817
8.6831,0.41078
8.488,0.41796
8.0858,0.42819
10.721,0.3296
9.5143,0.37032
8.2566,0.41749
8.6464,0.4086
8.4954,0.40893
8.214,0.42233
8.521,0.41224
7.9722,0.43204
8.8423,0.40801
8.8439,0.40387
8.9643,0.39608
8.8551,0.40592
8.8656,0.40433
8.8793,0.40582
8.6109,0.41357
8.6539,0.41289
8.2029,0.42593
8.3943,0.41975
8.1452,0.42318
10.001,0.35104
7.8599,0.4339
7.8471,0.43488
8.4992,0.4131
8.2968,0.42025
8.2224,0.42361
8.7329,0.40754
9.0273,0.39861
9.4838,0.37533
9.8135,0.35787
7.7138,0.43453
8.5197,0.41278
7.8068,0.43204
9.23,0.39174
8.7661,0.40457
8.6759,0.40294
8.3866,0.41353
7.6793,0.43571
7.4128,0.44606
9.3799,0.36617
8.7145,0.38941
7.9873,0.42708
8.118,0.41993
7.8694,0.42922
9.3995,0.3882
7.5798,0.44568
8.375,0.41971
7.8768,0.43472
8.0359,0.42551
8.6135,0.40272
8.0788,0.42927
8.3326,0.42052
8.3664,0.41803
8.3669,0.41814
8.6765,0.40974
8.2459,0.4226
8.2406,0.42306
8.3754,0.41813
8.5982,0.41149
7.9159,0.43215
8.4957,0.41448
8.0452,0.42916
8.8203,0.403
8.7093,0.40724
8.3122,0.41955
8.6471,0.40859
8.05,0.42822
8.2179,0.4216
8.051,0.42666
7.2781,0.4527
8.3535,0.42244
8.1428,0.42587
8.2229,0.42413
8.3702,0.41984
8.4084,0.41656
7.7485,0.43734
7.8787,0.43056
8.0807,0.42651
7.8092,0.43132
8.1174,0.42621
8.228,0.42033
8.2436,0.41588
8.3302,0.41293
8.5517,0.40895
8.2443,0.42137
8.4206,0.41736
7.6961,0.4399
8.6693,0.40835
8.5184,0.41131
8.1538,0.42454
7.708,0.4391
7.5904,0.43963
7.9952,0.42616
8.2988,0.42089
8.2511,0.4093
8.1678,0.42048
8.1299,0.42017
8.5427,0.41396
7.8143,0.43237
7.5891,0.43794
7.7733,0.43326
8.2908,0.41695
8.1039,0.42187
8.2026,0.41
8.3643,0.42116
7.7364,0.43854
8.7176,0.40826
8.4269,0.4164
7.6988,0.44013
7.9878,0.43143
8.0897,0.42667
8.4306,0.41448
9.4111,0.371
7.9483,0.4306
7.7018,0.43862
7.6283,0.43907
7.4985,0.44374
7.8626,0.43468
7.7537,0.43778
7.5116,0.44253
7.8373,0.43233
7.621,0.43876
8.1683,0.42053
7.4287,0.44456
7.9385,0.42693
7.3619,0.44708
7.6464,0.43805
8.4596,0.41451
8.2281,0.42185
7.7962,0.43563
8.1005,0.42585
8.5983,0.38849
7.5601,0.43989
7.5123,0.44152
7.7484,0.43432
8.3087,0.41958
8.6738,0.40812
8.5638,0.41208
8.4163,0.41509
9.5497,0.36522
9.1369,0.37283
8.8797,0.401
8.2244,0.42292
8.32,0.4187
8.6515,0.4077
8.4066,0.4154
8.3328,0.41388
7.8991,0.42774
8.8939,0.40138
9.2689,0.37171
8.5975,0.40862
8.0276,0.42759
8.7229,0.40685
8.2525,0.4198
8.5967,0.41145
8.1233,0.42588
8.3665,0.41517
8.0095,0.42856
8.6731,0.39431
7.8282,0.42802
8.4851,0.4085
8.3971,0.41771
8.1535,0.41935
8.2444,0.42106
8.1323,0.42463
7.9034,0.43192
8.4953,0.41279
8.7792,0.40374
8.9111,0.40013
10.314,0.34027
8.7474,0.40429
8.9884,0.39687
9.0443,0.39609
9.3729,0.38626
8.658,0.40579
8.911,0.39987
8.5752,0.40524
8.6458,0.40777
8.8747,0.40062
9.098,0.39483
8.3728,0.41616
8.0731,0.42518
8.1526,0.42349
8.962,0.39867
8.7845,0.40337
8.5425,0.41177
9.9935,0.35385
9.7856,0.35508
8.1472,0.42318
7.583,0.442
8.1961,0.42029
8.2722,0.41903
7.9998,0.4274
8.6055,0.41024
8.2809,0.41861
8.4598,0.4135
8.2821,0.41827
7.8918,0.42925
8.2221,0.41968
7.9884,0.42224
8.2985,0.41254
8.1952,0.42035
8.1913,0.42041
8.2791,0.4168
8.881,0.39856
8.9743,0.39557
8.5823,0.40836
8.6776,0.40462
8.1244,0.42328
7.7782,0.43402
8.7583,0.40177
8.8912,0.39974
8.5336,0.41006
7.6003,0.4384
8.5211,0.40869
8.0732,0.41761
8.1083,0.41976
8.4372,0.41302
8.0722,0.42317
7.9393,0.42779
8.5717,0.39442
8.7144,0.40276
8.1238,0.42064
8.2579,0.41715
8.1994,0.41933
8.3476,0.41384
8.2333,0.4162
8.645,0.4053
8.8034,0.37805
8.0003,0.41632
7.9725,0.42562
8.6111,0.405
7.8677,0.42963
8.1166,0.42127
8.068,0.4204
8.113,0.42021
7.4938,0.44041
8.4939,0.40527
7.5386,0.43899
8.027,0.42241
7.3695,0.44481
7.3515,0.44435
7.9891,0.42267
8.5227,0.40691
9.0297,0.39164
8.2485,0.41657
10.937,0.30649
7.966,0.42487
8.04,0.42196
8.1454,0.4176
8.0584,0.42023
8.1468,0.41754
8.0534,0.42193
7.9507,0.42438
8.1383,0.41589
8.5768,0.39683
7.3679,0.44229
8.3766,0.40869
7.8782,0.42643
8.1098,0.41757
7.7429,0.42949
8.4597,0.40923
8.0871,0.41735
8.4969,0.39317
7.5359,0.43691
7.5057,0.43739
8.3668,0.40885
8.1486,0.41681
7.3234,0.43917
7.6724,0.42653
7.9596,0.41647
8.2589,0.40995
7.9609,0.42124
8.2187,0.41361
8.509,0.40429
8.0211,0.41847
8.1903,0.41447
7.5638,0.43414
8.0496,0.41865
8.2754,0.41
8.7413,0.38599
8.3558,0.4034
8.0359,0.41442
8.3502,0.40618
7.8801,0.42398
8.8825,0.39215
8.655,0.4011
7.7203,0.42677
8.434,0.4034
7.8396,0.42289
8.4348,0.40345
8.1763,0.41201
8.0992,0.41492
8.0446,0.4153
8.6408,0.39699
8.4464,0.40232
8.1852,0.41034
10.326,0.31825
8.3533,0.40565
8.6815,0.39399
8.6372,0.39665
8.444,0.403
8.1959,0.40912
8.4128,0.40193
8.5688,0.39853
8.2902,0.40764
9.3019,0.36726
9.2377,0.35956
8.2834,0.40701
7.6462,0.42812
7.3765,0.43554
8.3177,0.40434
7.2713,0.44018
8.253,0.40724
8.5499,0.39709
8.145,0.40938
7.7401,0.42287
7.4188,0.43343
7.3315,0.43588
7.4952,0.43125
7.8974,0.41709
8.1051,0.41175
9.1235,0.37102
10.917,0.29114
8.127,0.41063
8.3303,0.40159
8.285,0.40124
7.641,0.42183
7.961,0.41102
8.1538,0.4059
8.084,0.40803
8.2481,0.40217
8.0662,0.4069
7.9203,0.41451
7.9315,0.41362
7.9319,0.41301
8.0328,0.40951
7.8413,0.41725
10.587,0.29631
8.5623,0.38041
7.3936,0.4288
7.294,0.41849
8.9055,0.3818
9.3691,0.36742
8.4935,0.39475
7.5012,0.42494
7.6176,0.419
9.2635,0.33548
7.6935,0.41636
8.2739,0.39663
7.522,0.41944
7.682,0.41414
8.2802,0.39662
8.2919,0.39689
8.6549,0.38393
8.4265,0.39141
7.7068,0.41319
7.9478,0.40862
8.2947,0.39623
7.801,0.41177
8.5034,0.39003
8.3171,0.39664
8.2229,0.40007
8.2649,0.38495
8.1081,0.40209
8.2826,0.39727
7.8514,0.40886
7.9491,0.407
7.9591,0.40831
8.136,0.40474
7.1528,0.42051
8.2808,0.39568
8.7051,0.38344
8.8161,0.37806
8.2452,0.39535
8.7086,0.38131
8.4144,0.38914
8.6122,0.38305
9.0663,0.35532
8.5113,0.38616
7.0825,0.41699
7.9879,0.40194
8.1939,0.39557
8.1247,0.39567
8.2717,0.39291
8.0428,0.4004
9.6107,0.32023
8.8269,0.37361
8.1309,0.39349
7.7632,0.40302
8.2808,0.38847
7.9315,0.39709
9.4258,0.31912
7.2921,0.41994
8.1515,0.39052
7.2829,0.42076
7.8006,0.40232
8.1219,0.39274
7.1822,0.42526
7.6465,0.40849
8.2212,0.38847
8.0875,0.39344
7.6266,0.40429
8.1181,0.38957
8.0719,0.39163
7.8682,0.40081
8.3301,0.38345
8.0972,0.39105
7.7205,0.40534
8.4752,0.37991
8.1186,0.39243
7.9222,0.39868
8.6207,0.37199
8.2316,0.39081
8.2978,0.38742
8.5678,0.37714
8.2681,0.38519
8.5029,0.38041
8.451,0.3791
6.6675,0.42127
7.6891,0.37422
7.1611,0.40792
7.8618,0.40093
8.7244,0.37511
7.6074,0.41056
8.4024,0.38494
8.5605,0.38004
7.6154,0.40985
7.9577,0.39912
7.3114,0.41851
7.6791,0.40434
7.6298,0.40496
7.6442,0.40337
7.4058,0.41142
7.7397,0.40037
7.9732,0.39157
8.658,0.36785
8.2412,0.38197
8.3632,0.37957
7.9913,0.39094
8.4609,0.37604
7.9888,0.39165
7.809,0.39753
8.1444,0.38592
8.1985,0.38528
8.3274,0.38182
8.0167,0.3913
8.2253,0.38424
8.4884,0.37457
8.4601,0.37351
8.3945,0.37696
8.1043,0.38468
7.2472,0.41319
7.8928,0.38725
8.1338,0.38163
7.6765,0.39765
8.0328,0.38731
7.8887,0.39096
7.4672,0.4052
7.5165,0.40356
8.616,0.35505
8.0957,0.38433
7.8478,0.3915
7.9023,0.38915
8.6928,0.36616
7.6289,0.39751
7.1873,0.41226
8.6954,0.36554
7.8605,0.39132
8.5525,0.36997
7.7341,0.39603
8.1358,0.382
8.1009,0.38409
7.9974,0.38714
8.1077,0.38432
8.1235,0.38191
7.9023,0.38851
7.958,0.38287
8.5489,0.36436
7.9717,0.38448
8.5177,0.3678
8.4005,0.37273
8.1112,0.37832
8.4435,0.37031
8.436,0.37016
8.3678,0.37248
7.741,0.3925
9.9263,0.29785
7.8753,0.39164
7.8253,0.39434
7.8324,0.39322
7.6494,0.40061
7.6904,0.39539
7.9502,0.3869
7.9089,0.38837
9.2132,0.32892
8.8621,0.35387
7.3914,0.39909
7.466,0.3956
7.1382,0.4046
8.6174,0.33478
7.8852,0.38617
7.6072,0.39505
7.4829,0.3969
7.6545,0.39199
7.2311,0.4114
7.6485,0.40141
8.2285,0.36531
8.5848,0.35215
7.8855,0.38449
8.0293,0.3819
7.7813,0.3878
8.0146,0.38061
7.1673,0.41074
7.4442,0.39518
7.6053,0.39266
7.7253,0.38784
7.0799,0.409
7.5575,0.39353
7.5752,0.3964
7.3671,0.40561
7.9051,0.38748
7.6602,0.39357
7.7761,0.38965
7.407,0.39919
7.2456,0.40803
7.2368,0.40662
7.931,0.38154
7.1854,0.40689
7.7131,0.38821
7.3154,0.40627
6.8739,0.42752
7.0576,0.41763
7.0822,0.4144
7.8778,0.3856
7.4521,0.39822
7.8205,0.38679
7.9828,0.37535
8.1435,0.37061
7.5611,0.38855
7.6785,0.39118
8.1267,0.37475
7.953,0.37726
7.7097,0.38671
6.9849,0.40924
7.5426,0.38972
6.4499,0.42996
7.8572,0.38235
7.6803,0.38751
8.2434,0.36845
8.3097,0.36828
7.9503,0.38224
7.6363,0.39668
7.7923,0.39107
7.9551,0.38876
8.2579,0.3624
9.5853,0.30678
8.3078,0.37249
8.0117,0.38112
8.3187,0.3717
8.3395,0.37006
7.8272,0.38554
8.1556,0.3669
7.8043,0.3841
9.0256,0.32767
7.6979,0.39317
7.4049,0.40535
7.5568,0.39705
8.0273,0.37972
7.9323,0.38183
7.7422,0.38691
8.2714,0.3725
7.8349,0.38732
7.3081,0.40798
7.666,0.38916
7.4685,0.39687
6.9238,0.41676
7.0959,0.41101
7.4638,0.39816
7.0431,0.41261
6.8082,0.42116
7.1901,0.40662
7.2438,0.40856
7.1993,0.41278
7.0549,0.41193
7.5137,0.39313
6.7591,0.41862
7.9587,0.37678
7.5678,0.38894
7.9113,0.38101
7.8175,0.38359
7.5746,0.39399
6.6984,0.42281
7.5922,0.39342
7.4058,0.39806
7.5602,0.39165
7.9664,0.37769
7.0124,0.41549
6.6813,0.42808
7.2393,0.40612
7.7737,0.3843
7.5122,0.38996
7.3423,0.39771
7.5867,0.38457
7.558,0.38852
8.3078,0.3305
8.7503,0.32943
8.2339,0.36594
8.2731,0.36714
7.2493,0.40151
7.9906,0.37754
7.7221,0.38661
8.0547,0.3758
7.8734,0.37823
7.2095,0.40445
7.7084,0.39158
7.5692,0.39776
7.8909,0.38172
8.1634,0.3733
7.5019,0.39141
9.2772,0.30156
6.7348,0.42207
7.1273,0.41006
7.3722,0.40208
7.5617,0.39378
7.4705,0.39463
7.2856,0.40051
7.6746,0.38718
6.8428,0.41853
6.7973,0.42534
6.8237,0.42159
6.5003,0.42945
7.1282,0.4032
7.944,0.37571
7.971,0.37259
7.8477,0.38179
7.3349,0.4016
7.9238,0.37704
7.8723,0.37785
8.0763,0.36673
7.8594,0.37404
7.8456,0.37567
7.7477,0.38059
7.3043,0.39536
7.439,0.39452
7.5776,0.39016
7.0968,0.40814
6.9011,0.41344
6.9011,0.41375
7.3934,0.39536
7.0627,0.40595
6.9841,0.40902
6.9978,0.40763
6.4485,0.42724
7.8501,0.3697
6.6996,0.42042
6.7228,0.41854
6.5457,0.42796
7.431,0.39185
7.6102,0.38234
7.5356,0.38613
7.5772,0.39071
7.2902,0.40198
7.6038,0.38942
7.0793,0.40581
7.179,0.4014
7.805,0.38255
7.7437,0.38609
6.7723,0.42006
7.5426,0.39367
7.1952,0.39965
6.6261,0.431
6.9383,0.41604
7.4454,0.39654
7.0022,0.41032
7.664,0.38532
6.822,0.41723
6.482,0.43387
6.89,0.41764
6.9509,0.41401
6.7703,0.41973
6.4061,0.43049
7.2658,0.39625
6.9386,0.40985
7.2023,0.40252
6.1284,0.44165
6.3093,0.43177
6.841,0.41355
7.0357,0.40467
7.3851,0.39547
6.8137,0.41809
7.2281,0.40737
7.4619,0.39766
6.4923,0.42956
7.2334,0.40219
7.3775,0.3953
7.3144,0.39722
7.3995,0.3973
7.5486,0.39358
7.0216,0.4087
7.8027,0.37847
7.0099,0.4031
7.193,0.3997
7.0175,0.40913
7.0735,0.40601
6.4449,0.4324
6.9042,0.41653
7.0181,0.41382
7.0279,0.40596
7.5494,0.3895
7.4168,0.39352
7.616,0.38326
7.5819,0.38721
7.3655,0.39626
7.0646,0.40721
6.7331,0.42188
7.2146,0.40515
7.1859,0.40414
7.6141,0.38959
7.4443,0.3955
6.9573,0.41309
6.9771,0.41269
6.7112,0.43159
6.6696,0.42913
6.8612,0.418
6.8663,0.4156
7.0895,0.40898
6.6374,0.42632
6.764,0.41935
7.1075,0.41013
6.9446,0.41648
6.9848,0.41504
7.4928,0.39313
7.071,0.40665
7.069,0.40884
6.9974,0.40867
6.9273,0.41338
6.8693,0.41414
6.9532,0.41324
7.391,0.39852
6.74,0.42215
7.0291,0.40812
7.0222,0.40738
7.1148,0.40605
6.4192,0.43194
6.557,0.42544
7.1638,0.40143
7.3441,0.39484
6.9127,0.41332
6.7215,0.42536
7.3153,0.39108
7.4983,0.37241
7.136,0.40275
6.7175,0.42192
6.5274,0.43052
6.5261,0.42776
6.9572,0.41237
6.7864,0.41361
7.0379,0.40463
7.032,0.40536
6.9202,0.41315
7.1255,0.40432
7.4536,0.39501
7.3955,0.39466
7.1596,0.4053
6.6435,0.42306
6.8449,0.41764
7.0386,0.40887
7.1787,0.40753
7.6597,0.39015
7.2587,0.40503
7.1589,0.40362
6.9759,0.40856
7.6161,0.39095
7.3189,0.40014
7.6579,0.38845
7.1287,0.40418
6.2407,0.43356
6.9682,0.40994
6.706,0.42211
6.5361,0.42678
7.9295,0.35974
6.4272,0.4278
7.3003,0.39344
6.6435,0.41967
6.617,0.42111
7.5098,0.38839
6.4861,0.42854
7.0671,0.40921
6.9266,0.41129
7.6273,0.38865
7.7303,0.38619
6.6815,0.41852
7.1549,0.40218
6.6697,0.41712
7.145,0.4003
7.1055,0.40231
6.666,0.41729
8.6685,0.32374
7.1033,0.39175
6.9151,0.40818
7.0644,0.40908
6.6871,0.422
7.3348,0.39895
7.4081,0.39723
7.7285,0.37803
7.2337,0.3922
7.54,0.38572
7.2654,0.39927
7.7147,0.38382
7.5282,0.39047
7.519,0.39191
7.0557,0.40954
6.514,0.4265
6.623,0.42495
7.8822,0.37564
7.0823,0.40812
7.0172,0.41222
7.2511,0.40695
6.4635,0.43301
8.46,0.33958
7.5132,0.38083
7.3586,0.39903
7.487,0.39452
7.6303,0.3888
6.5271,0.42527
7.1273,0.40353
7.031,0.40935
7.0244,0.40878
7.548,0.39198
6.5679,0.42673
7.0265,0.40765
7.2514,0.40318
7.144,0.40267
7.5935,0.3899
7.9191,0.37841
7.412,0.3974
7.016,0.41172
7.435,0.39682
6.8236,0.41592
7.5085,0.39246
7.2883,0.40012
7.4603,0.39455
7.2262,0.40404
7.3557,0.40012
7.278,0.40068
7.8728,0.38368
6.6758,0.42508
5.9746,0.45551
6.813,0.41578
6.7372,0.4139
6.7882,0.41407
6.6515,0.41949
7.4245,0.39108
7.108,0.40283
7.3774,0.39269
7.0396,0.40291
7.3367,0.39273
7.4063,0.38998
7.5084,0.38568
7.1846,0.39652
6.8791,0.41228
6.0278,0.44689
6.7521,0.41571
6.7808,0.41716
6.9442,0.40894
7.7668,0.37974
7.9374,0.36775
6.7684,0.4154
7.0297,0.4058
7.3275,0.39476
6.6983,0.41705
7.1429,0.39577
5.9475,0.4473
5.5738,0.46154
6.2647,0.43081
5.9095,0.44833
6.1422,0.43837
6.7195,0.4196
6.7492,0.41851
6.8977,0.41384
7.1368,0.40441
6.7034,0.42012
7.1445,0.40173
7.2992,0.39638
7.114,0.4052
7.4749,0.39315
7.254,0.40254
6.8263,0.41768
7.2701,0.39965
7.5985,0.38935
7.3656,0.40033
7.2726,0.39975
7.111,0.40633
7.5383,0.39053
7.1154,0.40598
7.2763,0.39521
7.8153,0.38166
6.8793,0.41323
7.2754,0.40056
7.353,0.39616
7.2724,0.39499
7.5253,0.38591
7.374,0.39124
7.544,0.39152
7.3607,0.39812
6.8385,0.41571
6.9145,0.40913
6.9079,0.40983
7.3315,0.39852
7.4797,0.39477
7.3445,0.39737
7.4518,0.3962
7.0042,0.40943
7.4138,0.39665
6.8007,0.41795
7.8681,0.38113
7.385,0.39306
7.8692,0.37726
7.5957,0.38553
7.7414,0.37708
7.6576,0.38506
7.4723,0.39283
7.9178,0.38059
7.7569,0.3857
7.8399,0.37925
7.5333,0.38651
7.7414,0.37992
7.1483,0.40129
7.1063,0.40565
7.7584,0.38275
7.6394,0.38259
8.1374,0.36418
6.5645,0.41115
6.8431,0.40153
6.9702,0.4031
6.7583,0.41501
7.01,0.40755
7.1973,0.40398
7.4881,0.3902
6.8798,0.40878
6.9779,0.40683
6.7788,0.41277
7.3183,0.39387
7.7166,0.38238
6.995,0.40563
7.3382,0.39908
7.264,0.39687
7.1515,0.39979
7.1118,0.39867
7.0346,0.40386
7.0908,0.40176
7.1124,0.39947
7.0979,0.40153
7.6511,0.38444
6.6436,0.41783
6.5473,0.41907
6.4882,0.42612
6.9511,0.4092
6.7482,0.41602
7.0662,0.40358
6.8494,0.41166
6.8134,0.41349
6.5811,0.42128
6.6454,0.41961
6.5782,0.42305
6.7043,0.41864
6.9372,0.40932
6.5161,0.42523
6.6969,0.41802
7.2324,0.39809
7.9233,0.37545
7.0733,0.40493
7.0501,0.40407
7.1991,0.39961
6.9952,0.40615
7.1834,0.4009
7.0078,0.40895
7.4172,0.39586
7.5312,0.39078
7.322,0.39873
7.1525,0.39766
7.0336,0.40844
6.6204,0.42463
7.0224,0.40782
7.5761,0.38878
6.6791,0.41805
7.3314,0.39443
7.6233,0.38284
7.1564,0.40389
7.1391,0.39833
6.7901,0.4075
7.2463,0.39064
6.9219,0.40629
7.4907,0.39201
7.6204,0.3839
6.9915,0.40591
7.5999,0.38405
7.6477,0.38299
7.1706,0.40178
7.8358,0.38216
6.6901,0.42505
7.1734,0.40666
6.9796,0.40927
7.1928,0.40055
7.3005,0.39121
7.158,0.39653
7.1377,0.39564
7.2635,0.39526
6.9748,0.40812
7.185,0.39761
6.5997,0.41634
7.2892,0.39306
7.3102,0.39538
7.4302,0.39194
6.7857,0.41574
6.9774,0.40746
6.5421,0.42388
6.8376,0.4089
6.94,0.40308
6.9265,0.40358
7.3538,0.38841
6.6565,0.41098
6.6317,0.41454
6.9816,0.40196
6.633,0.41429
6.6855,0.41351
6.6941,0.41153
7.0017,0.40069
7.2318,0.39245
7.7088,0.3814
7.2259,0.39935
7.5625,0.38408
7.2079,0.38397
7.4163,0.38522
7.2498,0.39225
7.8768,0.37509
7.1211,0.39715
7.2256,0.39591
7.1077,0.40077
6.902,0.40872
6.59,0.42037
6.6344,0.42043
7.5346,0.38482
7.2176,0.3953
7.503,0.38521
6.8946,0.4106
6.9316,0.40531
7.1985,0.39639
7.3169,0.37806
7.0936,0.39872
7.2426,0.3948
7.0782,0.40159
6.8364,0.40897
6.3865,0.42995
6.6821,0.41669
6.642,0.41659
7.3758,0.37093
7.5114,0.36334
6.4054,0.42735
7.0416,0.40702
7.1756,0.39996
6.9042,0.40442
7.1554,0.39543
7.1922,0.39572
7.3107,0.39309
7.2064,0.40269
7.2929,0.40286
7.4437,0.39349
6.832,0.41024
7.1143,0.39759
7.5807,0.37981
6.6727,0.41306
7.2107,0.39763
7.118,0.40438
7.2697,0.39499
7.2889,0.39295
7.2902,0.38742
7.0783,0.39531
7.2208,0.39492
7.3143,0.38712
6.8674,0.40433
6.8226,0.4039
7.0138,0.40263
7.031,0.39927
7.32,0.39122
7.2212,0.4012
7.4146,0.39152
7.1596,0.39375
7.5401,0.37878
7.4504,0.38054
6.9244,0.39826
6.6534,0.40958
7.888,0.36912
7.6703,0.37532
7.4845,0.3856
7.1126,0.39728
6.8336,0.40695
7.0645,0.39711
7.0621,0.40134
7.3176,0.39316
6.6098,0.41049
6.2236,0.43523
6.7879,0.41485
6.9372,0.40871
6.8089,0.41158
7.0357,0.40266
6.456,0.42326
7.0567,0.40512
7.1204,0.40088
7.3502,0.39009
7.2485,0.39378
7.1584,0.39623
6.4957,0.41671
6.7214,0.40596
7.2791,0.39171
6.6168,0.4133
6.9465,0.40134
6.4931,0.41772
6.9107,0.40297
6.5657,0.41597
7.113,0.39624
6.6943,0.41495
6.8229,0.41254
6.9976,0.40468
6.2986,0.42892
7.5244,0.3862
6.4569,0.42748
6.6131,0.42189
6.6807,0.41581
6.7478,0.41479
7.7027,0.38339
6.9234,0.40541
7.6992,0.37581
6.949,0.39993
7.7665,0.37331
7.2271,0.39107
7.8026,0.37683
7.5791,0.384
6.9713,0.40301
7.4374,0.39011
7.3162,0.39556
7.4252,0.39009
7.3451,0.3917
7.2223,0.39691
7.5812,0.38619
7.3121,0.39781
7.0958,0.40855
6.9955,0.40558
8.055,0.35952
7.4595,0.38972
7.2461,0.39744
7.4242,0.3905
7.5732,0.38557
7.3248,0.39136
7.1849,0.39873
7.1491,0.39916
7.5388,0.3842
7.2447,0.39188
7.1693,0.39556
7.0133,0.40113
7.4589,0.38373
7.2416,0.39694
6.8741,0.40813
7.0148,0.40196
7.3213,0.39192
6.8446,0.40624
7.5957,0.3793
6.9844,0.40464
7.0811,0.40048
7.0131,0.40233
7.1016,0.39945
6.9982,0.4029
6.5763,0.41734
6.6672,0.41327
6.8984,0.40797
6.9945,0.40545
7.4118,0.39
7.3413,0.39583
7.2097,0.39971
7.0838,0.4032
6.9392,0.40872
6.9495,0.40882
6.8537,0.41134
6.5697,0.42063
5.962,0.43908
6.6704,0.41217
6.5943,0.41861
6.0084,0.442
6.7846,0.40948
6.8425,0.40895
6.8904,0.41099
6.5806,0.42408
7.0417,0.40252
7.2335,0.39308
6.9376,0.39351
7.2691,0.39128
6.1262,0.43057
7.0923,0.40001
6.0531,0.43827
6.8042,0.41086
6.5242,0.41907
6.7721,0.40907
6.946,0.40391
6.8369,0.41002
7.2111,0.39727
6.6863,0.41647
6.9705,0.40569
6.9913,0.40697
5.9779,0.44358
5.7786,0.45641
6.5043,0.4279
6.4331,0.43148
6.9671,0.40937
6.4486,0.42409
7.1944,0.3975
6.7556,0.41164
6.9246,0.40381
7.1605,0.38973
6.8779,0.40462
7.4914,0.38338
7.5006,0.38426
7.4348,0.3852
7.1779,0.39289
7.2864,0.38867
7.2581,0.39499
7.0226,0.40248
7.6092,0.3826
6.2052,0.43157
7.5309,0.38535
7.1638,0.39835
6.7009,0.41381
7.0059,0.40316
7.5601,0.38061
7.2841,0.39328
7.6433,0.38328
7.0679,0.39573
7.3099,0.38988
6.6747,0.4165
6.7844,0.41326
6.59,0.42259
7.1,0.38801
6.7208,0.41821
6.4703,0.42409
6.5809,0.41848
6.5849,0.41502
7.2812,0.39067
7.5165,0.38418
7.3571,0.39029
7.8115,0.35894
7.3697,0.38748
7.3273,0.38882
7.3373,0.38987
6.864,0.4055
6.9983,0.40471
7.0509,0.40388
7.0949,0.39644
6.4966,0.41955
6.8385,0.4071
7.0661,0.39875
6.9281,0.40695
7.4695,0.38867
7.0429,0.40346
7.4446,0.38989
7.0059,0.40481
7.1744,0.39509
6.7974,0.41157
6.493,0.41989
6.6991,0.41361
6.8641,0.40862
6.4369,0.42137
6.7096,0.41537
7.0917,0.40155
6.7874,0.41258
6.8245,0.41054
6.9135,0.40798
6.5323,0.42408
6.722,0.41817
6.7529,0.41687
6.5593,0.42291
6.4835,0.42301
5.8159,0.44512
6.6715,0.40994
6.6029,0.41468
7.0302,0.40064
6.9875,0.398
6.9179,0.40185
6.6041,0.41791
7.2913,0.39304
6.4511,0.42107
6.5885,0.41512
6.7007,0.40915
7.1597,0.39085
6.523,0.41379
6.9794,0.39823
7.075,0.40331
7.0722,0.40241
7.4892,0.38747
7.3773,0.38662
7.2035,0.39683
6.7875,0.41133
7.0252,0.40444
7.1426,0.40414
7.0358,0.40227
7.4107,0.3889
7.0186,0.40345
7.1822,0.39788
7.5642,0.38481
6.911,0.40539
7.4117,0.38494
7.2691,0.38849
6.9583,0.40006
7.4771,0.38175
7.4118,0.38295
7.3145,0.39009
7.6076,0.38109
7.6092,0.38318
7.0092,0.40426
6.6606,0.41805
6.4191,0.42788
6.8785,0.40609
6.4604,0.42367
6.3699,0.42725
6.5802,0.4181
6.5039,0.42153
6.7924,0.41032
7.0997,0.40144
6.81,0.41392
6.7364,0.41471
7.2528,0.3892
7.2725,0.39634
6.8382,0.40686
6.9327,0.40749
6.9478,0.40857
7.2321,0.3954
6.8671,0.40598
7.1343,0.39542
6.9189,0.40525
6.8739,0.40561
6.7905,0.41418
6.8469,0.41231
6.0521,0.43979
6.7272,0.41036
6.6961,0.41157
5.7921,0.44589
6.1905,0.43543
6.2831,0.43255
5.86,0.45433
6.3941,0.4296
6.7636,0.41425
6.858,0.40783
6.6063,0.41876
6.4792,0.42543
6.9253,0.40896
6.8372,0.40994
6.4651,0.42355
6.7954,0.41225
6.7652,0.41605
6.2579,0.43472
6.983,0.40881
6.7535,0.41604
6.2836,0.4326
6.5998,0.42255
6.9392,0.4081
6.7402,0.41477
6.8487,0.41092
7.6682,0.36412
6.9134,0.40815
7.2688,0.39412
6.7896,0.4124
7.036,0.40325
7.0732,0.40312
7.0967,0.40227
6.9397,0.40716
6.8351,0.41281
6.6122,0.42208
7.3142,0.39758
7.1941,0.403
7.1826,0.40335
7.5841,0.38798
7.1912,0.40028
7.9768,0.37348
7.378,0.39182
7.3409,0.39412
7.6105,0.38531
7.4674,0.38464
7.3449,0.38985
7.272,0.39305
7.2798,0.39308
6.934,0.40163
7.3914,0.3877
7.1033,0.40088
7.0946,0.40285
7.1102,0.40185
7.5423,0.38563
7.1492,0.40199
7.2509,0.39738
7.6245,0.38485
7.2179,0.39782
6.9628,0.40549
7.0298,0.40309
7.1415,0.40126
7.1773,0.39649
7.1505,0.39873
7.65,0.38301
7.7948,0.37755
7.3694,0.39161
7.5163,0.38739
7.0687,0.40088
7.1683,0.3997
7.3017,0.39475
7.282,0.39407
8.3224,0.33813
7.1356,0.40072
7.778,0.37945
7.401,0.39248
7.9874,0.3732
7.1661,0.39565
7.439,0.38736
6.9273,0.41068
6.754,0.41341
7.414,0.39005
7.4352,0.38936
7.2033,0.39394
7.0529,0.4038
7.2697,0.39416
7.3209,0.39324
7.1468,0.39869
7.0811,0.40004
7.4399,0.38818
7.366,0.39286
7.2328,0.39483
7.3663,0.39069
7.0783,0.39964
7.4118,0.39207
7.2122,0.39848
7.6117,0.38535
6.8552,0.40676
6.9727,0.40468
7.0968,0.39719
7.0243,0.40535
7.2204,0.40034
7.0125,0.40633
7.3761,0.39561
7.1955,0.40143
7.4874,0.39305
7.0812,0.40682
7.1621,0.40571
6.9059,0.41493
6.8821,0.41553
7.0823,0.40554
6.9834,0.40733
7.1075,0.40324
7.1766,0.40195
7.0033,0.40576
7.4358,0.39044
6.8716,0.40963
7.035,0.40359
6.958,0.4059
6.9241,0.40824
7.1588,0.40273
6.9402,0.40842
7.2576,0.396
7.0637,0.40396
7.7192,0.38325
6.2969,0.43574
6.6626,0.41898
6.4715,0.42543
6.8045,0.41543
7.0928,0.40211
8.1453,0.36842
6.924,0.41057
7.1135,0.40467
6.7814,0.41575
7.4935,0.39189
6.6037,0.42223
6.755,0.41822
6.7038,0.42324
6.6129,0.42397
6.7959,0.41632
6.5436,0.42622
6.587,0.42156
7.1922,0.40181
7.7193,0.37711
6.8334,0.41321
7.2571,0.39893
7.9628,0.37288
7.5906,0.38523
7.2299,0.39912
7.0492,0.40256
7.3272,0.39101
7.3297,0.39446
7.0057,0.40691
7.0981,0.40319
6.6691,0.42074
7.4245,0.39247
7.0012,0.4099
7.2898,0.39963
7.0609,0.40862
7.1035,0.40589
6.8271,0.41668
7.1771,0.40406
7.8204,0.38597
7.2073,0.40287
6.7927,0.41752
6.4168,0.43102
6.8069,0.4142
7.0596,0.40463
6.5377,0.42152
6.9203,0.41422
7.4042,0.3966
6.7189,0.4223
6.9718,0.41657
6.806,0.41756
7.1391,0.40989
7.2902,0.40334
7.2773,0.39737
6.9293,0.4144
7.7162,0.38663
6.9451,0.41354
7.4108,0.39315
6.9012,0.41429
7.6904,0.39118
6.1604,0.44477
6.7682,0.42043
7.0462,0.4106
7.474,0.39566
8.0961,0.35686
7.0303,0.41061
7.1981,0.40547
6.9573,0.41347
6.4483,0.43157
7.4934,0.39462
7.0821,0.40777
6.767,0.42243
6.3964,0.4366
7.0247,0.41453
6.7258,0.42424
6.9548,0.41659
7.4004,0.40094
7.7095,0.39092
7.3391,0.40273
7.0161,0.41076
7.6261,0.39269
7.5907,0.38963
6.7726,0.42134
6.4309,0.43212
7.002,0.41259
6.3664,0.43657
7.1694,0.40972
7.1096,0.40818
7.1407,0.40851
7.0738,0.41
6.8055,0.42021
7.6551,0.3903
7.22,0.40386
7.3816,0.40001
8.0614,0.37576
8.1405,0.37331
7.63,0.38924
7.9415,0.37723
8.1508,0.37101
8.3815,0.3671
7.2515,0.40494
7.6154,0.39001
7.706,0.38905
7.5627,0.395
7.965,0.38234
7.4151,0.40162
8.0981,0.37863
7.635,0.39035
7.6057,0.39059
7.4878,0.39578
7.9243,0.38503
7.8994,0.38656
7.9266,0.38204
7.8427,0.38557
7.6802,0.39011
8.0517,0.37862
7.6966,0.39041
7.4049,0.40077
7.7402,0.39487
7.8748,0.38802
7.3895,0.40024
7.6933,0.39115
7.6456,0.39342
8.028,0.3835
7.996,0.38635
7.7743,0.39283
7.9871,0.38563
7.4979,0.39876
8.2201,0.37586
7.5058,0.40044
6.8933,0.41993
7.3828,0.40207
7.3333,0.40441
7.2647,0.40704
7.4819,0.40338
7.8143,0.38914
7.3002,0.40634
8.0647,0.38327
6.9576,0.42041
7.7733,0.38919
7.5942,0.39554
7.5727,0.39827
6.4601,0.43684
7.2228,0.40884
7.227,0.41058
7.2772,0.41061
7.3896,0.40507
7.3612,0.40809
7.4977,0.40274
7.4836,0.40082
7.6469,0.39442
7.2404,0.40904
7.3874,0.40525
7.5429,0.39894
6.8387,0.42435
7.6249,0.39607
7.4507,0.40314
7.1448,0.41415
6.927,0.42084
7.4756,0.40008
6.8347,0.42661
7.0691,0.41849
6.8297,0.4269
6.8328,0.42703
6.9445,0.42356
7.032,0.42126
7.2283,0.41337
7.4139,0.40607
7.1968,0.41387
7.4607,0.40267
8.0542,0.38088
7.1309,0.418
7.9565,0.39165
7.365,0.41019
7.9553,0.39161
6.8014,0.43099
7.3175,0.41072
7.8066,0.39338
7.6665,0.40004
7.2716,0.411
7.6177,0.40318
7.6215,0.40276
7.8753,0.39352
7.9619,0.39152
8.0317,0.39099
8.1316,0.38689
7.9137,0.39213
7.6577,0.40175
8.0785,0.38763
7.6422,0.39919
7.2249,0.41366
7.3297,0.41008
7.8738,0.39143
7.5886,0.4023
7.643,0.399
7.4762,0.40584
7.871,0.39382
7.4502,0.40789
7.5987,0.40321
7.4087,0.40922
7.5687,0.40634
7.3885,0.41099
8.0095,0.39124
7.5869,0.40459
7.7142,0.39704
7.5474,0.40686
7.6238,0.40154
7.72,0.39585
7.6678,0.39644
7.6746,0.39735
7.8463,0.39134
7.6868,0.39743
8.0645,0.38422
7.6603,0.40004
6.6922,0.43315
7.4606,0.40583
7.5257,0.40384
7.487,0.40504
7.3538,0.40987
7.376,0.41026
7.3178,0.41126
7.3104,0.4127
7.1033,0.41789
7.3469,0.4114
8.2624,0.38189
7.5403,0.40521
7.8431,0.39511
7.4873,0.40617
7.6843,0.40089
7.3131,0.41189
7.4393,0.40769
7.0086,0.4233
7.5259,0.40599
7.5248,0.40605
7.883,0.39478
7.6929,0.40143
7.5996,0.40463
7.5197,0.40838
7.7884,0.39928
7.9837,0.39165
8.0139,0.391
7.3826,0.4106
8.2393,0.38462
8.1798,0.38822
7.8197,0.39946
8.4651,0.38077
8.2429,0.3854
7.5483,0.40966
7.6381,0.4033
7.7557,0.40114
7.8455,0.39672
7.524,0.4071
7.0836,0.42202
7.5866,0.40506
7.462,0.40895
7.2137,0.41409
7.6942,0.40074
7.5551,0.4028
7.4125,0.40954
7.4687,0.40779
7.9459,0.39435
8.1187,0.38864
7.3473,0.41489
7.0753,0.42409
6.9927,0.42798
7.3565,0.41482
7.861,0.39929
7.2248,0.41909
6.8741,0.43171
7.234,0.42036
7.1673,0.4208
6.9413,0.42881
7.2893,0.41586
7.0441,0.42567
7.7376,0.40159
7.9124,0.39647
7.6109,0.4063
7.7199,0.40335
7.7707,0.40078
7.8438,0.39775
7.7809,0.3994
8.0536,0.39145
7.1609,0.42141
7.373,0.41476
7.7363,0.401
7.6326,0.40552
7.5928,0.40378
8.0034,0.39323
8.166,0.38825
7.5851,0.40604
7.7427,0.39988
7.8984,0.3963
7.3279,0.41618
7.7405,0.40252
7.9945,0.39568
7.5485,0.40847
7.5307,0.40524
8.114,0.38849
7.8821,0.39732
8.2366,0.38627
8.0331,0.39417
7.7859,0.40114
7.5658,0.40768
8.449,0.37886
8.7042,0.37379
8.0164,0.39507
7.7304,0.40446
7.4787,0.41255
7.4159,0.4149
7.1558,0.42451
7.9856,0.39931
8.0954,0.39508
7.78,0.40262
7.9311,0.40127
7.9247,0.3982
7.6349,0.40778
7.5327,0.41134
7.9758,0.39636
7.7004,0.40521
8.8715,0.35203
8.0152,0.39701
7.6064,0.40858
8.2308,0.389
8.4726,0.3801
8.0381,0.39342
8.3094,0.38365
8.5829,0.37746
8.515,0.3795
8.6224,0.37465
8.4492,0.38012
8.4967,0.37358
7.8396,0.39473
8.4005,0.38163
8.1191,0.39141
7.7882,0.40148
7.5823,0.4081
7.9924,0.39488
8.1113,0.39101
7.4583,0.40892
7.936,0.39421
7.6679,0.40588
7.439,0.41449
7.4229,0.41548
7.7953,0.40151
8.3915,0.38381
8.1356,0.39145
7.2177,0.42388
7.7809,0.40311
7.2553,0.42169
7.4008,0.4162
7.0946,0.42625
7.321,0.41753
7.3301,0.41858
7.5899,0.41088
7.2845,0.42062
7.1093,0.42599
7.2449,0.41971
6.9266,0.43162
7.0805,0.42429
7.3226,0.41647
7.249,0.41732
7.6912,0.40365
7.7864,0.40182
7.6786,0.40275
7.5196,0.41074
7.7868,0.40217
8.2502,0.38869
7.7559,0.40437
7.8634,0.39744
8.146,0.39063
7.7643,0.40125
7.671,0.4051
8.2356,0.38474
7.5969,0.40852
8.4337,0.38151
7.7287,0.40423
7.0946,0.4258
7.9974,0.39626
7.9245,0.39826
8.055,0.39497
7.8702,0.40173
7.9776,0.39798
8.3461,0.38777
7.8591,0.4038
8.3365,0.38776
7.8288,0.40361
8.095,0.39558
8.0922,0.39494
7.9147,0.39998
7.2864,0.4205
7.9235,0.39902
7.5493,0.4093
7.3514,0.41574
7.8076,0.40023
8.1162,0.39591
7.7818,0.40394
7.933,0.39908
7.6359,0.40918
8.0603,0.39583
7.3691,0.41753
7.6857,0.40675
8.006,0.39704
7.9057,0.39804
7.6598,0.4098
7.9822,0.39917
7.604,0.40865
7.6696,0.40949
7.957,0.39999
7.5017,0.41468
7.7939,0.40403
7.5559,0.4118
7.9492,0.39871
8.1788,0.39151
8.094,0.3941
7.9959,0.39859
7.7235,0.40777
7.6646,0.4078
7.6532,0.40909
8.1344,0.39455
8.1319,0.39316
8.0737,0.39605
8.3245,0.38863
8.0019,0.39865
8.2504,0.38915
7.9113,0.39953
8.1193,0.39268
8.1981,0.39132
7.7146,0.40666
8.052,0.39509
8.0381,0.396
8.242,0.39052
8.2525,0.38641
8.0489,0.39609
8.142,0.38975
7.7091,0.40448
8.365,0.38627
7.8478,0.39948
7.7039,0.40371
7.3393,0.41655
7.4748,0.41119
8.2262,0.3875
7.1401,0.42365
7.8349,0.40417
7.9063,0.40001
7.6581,0.4067
7.7261,0.40497
7.8409,0.40192
7.8852,0.39998
7.8034,0.4037
7.9541,0.39881
7.8292,0.40267
8.7349,0.37472
7.963,0.39829
7.612,0.40914
8.0264,0.39814
7.5731,0.40901
7.6054,0.40853
7.2484,0.42
7.2151,0.42038
7.3503,0.41553
6.9767,0.43246
7.0038,0.42961
7.354,0.41659
7.0765,0.428
7.4623,0.41304
7.4806,0.41142
7.9562,0.40071
7.9936,0.39884
8.304,0.38781
8.6663,0.37628
9.0621,0.36761
8.9397,0.37035
8.1945,0.39194
8.2178,0.39003
8.016,0.3963
8.4359,0.38569
8.0025,0.39904
7.3564,0.42019
6.9596,0.43068
7.1089,0.4261
7.4623,0.41408
7.6461,0.40888
7.3361,0.41992
7.3389,0.41925
7.3218,0.41933
7.6694,0.40816
7.442,0.41454
7.7343,0.4036
7.5282,0.41234
7.43,0.41486
8.5326,0.38427
8.1213,0.39467
7.8206,0.40321
8.3844,0.38731
8.0041,0.4006
8.4112,0.3865
7.9424,0.4007
7.9416,0.40197
8.1101,0.3952
7.8068,0.40574
7.5868,0.41461
7.4421,0.41724
7.8293,0.40593
7.7621,0.40731
7.6819,0.41095
8.1339,0.39646
7.9395,0.40014
7.885,0.40062
7.9291,0.39897
8.1994,0.39054
8.3548,0.38609
7.98,0.39948
7.8093,0.40265
7.9475,0.39897
7.7139,0.40612
7.6862,0.40604
7.589,0.40948
8.3837,0.38471
7.7533,0.40544
7.4151,0.41315
7.4715,0.41384
7.8012,0.40385
8.1375,0.39371
7.8743,0.40335
7.9959,0.39943
8.0825,0.39801
7.8359,0.40201
7.9426,0.39773
8.2745,0.3876
8.2526,0.38725
8.6554,0.37833
8.1128,0.3924
8.034,0.39491
7.9626,0.39747
8.1599,0.39093
7.6986,0.40527
8.0154,0.39579
8.1669,0.39183
7.6314,0.40676
7.6213,0.40783
8.4804,0.38505
7.995,0.39625
7.4285,0.4184
8.4716,0.38417
7.9028,0.40181
7.8761,0.40242
8.122,0.39545
7.4901,0.41248
7.5177,0.41163
8.2245,0.39238
7.4638,0.41319
7.8766,0.40001
7.9876,0.39949
7.6993,0.40853
8.2214,0.38953
8.3181,0.38984
7.877,0.40103
7.9303,0.39997
7.9501,0.39728
8.2756,0.38811
8.0544,0.39621
8.119,0.39349
8.51,0.38334
8.5116,0.38007
8.4462,0.38545
8.1001,0.39506
7.9703,0.39749
7.9539,0.40045
8.289,0.38712
7.8718,0.40074
7.9683,0.39737
7.7887,0.40354
8.1621,0.39172
8.4552,0.38494
7.5904,0.41572
8.0549,0.39869
7.7934,0.40723
7.739,0.40809
7.8034,0.4052
7.6108,0.41229
7.9963,0.40001
7.6446,0.40865
7.6398,0.41143
7.2451,0.42179
7.6758,0.40661
8.1028,0.39299
8.2582,0.3933
7.9268,0.40049
8.1601,0.39301
7.8675,0.40253
8.2467,0.39635
7.5884,0.41083
8.3374,0.39349
8.3268,0.39362
8.5481,0.38651
8.5905,0.38563
8.1019,0.39495
8.0898,0.39605
7.6767,0.41272
7.5901,0.41346
7.8358,0.40213
8.3758,0.38496
8.3686,0.38611
7.9181,0.39997
8.5698,0.38132
7.3168,0.41826
7.7623,0.4038
7.9951,0.39631
7.356,0.41731
7.5491,0.41121
7.5434,0.41199
8.1569,0.39221
8.0526,0.39782
8.0365,0.3983
7.882,0.4006
8.3358,0.38935
8.1551,0.39415
8.0532,0.398
8.0403,0.39817
8.2003,0.39307
8.6016,0.38138
8.1345,0.39483
8.2174,0.39163
8.7279,0.37619
8.4791,0.38592
8.2873,0.38864
8.5842,0.37932
8.5796,0.3794
8.3175,0.38802
8.3336,0.38747
8.296,0.38955
8.5918,0.37961
8.543,0.38133
8.0306,0.39665
7.7265,0.40699
7.9889,0.39917
7.7078,0.40782
7.7907,0.40418
7.5596,0.41177
7.9732,0.39757
7.7398,0.40535
7.9557,0.39805
7.9566,0.39865
7.7827,0.4061
7.5297,0.41128
7.4992,0.4125
9.2499,0.36707
8.7863,0.37996
8.6594,0.38492
8.3155,0.39389
8.4073,0.39067
8.4554,0.38894
8.5705,0.38596
8.4943,0.38832
7.8982,0.40313
7.8079,0.40316
8.5819,0.38514
8.0872,0.39735
8.2547,0.39346
8.1268,0.39679
8.1322,0.39664
7.8876,0.40455
8.0923,0.39797
8.2607,0.3926
