12.562,0.65351
10.592,0.68202
11.663,0.67324
13.268,0.63763
14.031,0.61929
12.999,0.64404
13.014,0.64315
13.252,0.63688
13.972,0.62284
13.624,0.629
14.026,0.62145
13.75,0.62824
12.881,0.64668
12.899,0.64597
12.879,0.64772
12.678,0.64949
13.331,0.6376
13.011,0.64115
13.016,0.64085
13.154,0.6363
13.78,0.62213
13.773,0.62508
13.976,0.62013
14.077,0.61981
13.982,0.61811
13.594,0.62705
14.082,0.61574
14.074,0.61628
13.307,0.63516
13.723,0.62567
14.169,0.61649
13.965,0.62078
13.63,0.62765
13.62,0.62853
13.462,0.6328
13.776,0.62459
14.373,0.61326
13.991,0.62125
14.758,0.60505
13.818,0.62568
14.178,0.61783
13.853,0.62575
14.087,0.62068
14.332,0.61566
14.53,0.60944
13.824,0.62533
14.205,0.61634
13.845,0.62281
15.455,0.59369
14.495,0.61267
14.611,0.60534
16.286,0.57358
14.953,0.60082
14.223,0.61223
14.56,0.60388
14.602,0.604
14.621,0.60253
14.685,0.59956
14.748,0.59829
14.138,0.61173
13.669,0.62668
13.542,0.62817
12.878,0.64347
13.569,0.62632
14.279,0.61064
13.762,0.62302
13.611,0.62143
12.89,0.64099
12.876,0.64145
13.104,0.63175
13.275,0.62954
13.081,0.63446
13.988,0.61241
14.399,0.60183
14.71,0.59413
13.869,0.61079
13.121,0.62798
14.337,0.60367
14.021,0.60922
14.528,0.59865
13.001,0.62821
13.426,0.61728
12.961,0.62951
12.582,0.63657
12.426,0.64052
13.235,0.62136
12.157,0.64209
12.812,0.62451
13.429,0.61475
12.385,0.63627
11.944,0.63863
12.21,0.63739
12.288,0.63453
12.304,0.63279
13.117,0.61387
12.6,0.62606
13.321,0.61258
12.661,0.62686
13.243,0.6119
12.69,0.62252
12.601,0.62312
12.901,0.61721
11.731,0.643
12.545,0.62394
12.423,0.62639
11.826,0.63804
12.002,0.63535
12.435,0.62415
11.653,0.64181
11.569,0.64257
12.076,0.63166
11.789,0.6361
11.57,0.64145
11.77,0.63337
11.227,0.64624
11.396,0.64305
11.47,0.64156
11.737,0.63301
11.401,0.63978
11.22,0.64286
11.022,0.64903
10.843,0.64907
10.879,0.65153
10.604,0.6574
10.786,0.65194
11.059,0.64563
10.721,0.65267
10.843,0.64893
11.542,0.63479
10.961,0.64725
11.196,0.63992
10.431,0.65898
10.062,0.66053
9.3298,0.67603
9.8869,0.66671
10.384,0.64951
10.065,0.65732
9.6703,0.66959
9.4232,0.67154
9.0111,0.68254
9.0364,0.68293
9.1944,0.67806
9.8353,0.66455
10.802,0.64637
11.313,0.6336
11.1,0.63528
10.896,0.64077
10.861,0.64278
11.265,0.63302
10.822,0.64594
10.723,0.64406
9.1773,0.67993
11.442,0.63034
11.25,0.63274
11.774,0.62382
11.079,0.63941
11.181,0.637
11.63,0.62561
11.731,0.62177
11.965,0.61706
12.01,0.61498
12.251,0.61337
11.213,0.63502
11.842,0.62072
11.702,0.62113
11.537,0.62525
11.345,0.62983
11.478,0.62705
11.008,0.6388
11.516,0.62842
11.804,0.62004
11.076,0.63673
11.094,0.63363
11.644,0.62251
11.261,0.62962
12.065,0.61368
11.733,0.62131
11.591,0.6228
11.551,0.62535
11.906,0.61674
10.147,0.65946
10.135,0.65962
10.525,0.64864
11.026,0.63631
10.65,0.64565
10.207,0.65779
10.032,0.66115
11.018,0.64042
10.183,0.65681
9.8686,0.66548
10.5,0.64927
9.8578,0.66433
11.972,0.61295
11.322,0.62579
11.782,0.61699
11.819,0.61611
10.9,0.63558
10.875,0.63403
10.783,0.63648
10.67,0.64094
11.083,0.62785
11.846,0.61328
11.433,0.62416
11.131,0.63196
10.03,0.65825
9.4508,0.67384
10.396,0.64942
10.714,0.64049
10.817,0.63625
9.56,0.67053
10.043,0.6574
10.214,0.65277
9.6365,0.66766
10.507,0.6446
9.818,0.65965
9.509,0.67054
11.304,0.62493
11.587,0.61762
10.642,0.64139
11.081,0.63024
11.109,0.626
10.658,0.63795
12.657,0.59997
10.649,0.63689
12.241,0.60929
12.391,0.60712
9.7554,0.66353
11.219,0.62335
11.45,0.62287
11.369,0.62403
11.417,0.62387
11.556,0.61991
11.271,0.62743
11.198,0.62728
11.89,0.61103
10.856,0.63487
11.944,0.60985
10.297,0.6506
11.057,0.63057
10.462,0.64297
9.6864,0.66508
10.443,0.64511
10.738,0.63669
9.7246,0.66436
9.6879,0.6649
11.397,0.62182
9.4882,0.67086
9.4608,0.67268
9.448,0.67307
10.58,0.64047
11.059,0.63094
10.708,0.63912
11.051,0.63166
10.657,0.63896
10.492,0.64462
10.738,0.63664
9.9453,0.65772
9.9122,0.65833
9.5407,0.66884
9.4385,0.67191
9.7883,0.6614
9.5452,0.66851
10.166,0.65041
9.7133,0.66277
9.0249,0.67209
8.3517,0.69298
9.7957,0.65762
9.7769,0.65761
8.3004,0.69505
8.3867,0.69161
9.8573,0.6579
10.686,0.63463
9.2057,0.67693
9.9024,0.65477
9.7204,0.65939
13.055,0.58913
12.19,0.60206
10.742,0.6326
12.308,0.60012
11.891,0.60898
11.917,0.60956
11.401,0.62181
12.181,0.60305
11.413,0.62229
11.024,0.62979
11.043,0.63246
9.9042,0.65813
11.698,0.61666
12.655,0.59696
11.015,0.62692
12.424,0.60156
12.779,0.59333
12.392,0.60191
12.394,0.60406
11.942,0.61352
12.218,0.60787
12.504,0.60074
12.222,0.60622
12.152,0.60809
12.521,0.60037
8.4179,0.6969
8.5334,0.6939
9.364,0.66717
10.579,0.64291
9.7507,0.66356
8.8091,0.68421
10.279,0.65009
10.371,0.64185
10.71,0.63891
11.131,0.62999
10.175,0.6522
9.2806,0.67352
9.0766,0.67174
8.2478,0.69513
10.018,0.65405
8.7555,0.68867
9.7856,0.65958
8.7435,0.68967
8.8542,0.68545
9.0138,0.68053
8.9071,0.68427
11.89,0.61389
9.9213,0.65491
9.9276,0.65425
10.263,0.64586
9.8843,0.65485
10.246,0.64541
8.5979,0.69179
8.7106,0.68827
12.768,0.59488
9.2769,0.67067
10.104,0.6477
9.7918,0.65611
9.3129,0.6679
10.464,0.63763
9.0764,0.67492
9.5901,0.66333
10.218,0.64493
10.283,0.64834
9.739,0.65995
10.136,0.64843
10.024,0.65022
10.013,0.65074
9.7882,0.65803
9.6676,0.66017
9.45,0.66736
9.4338,0.6675
9.2918,0.67223
11.267,0.62266
11.002,0.63017
9.33,0.66941
8.8194,0.68242
8.9195,0.68128
8.5695,0.69127
9.0039,0.67819
9.0714,0.67677
8.8289,0.68361
8.5898,0.6919
9.097,0.67577
8.932,0.68083
11.061,0.63107
11.323,0.62442
11.355,0.62253
11.032,0.63103
10.729,0.63853
10.996,0.63144
9.6852,0.6604
9.6838,0.66077
9.805,0.65696
10.092,0.64819
9.8473,0.65494
10.507,0.63928
8.9925,0.67955
9.0591,0.67804
9.6353,0.66099
9.8106,0.65804
9.3543,0.6679
8.6749,0.68753
9.4278,0.66881
8.742,0.68385
9.2678,0.67193
9.1773,0.67483
9.0593,0.6786
8.2888,0.7008
8.877,0.68129
8.9636,0.67829
9.6211,0.66199
10.244,0.64792
9.5786,0.66322
10.031,0.65104
8.5715,0.68889
9.7789,0.6574
8.7581,0.68462
9.1004,0.67594
8.4907,0.6953
9.5149,0.66576
9.5614,0.66173
9.1697,0.67311
9.1674,0.67319
9.5326,0.66443
9.6269,0.66105
9.2517,0.67308
9.354,0.67001
11.546,0.61577
9.5521,0.66594
11.142,0.62464
9.0674,0.6746
9.593,0.66172
8.844,0.68112
9.911,0.65429
8.7873,0.68467
9.3196,0.66936
9.5631,0.66266
9.8624,0.65299
9.8074,0.65519
9.4926,0.66416
9.8123,0.65858
9.4895,0.66472
9.2779,0.67063
9.8466,0.65678
10.381,0.64417
10.239,0.64813
9.976,0.6533
9.4155,0.667
9.9115,0.65627
9.7724,0.65736
12.375,0.60041
11.277,0.61904
11.347,0.62015
9.3262,0.67231
10.589,0.63729
9.2437,0.67026
9.5214,0.66414
9.039,0.67772
9.2428,0.67114
9.4093,0.66604
9.3114,0.66894
9.8312,0.65647
9.3072,0.66923
9.5029,0.66523
9.2571,0.6714
9.4288,0.66809
9.4102,0.66754
9.3462,0.6694
10.145,0.64512
10.404,0.6382
10.255,0.64336
10.502,0.63603
9.1453,0.67215
9.0018,0.67628
8.7718,0.68468
9.9615,0.65032
9.9258,0.65609
8.775,0.68262
8.6377,0.68681
8.8008,0.6824
10.234,0.64407
12.99,0.58758
9.6406,0.65644
10.648,0.63669
8.8081,0.68146
8.6828,0.68725
9.0586,0.67387
9.8402,0.65417
8.8439,0.67961
9.1262,0.67263
9.377,0.66441
10.789,0.63155
12.148,0.60465
10.477,0.64244
10.147,0.64606
11.467,0.61494
12.683,0.5909
10.439,0.63761
8.2511,0.69993
11.643,0.61462
11.442,0.61887
10.005,0.65259
12.692,0.59271
9.9748,0.65369
10.58,0.63958
11.411,0.61855
11.392,0.61955
11.208,0.62323
11.206,0.62354
11.184,0.62463
10.418,0.63817
11.261,0.62184
11.011,0.62794
11.503,0.61601
8.7349,0.68629
11.114,0.62585
11.76,0.61261
12.197,0.6025
11.486,0.61785
11.53,0.61731
11.157,0.62226
9.9737,0.65398
12.045,0.60472
11.692,0.61295
11.965,0.60755
9.8647,0.65762
9.487,0.6666
10.847,0.63061
10.702,0.63344
10.837,0.62976
10.017,0.65167
11.899,0.60965
10.485,0.63912
10.675,0.63543
10.398,0.64102
11.399,0.61952
11.545,0.61765
10.647,0.63577
10.603,0.6356
10.543,0.63822
11.016,0.6272
11.026,0.62676
10.378,0.64085
11.72,0.60932
11.064,0.62483
9.2871,0.66999
11.556,0.614
10.876,0.63024
10.91,0.62951
10.547,0.63875
8.7782,0.68473
10.868,0.6299
11.288,0.62166
9.3152,0.67012
11.276,0.62144
11.618,0.61286
11.479,0.61649
11.183,0.62345
11.178,0.62263
11.348,0.61839
11.328,0.61922
11.191,0.6231
11.663,0.61123
11.326,0.61974
11.614,0.61263
10.572,0.63772
10.833,0.63047
11.991,0.60809
11.082,0.62398
11.844,0.611
10.345,0.64289
9.863,0.65466
11.056,0.62846
10.47,0.63941
11.334,0.62187
10.697,0.6336
10.577,0.6335
10.323,0.64044
11.512,0.6153
9.8647,0.65234
11.963,0.60782
9.4168,0.66433
11.532,0.61488
10.769,0.63161
9.9052,0.65066
11.493,0.61869
10.832,0.63045
11.366,0.62234
11.798,0.60869
10.724,0.63614
11.243,0.62181
10.751,0.63303
10.453,0.63879
11.16,0.62265
10.638,0.63588
10.402,0.63952
10.694,0.63437
10.099,0.64781
10.588,0.63739
9.9452,0.65194
11.447,0.6182
10.511,0.63579
9.657,0.65576
10.157,0.64472
11.413,0.61856
9.9901,0.64975
11.486,0.6172
10.788,0.63061
9.8728,0.65395
10.53,0.63871
10.138,0.64558
10.588,0.63738
11.995,0.60545
12.075,0.60385
11.006,0.62612
11.861,0.60913
11.777,0.60736
8.9269,0.67797
9.1472,0.67214
10.914,0.62748
10.842,0.62984
9.797,0.65744
9.1323,0.67221
9.3528,0.66605
11.149,0.62073
11.211,0.61948
10.88,0.62794
11.07,0.62284
10.622,0.63464
11.025,0.62375
10.979,0.6254
10.802,0.63121
11.29,0.61811
11.042,0.62441
11.183,0.62147
10.903,0.62826
11.581,0.61598
10.668,0.63365
11.813,0.61105
10.559,0.63721
10.432,0.63945
10.219,0.64617
9.7512,0.65799
10.456,0.63895
12.017,0.60584
10.99,0.62935
10.506,0.63942
10.305,0.64486
10.958,0.62729
11.348,0.61765
10.804,0.63191
10.691,0.63458
10.637,0.63529
10.374,0.6411
10.774,0.63152
10.759,0.632
10.419,0.64106
10.396,0.64168
10.424,0.64037
10.502,0.63805
11.581,0.61497
10.531,0.63584
11.676,0.61121
11.671,0.61224
11.394,0.61714
11.719,0.61137
11.303,0.62136
11.49,0.61551
11.504,0.61571
10.422,0.64069
10.451,0.63968
11.364,0.61848
10.187,0.64258
11.393,0.61941
9.0089,0.67541
10.394,0.63857
10.127,0.64471
10.234,0.64193
9.8532,0.6518
11.33,0.61935
10.994,0.62615
10.846,0.62916
10.969,0.62693
10.573,0.63608
10.171,0.64462
10.157,0.64426
10.145,0.64506
10.033,0.64739
10.788,0.6319
10.898,0.62961
10.263,0.641
10.914,0.6286
10.29,0.64189
10.143,0.64582
10.108,0.64739
10.107,0.64647
10.52,0.63471
10.304,0.64118
10.666,0.63532
10.471,0.63824
10.029,0.65222
10.47,0.6421
10.1,0.64794
10.082,0.64994
9.5117,0.6631
10.099,0.64818
10.176,0.64668
10.99,0.62819
10.826,0.63067
11.13,0.62284
10.88,0.62862
10.536,0.63758
10.625,0.63496
10.891,0.62857
11.152,0.62136
10.989,0.62545
10.435,0.63717
11.311,0.61672
10.805,0.6305
10.814,0.6302
10.581,0.63443
10.508,0.6368
10.227,0.64284
10.686,0.63258
11.006,0.62427
10.353,0.64151
10.415,0.63986
10.593,0.6352
10.747,0.63174
10.089,0.64847
10.44,0.6388
10.528,0.63637
10.524,0.63597
11.546,0.61424
10.809,0.6284
10.469,0.63686
10.229,0.64365
10.275,0.64247
10.399,0.63892
10.088,0.64727
10.35,0.63908
11.915,0.608
10.377,0.63838
10.434,0.63788
11.853,0.60776
12.11,0.60357
11.234,0.61959
12.052,0.60354
10.354,0.63877
10.87,0.62844
11.062,0.6235
11.481,0.61425
10.982,0.62602
10.921,0.62742
11.064,0.62387
11.089,0.62263
10.333,0.64049
10.794,0.62877
12.216,0.60026
11.046,0.62354
10.395,0.6381
11.232,0.62263
11.217,0.62271
12.35,0.59693
10.187,0.64491
10.343,0.64049
10.284,0.64258
10.857,0.63233
11.456,0.61486
10.374,0.63965
10.671,0.63183
10.916,0.62732
10.935,0.62726
10.704,0.63288
10.844,0.62899
11.504,0.616
10.995,0.62557
11.698,0.61261
10.871,0.63008
11.156,0.62323
10.636,0.63274
10.346,0.64116
10.476,0.63787
10.649,0.63259
10.625,0.63365
10.448,0.63827
10.11,0.64733
10.488,0.63794
10.336,0.64206
10.447,0.63745
9.831,0.65466
10.123,0.64592
10.763,0.63134
10.186,0.64417
9.009,0.67414
8.9756,0.67495
8.7031,0.68338
9.5332,0.66265
10.604,0.63585
9.3054,0.67
8.5155,0.69088
8.3745,0.69413
10.545,0.63732
8.4969,0.68973
11.795,0.61062
10.389,0.63889
12.326,0.59665
10.695,0.63408
11.823,0.60787
11.395,0.6172
11.19,0.62071
9.8931,0.64898
9.8458,0.65056
8.4692,0.68458
8.9341,0.67702
11.716,0.61265
10.426,0.64007
10.807,0.62849
10.344,0.64113
10.205,0.64478
11.01,0.62538
10.508,0.63669
10.156,0.64655
9.4621,0.66071
10.052,0.64877
9.9912,0.65115
10.027,0.64995
10.407,0.63911
11.733,0.61023
10.769,0.63142
11.003,0.62784
10.844,0.62786
11.149,0.62342
11.071,0.62365
10.211,0.6437
9.9825,0.64913
10.511,0.63604
10.931,0.62686
10.19,0.64428
10.52,0.63703
10.591,0.63508
11.259,0.62216
10.839,0.63054
10.56,0.63507
10.952,0.62917
11.008,0.62825
11.222,0.62264
9.9264,0.652
11.118,0.62609
10.267,0.64335
10.799,0.63066
10.811,0.63206
11.922,0.60507
11.954,0.60406
11.821,0.60653
11.597,0.61198
9.4521,0.66263
11.419,0.61426
9.2304,0.66911
11.859,0.60656
11.52,0.61401
9.6832,0.65498
11.931,0.60499
8.843,0.68194
12.406,0.59547
11.188,0.62116
10.003,0.64844
10.9,0.6277
10.777,0.62905
11.952,0.60826
10.481,0.63744
10.649,0.63806
11.285,0.61958
10.088,0.64818
10.079,0.64917
11.606,0.61432
11.147,0.62029
9.6415,0.65875
9.6653,0.65886
11.416,0.61892
9.7126,0.65514
9.719,0.65547
10.653,0.63265
10.955,0.62603
9.7919,0.65352
10.298,0.64186
10.231,0.64221
10.124,0.64527
10.038,0.6459
11.266,0.61874
11.193,0.62059
10.621,0.63361
10.758,0.63028
11.073,0.62307
10.688,0.6325
10.187,0.64178
10.006,0.64817
9.9173,0.64882
10.18,0.64143
9.9552,0.64689
10.446,0.63712
10.335,0.63986
10.559,0.63492
10.32,0.6411
10.768,0.62934
10.648,0.63178
10.698,0.6324
10.852,0.63067
10.822,0.62876
10.374,0.63887
11.042,0.6234
11.153,0.6198
11.063,0.62255
11.457,0.6155
11.414,0.61651
11.125,0.62274
10.849,0.62901
9.8494,0.65288
10.194,0.64267
11.288,0.61947
11.459,0.61723
11.558,0.61275
11.747,0.61007
10.739,0.63141
10.227,0.64341
10.236,0.64288
10.802,0.62978
10.78,0.63006
8.5157,0.68972
8.538,0.68894
11.494,0.61536
11.011,0.62506
10.941,0.6258
10.916,0.62673
10.456,0.63845
9.3789,0.66506
11.492,0.6133
11.432,0.61521
11.591,0.61154
11.078,0.62433
11.94,0.6065
10.85,0.63036
10.539,0.63695
10.534,0.63704
10.802,0.62997
10.985,0.62598
11.205,0.61953
10.586,0.63509
9.2349,0.67013
10.673,0.63324
10.378,0.64066
9.6702,0.65875
10.42,0.63887
10.727,0.63187
10.595,0.6349
9.8761,0.65365
10.171,0.64501
10.562,0.63617
9.665,0.6598
9.5664,0.66199
9.6339,0.65495
9.3905,0.66279
9.5712,0.65773
10.007,0.64963
10.416,0.63813
11.281,0.61996
10.182,0.6444
10.557,0.63388
10.778,0.62827
10.476,0.63473
10.153,0.64285
9.4448,0.66086
10.022,0.64561
7.5287,0.71615
10.66,0.6309
10.748,0.62945
11.962,0.60407
11.568,0.61181
11.171,0.61895
11.583,0.61179
11.327,0.61851
11.111,0.62424
11.121,0.62493
10.949,0.6261
10.48,0.63751
9.2808,0.66583
11.416,0.61665
9.2949,0.6655
10.811,0.63039
10.247,0.64369
10.329,0.64233
10.408,0.6395
9.9665,0.65074
9.9142,0.64944
10.619,0.63426
9.2132,0.66782
10.767,0.63161
10.948,0.62667
9.7614,0.65585
10.541,0.63711
10.84,0.63186
10.062,0.64785
10.391,0.63882
11.053,0.62809
11.074,0.62582
11.315,0.61982
11.29,0.6213
11.066,0.62558
10.615,0.63686
10.143,0.64527
10.093,0.64814
10.384,0.63984
10.369,0.64055
10.197,0.64656
10.016,0.65
10.163,0.64743
10.516,0.63729
8.8892,0.681
9.0828,0.6743
10.188,0.64579
10.31,0.63925
10.44,0.63646
9.9137,0.65157
9.5718,0.66169
10.043,0.64734
10.46,0.63672
10.355,0.63951
10.239,0.64282
10.128,0.64573
9.6962,0.65762
8.973,0.67522
9.8271,0.65401
10.983,0.62228
10.304,0.64056
10.099,0.64652
10.627,0.63234
10.631,0.63188
10.508,0.63626
10.053,0.64831
10.32,0.64049
9.7185,0.65746
9.7391,0.65627
9.5693,0.66193
9.6947,0.6581
11.851,0.60898
8.9571,0.67616
9.105,0.67264
9.7009,0.65581
9.7303,0.65342
10.065,0.64579
8.7644,0.68143
8.904,0.67827
8.739,0.6809
8.9033,0.67817
8.9344,0.67451
8.4712,0.69021
10.196,0.64787
10.617,0.63638
10.397,0.64201
10.659,0.6353
9.7862,0.65415
9.796,0.65485
10.41,0.64147
9.6812,0.65929
10.137,0.6501
10.257,0.64299
9.8684,0.65446
10.456,0.64082
9.3847,0.66663
10.936,0.62612
10.346,0.64191
10.367,0.64075
10.299,0.64275
8.8739,0.6806
9.8771,0.65339
10.459,0.63824
10.348,0.64128
9.4522,0.66388
10.476,0.64011
10.135,0.64721
9.4397,0.66539
10.695,0.63266
10.822,0.62979
10.502,0.63811
9.6256,0.65929
9.824,0.65385
10.222,0.64396
10.538,0.63773
9.5548,0.66107
9.277,0.66952
9.225,0.67086
9.5198,0.66398
10.077,0.6488
10.848,0.62852
10.628,0.63354
10.337,0.64168
10.227,0.64522
10.099,0.6472
10.612,0.63462
9.1988,0.66852
9.3906,0.6622
9.9814,0.6509
10.307,0.64291
10.318,0.64263
10.293,0.64333
10.16,0.64551
10.485,0.638
9.8329,0.65532
10.174,0.64502
10.255,0.64313
9.7318,0.65561
10.048,0.64956
10.271,0.64274
10.145,0.64832
11.034,0.62617
10.342,0.6417
10.5,0.63554
10.905,0.62446
10.62,0.63236
10.789,0.62771
10.325,0.64096
10.231,0.64354
10.507,0.63572
10.188,0.64307
10.171,0.64324
10.359,0.63805
10.503,0.63399
10.567,0.63216
9.5724,0.65765
9.4073,0.6632
8.3186,0.69546
9.8635,0.65023
9.9648,0.64706
9.8131,0.65181
11.003,0.62806
9.4646,0.66131
8.9433,0.6776
11.44,0.61663
10.538,0.6371
7.918,0.70707
10.7,0.63373
9.6953,0.65824
10.02,0.64838
9.6931,0.65959
9.264,0.66883
9.9911,0.65062
9.3634,0.66773
9.4673,0.66257
10.145,0.64587
10.132,0.64609
9.5499,0.65948
8.8031,0.67926
10.549,0.63545
8.1027,0.70086
6.5447,0.74927
6.5863,0.74741
8.5248,0.68154
6.5219,0.75065
8.5463,0.68953
10.171,0.64401
10.623,0.63501
10.453,0.63939
8.2392,0.6977
10.211,0.64547
11.301,0.6204
10.722,0.63348
8.9662,0.67769
10.768,0.63089
10.587,0.63618
10.44,0.63818
10.269,0.64296
9.8391,0.65531
10.094,0.64716
9.9071,0.65126
10.159,0.64652
10.139,0.64759
10.752,0.6314
10.5,0.63699
10.128,0.64536
10.487,0.638
10.244,0.6433
10.632,0.63246
11.39,0.61635
8.4995,0.68952
10.708,0.63173
8.5877,0.68646
10.346,0.63995
9.846,0.64858
7.0093,0.72772
6.7672,0.7386
8.7278,0.67994
8.9487,0.67362
8.9667,0.67208
7.4441,0.71374
8.5011,0.68446
8.7024,0.68042
7.5857,0.71648
8.7646,0.68028
9.0475,0.6703
8.9561,0.67527
7.6372,0.71841
7.6173,0.71874
7.7204,0.71617
7.682,0.71757
7.6669,0.71785
8.907,0.6796
10.316,0.64284
9.0145,0.67789
10.244,0.64562
10.445,0.6387
10.282,0.64458
10.384,0.64144
9.2237,0.67001
9.9474,0.65222
10.977,0.62999
9.5588,0.6621
10.01,0.64881
10.184,0.64659
9.6668,0.65918
8.8637,0.68154
9.5853,0.66165
8.9689,0.6781
10.151,0.64732
9.7785,0.65554
8.5373,0.69028
10.196,0.64318
9.1909,0.66997
9.7615,0.65529
9.9336,0.65114
9.9344,0.65042
11.529,0.61498
9.8427,0.64998
9.6552,0.65559
9.4012,0.66437
9.8785,0.65173
9.4671,0.65982
10.89,0.62462
11.115,0.62149
11.039,0.62399
10.923,0.62709
10.868,0.62891
10.049,0.6437
11.097,0.62355
10.718,0.63244
10.748,0.63059
10.846,0.63
10.554,0.63653
10.674,0.63386
10.579,0.63698
9.9919,0.6506
9.6331,0.66045
9.4595,0.6651
9.7319,0.65694
9.616,0.66201
9.6214,0.6606
9.8228,0.65412
9.3878,0.6661
9.402,0.66615
9.3401,0.66771
10.155,0.64623
10.023,0.64612
9.2814,0.66629
9.7121,0.65576
10.114,0.64549
9.0958,0.67371
8.7797,0.68173
9.6754,0.65853
9.8276,0.65197
9.4058,0.66518
9.3922,0.66552
9.5452,0.66064
10.04,0.64653
10.521,0.63854
10.395,0.64254
10.062,0.65015
10.731,0.63304
10.537,0.63663
10.716,0.63254
10.039,0.64901
10.726,0.63167
9.6801,0.65797
10.201,0.64411
9.9702,0.65049
9.7103,0.65823
7.3198,0.71741
9.3831,0.66411
8.4937,0.68538
8.5505,0.68758
8.4285,0.68839
10.49,0.63569
9.3076,0.66543
8.6202,0.68371
9.6086,0.65688
9.7712,0.65532
9.8338,0.65198
9.9088,0.65186
7.8698,0.70894
8.5837,0.68799
8,0.7058
7.0562,0.73574
8.5212,0.68934
8.1574,0.69866
8.6549,0.68434
7.6578,0.71363
8.194,0.69903
9.6565,0.65745
7.9954,0.70576
8.3504,0.69363
10.257,0.64232
9.2237,0.66876
9.8305,0.65279
9.2614,0.66908
9.6936,0.65768
9.2474,0.66704
9.1543,0.6707
9.8401,0.65398
8.833,0.67815
9.252,0.66847
9.0131,0.67218
8.8239,0.67841
10.18,0.64325
9.8896,0.65243
9.8783,0.65176
9.5216,0.66098
9.665,0.65873
9.8808,0.65231
9.9641,0.64983
10.156,0.64493
10.394,0.63946
10.098,0.64612
10.238,0.64284
10.041,0.64798
9.0743,0.66977
9.0355,0.67205
8.6254,0.68395
9.1077,0.66807
9.1487,0.66738
7.106,0.72414
9.1837,0.66586
9.0713,0.67006
8.6607,0.68141
8.5362,0.68575
8.6604,0.68238
9.0297,0.67102
9.2033,0.66324
9.6967,0.65227
9.6583,0.65273
9.8876,0.6454
9.3765,0.66107
9.7195,0.65201
9.5285,0.65661
9.5579,0.6556
9.9116,0.64593
9.5217,0.65685
9.6049,0.65369
8.9376,0.67228
8.7934,0.67443
9.3443,0.66008
8.6884,0.6778
9.2966,0.66262
9.9146,0.64286
8.6351,0.6787
9.0416,0.66843
9.0003,0.66709
9.0662,0.66791
9.3082,0.66105
9.5282,0.65371
9.2471,0.66244
9.1283,0.66094
9.8739,0.64071
9.7905,0.6435
9.483,0.65312
7.224,0.71795
9.294,0.65786
9.4843,0.65165
8.9805,0.66426
9.2961,0.65727
9.7192,0.64502
9.5065,0.6497
9.374,0.65456
7.5665,0.70636
7.4795,0.71088
7.4116,0.71098
7.6753,0.70227
7.582,0.70504
8.5445,0.67528
7.4438,0.70818
8.7148,0.67098
8.3135,0.68199
8.2299,0.68391
8.5844,0.67319
8.474,0.67705
7.7379,0.6982
9.2272,0.65585
8.4772,0.67628
8.4455,0.67699
8.7158,0.66885
7.4349,0.70712
8.2973,0.67977
7.1728,0.71545
8.6835,0.66711
8.45,0.67458
8.8767,0.66166
8.72,0.66687
6.8361,0.71621
8.6552,0.66411
8.5578,0.66551
9.2597,0.64848
9.2639,0.64862
8.4355,0.66849
8.5175,0.66824
8.5841,0.66224
8.2819,0.67269
8.9949,0.65232
9.4138,0.64003
8.8672,0.65587
8.4857,0.66528
8.5028,0.66604
8.9226,0.65242
8.0398,0.6777
8.8631,0.65437
7.2254,0.7047
8.5356,0.66275
7.3036,0.70043
8.842,0.65261
7.1499,0.70451
6.9201,0.71313
7.096,0.70497
6.9292,0.70933
6.8129,0.71286
7.0083,0.70404
7.2219,0.6953
6.8881,0.70839
6.8839,0.70829
6.9175,0.70602
6.7769,0.71002
6.7272,0.71217
6.8214,0.70796
6.8471,0.70641
6.6546,0.71336
8.0403,0.66712
6.6753,0.71171
6.7813,0.70666
6.5934,0.71439
8.457,0.65385
6.7314,0.70683
6.0471,0.73199
6.2688,0.72368
7.4001,0.67902
8.1187,0.66057
6.2596,0.7214
6.6231,0.70618
6.428,0.70502
8.1294,0.65492
7.9249,0.66065
7.8993,0.66068
7.5351,0.67287
7.9023,0.65896
8.8181,0.63487
7.7074,0.66689
7.7928,0.66123
7.5861,0.66797
7.9499,0.65805
7.5853,0.66762
7.7872,0.66195
7.4685,0.67267
7.577,0.66805
7.6442,0.6651
7.723,0.66167
7.8583,0.65729
7.7612,0.65911
7.8646,0.65542
7.6456,0.66276
7.6045,0.66297
7.5532,0.66389
7.7964,0.65558
7.4886,0.66794
7.8177,0.65682
7.3355,0.67147
7.6309,0.66124
7.4975,0.66385
7.3209,0.66959
6.2485,0.7059
6.1863,0.70718
6.1973,0.70606
6.0897,0.70985
6.0203,0.71214
5.9923,0.71335
5.9017,0.71655
5.7671,0.71945
5.8249,0.71908
5.9739,0.71235
5.6866,0.72166
5.6711,0.72151
5.6037,0.72392
5.4608,0.73057
5.4901,0.72833
5.683,0.72112
5.6372,0.7228
5.311,0.73521
5.0457,0.73931
4.8819,0.74795
5.8695,0.70836
7.4583,0.65595
7.589,0.65063
6.4971,0.68578
7.372,0.65774
7.8294,0.64309
5.8235,0.70961
6.6988,0.67591
7.9524,0.63645
5.7167,0.71411
6.4972,0.6823
5.7466,0.71042
6.6594,0.67583
4.9534,0.74128
7.5791,0.64933
5.5589,0.71723
6.8372,0.66785
5.7996,0.70381
6.1423,0.69473
4.5335,0.76225
5.5599,0.72108
5.9577,0.70338
7.6581,0.6423
6.2886,0.68874
6.7642,0.6712
7.3609,0.65209
6.8531,0.66785
7.1316,0.65775
6.7408,0.67042
7.2512,0.65258
5.6942,0.7095
6.7997,0.66829
5.4038,0.71603
6.2391,0.68611
6.6271,0.67205
6.5131,0.6764
4.9372,0.73635
6.3499,0.67941
6.5506,0.67201
5.2468,0.72492
5.4914,0.71485
4.8565,0.74384
5.1117,0.72783
4.5961,0.74891
5.2792,0.72278
6.4237,0.67445
6.7604,0.66079
5.3607,0.71616
5.4781,0.71015
5.4554,0.70953
5.377,0.71235
5.2375,0.71895
5.13,0.72371
6.7985,0.65569
6.5701,0.66373
6.542,0.66344
6.7114,0.6544
6.9379,0.64688
4.881,0.72178
4.4163,0.74711
5.4526,0.70328
4.6723,0.73337
4.2208,0.75439
4.6687,0.7332
4.4214,0.74327
4.9784,0.71689
4.8607,0.71987
5.3903,0.69912
5.1107,0.71619
5.3686,0.70317
6.9308,0.6399
6.886,0.64116
7.0912,0.63483
4.8171,0.71867
7.572,0.61836
4.6227,0.72706
5.0627,0.71068
5.6266,0.68552
4.7905,0.71705
4.359,0.74175
4.5565,0.7255
5.7988,0.67269
4.4334,0.73496
7.0881,0.62828
4.8984,0.7161
5.2135,0.69389
6.4363,0.64953
6.2688,0.65598
6.316,0.65269
6.4127,0.64773
6.5107,0.64471
6.1086,0.65973
4.9571,0.70998
6.0407,0.6613
6.7912,0.63208
4.8903,0.70421
5.0199,0.69792
4.8324,0.70396
4.7953,0.70488
6.527,0.63924
4.089,0.75104
4.5884,0.71671
4.2902,0.73087
4.4508,0.72115
4.3889,0.72532
4.303,0.7302
3.6902,0.76919
3.6154,0.77277
4.0148,0.74698
3.6094,0.77351
4.0957,0.74194
3.7004,0.76678
3.6415,0.77004
3.7321,0.76346
4.3729,0.72445
3.8049,0.7575
3.5875,0.77135
3.4489,0.78078
4.7474,0.69869
4.4755,0.7221
4.037,0.73477
4.7133,0.70874
4.585,0.70797
4.585,0.71275
4.3606,0.72399
4.2974,0.72688
4.4044,0.72164
4.4249,0.71972
4.737,0.69574
4.238,0.72915
4.7528,0.69491
4.2522,0.71882
4.875,0.6858
4.7253,0.69164
3.2582,0.78275
4.3354,0.71498
4.2767,0.71377
6.247,0.63271
4.6084,0.69909
4.7507,0.69101
3.9976,0.73635
4.0239,0.73422
4.6535,0.69137
4.1973,0.72407
4.2427,0.72106
4.0899,0.7297
4.297,0.7101
4.4005,0.70327
4.6267,0.69159
5.9473,0.6371
3.9065,0.72943
5.5525,0.65348
3.6892,0.74517
3.7085,0.74388
3.4605,0.76437
3.4179,0.76636
3.4461,0.76427
3.5138,0.75868
3.5779,0.75326
4.5108,0.70763
3.4725,0.76098
3.4897,0.7586
3.401,0.76402
3.3764,0.76649
3.303,0.77072
3.4123,0.76246
3.3921,0.76459
3.471,0.75797
4.2402,0.70276
4.4323,0.69142
3.5616,0.75087
4.4688,0.69007
3.5577,0.74874
3.1294,0.77976
3.3201,0.75395
3.4376,0.74875
4.1736,0.70053
3.55,0.73724
5.9626,0.62691
3.8614,0.72072
4.3955,0.68819
5.3677,0.64682
4.2349,0.69767
3.9697,0.71305
4.1113,0.704
4.2049,0.6983
4.334,0.69072
4.0254,0.70792
3.8371,0.72741
6.1732,0.61517
4.7619,0.66644
3.7005,0.72255
5.0864,0.65506
4.2075,0.69542
3.931,0.71165
4.6798,0.66809
3.9643,0.70819
3.853,0.70906
3.9997,0.71111
3.2299,0.75976
5.8122,0.61868
3.6903,0.72908
3.9016,0.70845
3.5415,0.73327
3.8479,0.71844
3.4055,0.74481
3.3336,0.7412
3.1446,0.76414
3.2382,0.75776
6.1977,0.60561
4.3095,0.6834
3.2188,0.75831
3.5306,0.72709
3.0086,0.77386
3.0243,0.76183
3.3269,0.75078
2.3161,0.82205
3.5493,0.73272
3.4868,0.73729
3.1482,0.7631
3.2076,0.75865
3.2972,0.75144
3.4174,0.74271
3.296,0.75217
3.4114,0.74464
3.2611,0.7549
3.6355,0.73051
3.7871,0.71054
3.3379,0.73971
3.0281,0.76364
3.1568,0.76374
3.2092,0.75926
3.0098,0.77457
3.2311,0.75817
3.1518,0.7641
3.1549,0.76295
3.155,0.76199
3.3727,0.7454
2.3607,0.82072
3.4714,0.7291
2.5163,0.80521
3.4346,0.73056
6.1356,0.60692
5.8281,0.61928
6.0115,0.61163
5.9047,0.61561
4.5051,0.67909
2.8978,0.77216
2.9206,0.77036
4.676,0.67008
5.3936,0.63695
5.032,0.64754
6.0451,0.61009
6.0463,0.61051
5.4178,0.63746
3.6579,0.72766
4.2114,0.69539
5.9338,0.61451
5.8913,0.6157
5.6773,0.62521
3.92,0.71192
5.2592,0.64153
3.372,0.74194
3.435,0.74085
5.0323,0.64834
3.8112,0.70639
4.4537,0.66886
2.7126,0.78917
4.2256,0.69285
3.0592,0.76559
4.0163,0.70338
4.0954,0.69633
3.8802,0.70213
4.2282,0.6921
6.3437,0.59605
5.6235,0.62752
6.23,0.60272
5.7694,0.6214
6.2372,0.60343
6.1315,0.60855
3.0979,0.76105
3.1135,0.75964
5.7088,0.62537
5.7641,0.62294
4.7577,0.66419
5.9919,0.61225
6.0745,0.60828
6.3791,0.59449
4.4168,0.68394
6.2508,0.6007
4.4391,0.68291
4.6529,0.67228
4.2324,0.68456
5.1116,0.65329
4.9744,0.64594
2.9557,0.76744
6.0213,0.60984
4.0944,0.6922
6.3493,0.59444
6.7715,0.578
6.6581,0.58224
3.6092,0.7291
3.3311,0.75263
4.0901,0.70601
5.6909,0.62249
6.1756,0.60205
3.4803,0.737
5.6472,0.62538
6.0549,0.60619
3.6053,0.73057
3.7375,0.7159
5.0284,0.65368
3.3219,0.74949
5.0592,0.65163
6.074,0.60462
3.935,0.70783
5.7279,0.62023
5.4505,0.63179
3.3704,0.74273
3.4783,0.73541
5.5717,0.62407
5.8514,0.61298
3.6475,0.72567
3.3983,0.74348
3.2876,0.75048
4.6471,0.66947
4.8817,0.65806
4.5776,0.67242
4.3483,0.68535
5.6915,0.62197
4.6059,0.67169
6.159,0.60119
4.5888,0.67163
5.989,0.61043
3.6002,0.72775
3.9599,0.69159
4.043,0.68718
3.4243,0.72925
4.3413,0.67455
3.083,0.75531
4.0032,0.70251
5.289,0.63849
3.8742,0.70651
6.1417,0.60141
4.63,0.66721
6.1259,0.60282
3.7495,0.71758
5.9369,0.61174
5.9035,0.61266
5.893,0.6121
4.4817,0.67626
2.3554,0.81115
3.2769,0.74726
3.0054,0.76847
3.0778,0.76225
6.3745,0.59233
6.243,0.59753
6.2671,0.59569
4.8633,0.65511
5.387,0.63415
5.1523,0.64122
4.9351,0.6516
5.1175,0.64482
4.8995,0.6555
4.8918,0.65474
5.4436,0.63152
3.1268,0.7591
5.5592,0.62641
4.7551,0.66243
4.2422,0.68772
5.5934,0.62499
5.8144,0.6121
5.5798,0.62375
5.8105,0.61304
5.8987,0.6093
5.508,0.62702
5.7433,0.61609
4.3282,0.6826
4.3336,0.6816
4.0404,0.69851
5.9345,0.60738
5.2443,0.64096
4.669,0.66692
5.0595,0.64662
4.4507,0.67578
6.0303,0.60705
4.542,0.66032
5.5746,0.62501
4.1234,0.69367
5.7727,0.61559
3.6681,0.7203
3.9563,0.69233
4.1319,0.69455
5.5915,0.62399
4.6948,0.66024
4.0461,0.69777
5.9996,0.60536
4.0028,0.69964
3.9494,0.70428
4.1377,0.69453
5.9169,0.60923
6.0162,0.60655
3.9427,0.70146
6.075,0.60446
3.1519,0.74733
4.0645,0.69755
5.493,0.62702
5.9319,0.60874
5.642,0.61881
5.385,0.63182
5.9783,0.60573
5.2726,0.63511
5.3338,0.63297
4.9353,0.65274
5.2301,0.63872
5.3743,0.63143
5.4799,0.62679
4.588,0.67037
5.6056,0.62088
3.0984,0.75851
3.8418,0.70912
3.284,0.74318
3.2926,0.74302
4.7051,0.66302
2.7063,0.7797
5.0712,0.64526
4.8165,0.65769
4.9667,0.65045
5.1969,0.63934
4.7787,0.65972
2.9534,0.76975
3.0545,0.76036
2.7659,0.78557
2.8889,0.77513
3.1828,0.74995
3.0218,0.7638
3.923,0.70212
5.9402,0.60446
3.2908,0.74307
3.0565,0.7609
3.4084,0.73747
3.2198,0.74797
5.1032,0.63835
3.0978,0.74757
3.0185,0.76295
3.0954,0.75753
3.0933,0.75732
3.2545,0.74481
3.0472,0.76029
3.1941,0.74864
3.2055,0.74778
3.9884,0.6983
2.9634,0.76783
3.0533,0.76021
3.0953,0.75779
3.0031,0.76604
2.9315,0.77188
3.1004,0.75716
3.1544,0.75293
4.2276,0.68738
5.5186,0.6232
5.4539,0.62577
5.8992,0.60653
5.1393,0.64284
5.1209,0.64139
5.1724,0.63891
3.5298,0.71869
3.1466,0.74356
4.2597,0.68239
5.0389,0.64349
4.5253,0.6698
4.5229,0.66821
4.4469,0.67612
4.6506,0.66328
4.6689,0.65913
4.3465,0.68698
5.5887,0.61647
6.4967,0.58314
3.5548,0.72281
3.3045,0.73989
3.482,0.72678
3.5662,0.72253
3.4825,0.72693
3.2457,0.74422
3.2619,0.74329
3.268,0.74123
3.1621,0.74828
3.4125,0.7314
3.0747,0.75743
3.1149,0.75455
4.6779,0.65814
4.2876,0.68227
4.1401,0.69717
5.5176,0.62237
5.7204,0.61424
5.6221,0.61864
4.7296,0.66415
3.4783,0.72565
4.292,0.68895
4.2502,0.69172
4.1404,0.69495
4.3477,0.68537
5.8467,0.60218
5.4164,0.62043
5.2765,0.63159
3.8374,0.69213
4.4529,0.67635
3.6212,0.71833
3.6442,0.71713
3.4199,0.73326
3.462,0.72931
4.569,0.66879
6.3775,0.58654
3.6146,0.71929
5.3795,0.62316
5.1254,0.63517
4.9478,0.64367
5.3245,0.62691
3.3548,0.7348
3.2037,0.7459
3.1493,0.74946
3.2875,0.73916
3.365,0.73328
3.3029,0.73774
3.314,0.73659
3.1802,0.74698
4.6185,0.67191
3.0823,0.75689
3.469,0.72852
3.3187,0.73956
3.9495,0.69956
3.292,0.74276
4.7712,0.65481
3.2003,0.74622
3.3747,0.73568
3.4006,0.73402
6.298,0.58758
3.1933,0.74879
3.7595,0.70778
3.5343,0.72262
3.4102,0.73148
3.54,0.72156
3.4635,0.72742
3.4962,0.72498
3.3437,0.73712
3.6485,0.71694
3.5299,0.72161
3.3285,0.7369
3.2877,0.74107
5.2046,0.63587
3.5484,0.72095
3.4466,0.72829
3.3084,0.74012
3.5151,0.72472
3.4553,0.72939
3.3927,0.73327
3.3386,0.7368
3.2029,0.74619
4.424,0.67797
3.5134,0.72453
3.2835,0.74198
3.2632,0.74129
5.0967,0.63951
3.5106,0.72568
5.239,0.6334
5.1237,0.63804
5.1702,0.63598
3.4969,0.72654
5.0229,0.64375
5.2081,0.6342
5.163,0.63678
5.2179,0.63398
5.2375,0.63337
5.2752,0.63074
3.6775,0.71367
3.4428,0.73001
5.6208,0.61265
3.5892,0.71957
3.4869,0.726
3.5708,0.72056
3.6134,0.71724
3.5937,0.71885
3.5763,0.72045
3.5284,0.72368
3.564,0.7214
3.4771,0.72664
4.9664,0.65008
4.8728,0.64713
4.9419,0.65121
4.7317,0.65405
5.3044,0.62816
4.9721,0.64264
3.5272,0.71408
5.4238,0.62381
5.5177,0.61863
5.239,0.62703
4.0623,0.68949
3.9806,0.69417
4.8421,0.65753
4.5631,0.67175
6.0201,0.60052
6.0143,0.60084
6.1517,0.59483
6.0389,0.59972
3.4271,0.73147
6.0021,0.60037
5.9012,0.60494
3.3152,0.73986
3.227,0.74664
5.1142,0.6386
3.2995,0.73838
3.3322,0.7366
3.3074,0.73667
3.0731,0.75366
3.2683,0.74085
3.3429,0.73564
3.2969,0.73959
3.4048,0.72932
3.3027,0.73888
3.0975,0.75201
3.3442,0.73374
3.4142,0.73179
6.0683,0.59487
6.2331,0.59016
6.2983,0.58642
6.3363,0.58519
3.5601,0.71825
3.62,0.71568
3.8357,0.70102
3.8113,0.70527
6.5827,0.57587
3.9513,0.69595
3.767,0.70851
3.6457,0.71537
3.3964,0.73212
3.3902,0.73199
4.0822,0.69069
3.4529,0.72799
3.4666,0.7278
3.4177,0.73069
5.2822,0.62989
3.422,0.7305
3.4198,0.73095
3.4294,0.7299
3.5063,0.72463
5.0733,0.63871
3.5386,0.72144
6.3202,0.58727
3.5441,0.72134
3.4528,0.72742
3.6438,0.71439
3.6008,0.71733
3.2213,0.74569
6.0987,0.58883
3.4212,0.73075
3.3129,0.73873
3.2386,0.74496
3.2968,0.74003
4.502,0.674
3.4596,0.72854
3.441,0.7303
3.3718,0.73517
6.1049,0.59465
3.5863,0.71883
3.4697,0.72749
3.2786,0.74242
4.3922,0.67994
3.3868,0.73343
3.4256,0.73048
3.4086,0.73182
6.5529,0.57662
6.2804,0.58394
6.1002,0.59488
3.2685,0.74237
6.5041,0.58022
6.3165,0.58779
6.3927,0.58447
6.4934,0.5807
6.4156,0.58376
6.0552,0.5938
3.8851,0.70171
6.4042,0.58355
4.1084,0.69034
3.9446,0.6977
4.0178,0.69221
4.027,0.6917
4.0456,0.691
3.6466,0.71411
3.9437,0.68216
3.4248,0.73025
3.9636,0.6956
4.1853,0.68751
6.448,0.5803
6.5093,0.57787
6.0654,0.59169
6.1109,0.59632
4.3289,0.68367
3.8545,0.70061
6.2052,0.59236
5.9836,0.60223
4.6692,0.64776
6.221,0.58996
4.0972,0.6969
6.0048,0.60047
3.2151,0.74581
6.0153,0.59908
6.0048,0.59764
3.3171,0.73672
3.4759,0.72629
3.2581,0.74314
3.592,0.71826
6.0783,0.59454
3.2393,0.74339
6.0382,0.59681
3.1561,0.75007
3.3606,0.73457
3.8255,0.7049
3.3721,0.73394
4.3966,0.67815
4.5963,0.66651
4.6273,0.66477
4.5333,0.67097
4.5846,0.66786
4.4123,0.67859
4.2492,0.68761
4.5656,0.66882
4.6006,0.66708
4.6559,0.66398
4.6377,0.66476
3.4948,0.72346
3.2375,0.74173
3.3058,0.73661
6.2021,0.59078
3.3599,0.73115
3.4676,0.72495
3.3278,0.73501
3.5045,0.72086
4.195,0.68557
4.2926,0.68004
3.9902,0.69921
3.4417,0.72798
3.4971,0.72332
3.4966,0.72478
3.5081,0.72405
4.3881,0.67708
3.5184,0.72366
4.2374,0.68677
3.6146,0.71781
3.479,0.72609
4.2055,0.68851
6.1939,0.58986
3.3972,0.73141
4.2517,0.68678
4.1064,0.69546
5.872,0.60372
5.7501,0.61037
5.6678,0.61419
6.0165,0.59918
3.3326,0.73695
6.0624,0.59656
6.0654,0.59603
3.2285,0.746
5.8669,0.60553
6.0277,0.59786
6.0367,0.59675
3.5172,0.72195
3.2104,0.7467
3.2552,0.74093
3.2307,0.74243
3.3173,0.73713
3.3727,0.73323
3.4366,0.72876
3.349,0.73469
4.1674,0.68403
3.3436,0.7349
3.2218,0.74538
3.2886,0.74109
3.5077,0.72385
5.8791,0.60366
3.8947,0.70499
4.0103,0.69795
3.861,0.7078
3.8511,0.70782
3.8671,0.70621
3.8497,0.70753
3.7999,0.71159
3.8655,0.70745
3.979,0.69993
4.2123,0.68516
4.1337,0.69037
3.3657,0.73288
3.343,0.73455
3.4273,0.72845
4.6533,0.66442
4.6271,0.66618
4.4898,0.67332
4.4369,0.67573
3.2609,0.73999
3.3318,0.73501
4.3009,0.68364
4.4779,0.67345
3.1502,0.74927
3.51,0.72053
4.5857,0.66622
4.1208,0.69384
6.2492,0.58861
6.3377,0.58392
4.2701,0.6846
6.4269,0.58053
4.0027,0.70022
4.1417,0.69114
4.1181,0.69348
4.1199,0.69295
4.2188,0.68687
3.5721,0.71821
3.5824,0.71747
3.5988,0.71652
3.4282,0.72861
3.3355,0.73487
3.3641,0.73137
3.4102,0.72903
3.2685,0.73958
3.5072,0.72182
3.3795,0.73174
3.449,0.72557
3.2804,0.73987
4.3318,0.68037
4.3217,0.6809
4.4207,0.67583
4.1553,0.69207
4.1706,0.69034
3.4258,0.72704
4.313,0.68098
4.2396,0.68579
4.294,0.68317
4.1114,0.69398
4.2478,0.68512
4.2369,0.68587
3.4811,0.72342
3.4456,0.72581
3.4604,0.7257
4.0048,0.69205
3.4886,0.72304
3.525,0.72105
3.3692,0.73212
3.4988,0.72274
3.5218,0.72133
3.4355,0.72773
3.5455,0.71947
3.4744,0.72487
3.4461,0.72583
6.4877,0.57739
3.3419,0.73438
3.3562,0.73305
3.331,0.73489
3.1977,0.74514
3.4169,0.72854
3.6596,0.71205
3.4693,0.72473
3.3293,0.73493
3.3168,0.73508
3.1756,0.74659
4.5562,0.66132
5.9019,0.60218
3.5836,0.71614
3.3538,0.7333
4.6975,0.66106
5.0511,0.63914
5.2477,0.62963
4.3838,0.67139
5.0898,0.63697
4.2397,0.67905
4.1774,0.68289
5.1279,0.63559
3.4611,0.72465
3.4806,0.72257
3.5078,0.72061
4.8333,0.63637
6.2884,0.5797
4.3228,0.6778
4.8319,0.63549
4.2527,0.68264
4.2378,0.68257
4.0359,0.69585
3.4664,0.72486
5.8563,0.60487
4.4193,0.6752
4.5489,0.66718
4.3392,0.67953
4.1085,0.69363
3.4719,0.72435
4.4465,0.67347
4.1488,0.69111
4.5505,0.66702
3.4024,0.7286
4.531,0.66901
4.4992,0.67099
4.4238,0.67474
3.7486,0.71459
6.0453,0.59618
3.1739,0.7471
3.1799,0.74691
3.2344,0.74302
5.9905,0.59871
3.143,0.75068
3.8728,0.70703
3.8218,0.70926
3.1334,0.75091
3.0511,0.75693
3.074,0.75489
4.3427,0.6793
3.3333,0.73472
3.2772,0.73931
3.4186,0.72823
3.5163,0.72115
4.2533,0.68515
3.3492,0.73294
3.3559,0.73296
4.3542,0.67801
3.2974,0.7372
4.0935,0.69404
4.204,0.68717
3.2777,0.73798
4.3589,0.67942
3.0101,0.76061
3.1468,0.74883
3.2947,0.73716
3.1131,0.75105
3.2373,0.7417
3.2203,0.74382
3.2593,0.74137
3.2056,0.74578
3.1123,0.75243
3.0604,0.75658
3.5769,0.71729
4.2261,0.67908
3.5195,0.7212
4.473,0.67243
3.5421,0.72021
3.7944,0.70382
3.7795,0.70309
4.4577,0.67315
4.5022,0.6705
6.3228,0.58027
3.8321,0.69928
4.2783,0.68415
3.9299,0.6964
4.0594,0.68852
3.2399,0.74501
3.7224,0.71099
5.9866,0.59744
5.7993,0.60585
6.2369,0.5869
6.2227,0.58892
3.532,0.72036
3.7198,0.7068
3.5913,0.7156
3.7333,0.7055
3.2585,0.73866
3.2891,0.7361
6.2429,0.58591
5.9689,0.59706
5.8817,0.60079
3.2228,0.74158
3.3348,0.73414
3.2452,0.74121
5.7632,0.6068
5.9809,0.59714
5.8597,0.60197
3.2488,0.7391
4.0348,0.69289
3.9401,0.69887
5.8335,0.60319
3.9372,0.69916
3.7269,0.71342
3.7178,0.71374
3.7646,0.71089
3.8578,0.70476
3.6717,0.71708
3.7399,0.7116
3.8234,0.7063
3.7403,0.71225
5.836,0.59617
6.2665,0.58465
6.1452,0.58894
3.8276,0.70652
3.9421,0.6978
4.3666,0.66753
4.2955,0.67695
3.825,0.70548
3.735,0.71158
4.1788,0.68455
3.7845,0.70695
3.9099,0.7002
6.1363,0.58678
3.4685,0.71637
3.6424,0.70741
3.3094,0.72925
6.2164,0.58221
6.057,0.58912
6.3255,0.57789
6.1301,0.5875
3.6218,0.70962
3.1688,0.74013
5.9555,0.59354
6.3964,0.57618
6.0693,0.58894
6.1222,0.58671
4.153,0.68624
5.8366,0.59792
6.1324,0.58625
5.8649,0.59793
6.0157,0.59016
5.6695,0.60521
5.9373,0.59275
3.8406,0.69501
5.7892,0.59879
5.5516,0.60983
3.9373,0.68945
4.0019,0.68533
3.9208,0.69129
5.5105,0.61093
5.6307,0.60487
3.809,0.69687
5.8979,0.59348
3.8614,0.69374
3.7297,0.69988
5.3875,0.61506
3.8361,0.6944
5.2671,0.62134
3.8339,0.6911
4.0246,0.68067
3.4814,0.70851
3.7725,0.69232
4.0065,0.68021
3.478,0.70794
3.3924,0.72019
3.3686,0.71913
3.3127,0.72307
3.8998,0.68434
3.9089,0.6865
3.6822,0.6989
3.4405,0.71511
3.586,0.70697
3.6025,0.70539
3.5324,0.70967
5.8416,0.59083
3.5665,0.70635
4.4412,0.65535
5.7037,0.59552
3.5314,0.70866
5.6615,0.59759
5.589,0.60063
3.3085,0.72372
5.7791,0.59118
5.6284,0.59799
6.1668,0.57404
2.9873,0.74474
5.728,0.59341
3.2054,0.72587
5.6234,0.59622
5.8784,0.58466
5.7882,0.58681
5.7637,0.58904
5.9403,0.5809
3.0708,0.73397
5.6304,0.59312
5.6805,0.59127
5.5967,0.59401
5.4859,0.60005
5.5352,0.59695
5.5516,0.59669
5.5845,0.5952
4.4556,0.64716
5.7015,0.58876
5.7638,0.58534
2.8378,0.74928
5.8653,0.58118
5.6793,0.5875
5.8845,0.5792
3.0694,0.72979
5.8168,0.58137
5.6363,0.58882
5.6833,0.58668
3.0023,0.73408
3.7321,0.68424
5.5276,0.59214
3.5871,0.69622
5.2826,0.59333
5.3639,0.58818
3.1857,0.69939
5.0252,0.59691
3.4497,0.68324
4.5243,0.61805
3.1319,0.70325
2.8783,0.72125
2.7225,0.73666
3.1638,0.70036
3.2785,0.6946
2.8871,0.73215
3.2282,0.7053
4.9015,0.60292
4.8206,0.60433
4.9393,0.59869
4.8195,0.60544
4.5803,0.61791
4.6948,0.61108
4.4976,0.62173
4.7045,0.60909
4.6707,0.60959
4.6112,0.61064
4.6172,0.60918
4.7132,0.60416
4.9086,0.59332
2.5242,0.74738
2.553,0.74602
2.58,0.74423
2.3843,0.76457
2.4345,0.75925
2.5515,0.74754
2.665,0.73707
2.7383,0.73067
2.6243,0.74038
2.6833,0.73338
2.6195,0.7381
4.7069,0.60351
2.6244,0.73921
2.3617,0.76225
2.6251,0.73696
2.5242,0.74772
2.4075,0.75931
2.4489,0.7544
2.4873,0.75106
2.5175,0.7484
4.5489,0.6116
2.1994,0.77698
2.2518,0.76978
2.3046,0.76381
2.4473,0.75069
2.3807,0.75663
2.3855,0.756
2.7848,0.72266
2.9434,0.70789
2.2272,0.77407
2.2784,0.76846
2.9158,0.71012
2.3533,0.75968
4.3213,0.61758
4.4596,0.61072
4.5741,0.60162
2.221,0.77304
2.2586,0.76522
2.3238,0.75655
2.1242,0.77976
2.0582,0.78857
2.0812,0.78565
2.7472,0.72892
2.0479,0.78649
2.1215,0.77738
2.2748,0.76583
2.1639,0.77404
2.193,0.77096
2.382,0.75189
2.4074,0.74862
2.2511,0.76483
2.7144,0.72179
4.4809,0.60512
2.9403,0.71034
2.2836,0.76077
4.5689,0.59929
2.3991,0.74719
4.3408,0.61216
2.4439,0.74251
2.4483,0.74295
2.1053,0.77878
2.6156,0.72944
2.5879,0.73343
4.321,0.61042
4.3583,0.60988
4.6162,0.59436
4.5488,0.59651
4.462,0.60221
4.3801,0.60659
4.5063,0.59857
4.4626,0.60145
4.4585,0.60219
4.1878,0.61568
2.7894,0.71102
4.2183,0.61549
4.1224,0.61955
3.0154,0.6977
2.8367,0.71193
4.0814,0.62129
4.1738,0.61525
2.6698,0.72685
3.8219,0.63809
2.7306,0.72104
2.8013,0.71767
3.9341,0.63191
2.1438,0.76929
2.9786,0.70061
4.0378,0.62003
2.1476,0.76695
2.7128,0.72009
4.2249,0.60713
2.5728,0.73285
3.1264,0.68403
4.2806,0.6018
3.0448,0.68958
2.3434,0.74289
3.1514,0.68065
2.9703,0.69508
4.5436,0.5868
2.7646,0.71401
4.3039,0.59985
4.2332,0.60545
2.6292,0.71317
2.5973,0.71827
2.55,0.72159
4.4475,0.59139
2.9201,0.69953
2.9376,0.69676
2.5602,0.71796
4.2402,0.6008
3.963,0.61855
2.5647,0.71732
3.8445,0.62431
3.9092,0.61984
2.1358,0.75936
4.2088,0.60054
4.277,0.59597
4.1004,0.60581
3.885,0.61882
2.673,0.70259
3.9008,0.62119
2.6594,0.71176
2.0892,0.75784
2.0486,0.76178
1.847,0.78749
2.0138,0.76551
4.1276,0.59874
4.1502,0.60048
3.9805,0.60579
4.1607,0.59423
4.3318,0.58346
2.4366,0.7219
4.1266,0.5982
4.234,0.59058
3.9782,0.60676
3.8075,0.6173
4.5603,0.57093
2.5587,0.70482
4.0349,0.60059
4.2703,0.58748
4.2145,0.59049
4.1271,0.59385
4.2229,0.58801
3.821,0.61511
4.0586,0.59576
4.0991,0.58711
4.2163,0.58475
4.1145,0.58724
4.1351,0.58546
4.2806,0.57742
3.8496,0.6062
4.1859,0.58092
4.1151,0.59087
4.0855,0.59161
4.0634,0.59266
4.1122,0.58854
4.0843,0.58703
3.986,0.59264
2.1363,0.73698
4.1339,0.58145
4.0954,0.58452
4.2099,0.57714
4.0993,0.58782
1.9672,0.75107
3.9551,0.59137
2.0233,0.74446
3.9101,0.59383
4.019,0.58595
3.7061,0.60694
2.0342,0.74381
3.8578,0.59589
3.9431,0.59217
4.0023,0.58602
4.1048,0.57932
3.97,0.58824
4.2735,0.56489
4.078,0.57895
4.1419,0.57411
1.975,0.74534
4.1671,0.57163
3.9193,0.58955
3.9453,0.59176
3.966,0.59168
3.8857,0.59676
3.9918,0.58896
4.0195,0.58367
3.8376,0.59705
3.8404,0.59411
3.851,0.59745
3.7832,0.60141
3.841,0.59521
4.0662,0.57795
3.8213,0.59571
4.0279,0.58182
4.173,0.57526
4.1352,0.57792
1.9124,0.7504
2.6465,0.68613
4.0378,0.57609
4.2574,0.56707
2.45,0.69101
4.2805,0.56646
2.2843,0.71061
3.9054,0.58558
3.5453,0.61083
2.3171,0.70907
3.8954,0.58547
2.096,0.72662
3.8029,0.58921
2.1011,0.7284
2.1799,0.71667
3.8879,0.58373
2.7482,0.67609
4.0246,0.57341
2.7155,0.68093
2.3484,0.70512
2.7182,0.6792
3.8425,0.58832
3.6741,0.59919
3.7947,0.59146
3.7731,0.5925
3.8502,0.58524
4.2035,0.56089
4.0983,0.56864
4.0245,0.57318
3.9256,0.58118
3.831,0.58898
4.0391,0.57664
3.7891,0.59242
3.8389,0.58834
2.7364,0.67762
3.8997,0.58447
3.8597,0.58836
3.7869,0.5917
3.6321,0.60465
3.9944,0.57963
3.9668,0.57997
3.9326,0.58313
3.8241,0.58856
3.8817,0.58517
3.9329,0.58487
3.9339,0.58586
3.5823,0.61026
3.8668,0.59108
3.8931,0.58931
3.8813,0.58813
3.7716,0.59545
3.734,0.59762
3.9545,0.58356
3.8456,0.59101
3.925,0.58401
3.9429,0.58316
3.531,0.60836
2.1012,0.72829
3.7267,0.59365
3.5944,0.60432
3.5369,0.60726
3.8502,0.58891
3.7139,0.59964
3.517,0.60788
3.7394,0.59095
3.7879,0.58516
3.8046,0.58336
3.7135,0.58939
3.379,0.61686
3.7248,0.59171
3.6374,0.60096
3.9937,0.57865
2.5708,0.69172
3.8016,0.58819
3.828,0.58851
3.9605,0.57955
3.8125,0.58731
3.6783,0.59577
3.8523,0.58227
3.7851,0.58852
2.5529,0.68933
2.6399,0.67963
2.65,0.67992
4.0909,0.57099
4.3888,0.54694
3.8414,0.58215
4.1928,0.55992
2.5987,0.68805
4.2811,0.56099
4.2298,0.55963
2.9068,0.66174
2.7268,0.67496
4.0683,0.57195
2.8729,0.66265
3.8262,0.58623
3.9944,0.57304
3.4473,0.61247
4.0611,0.5698
4.0155,0.57178
4.0092,0.57315
2.3363,0.69612
3.8054,0.58727
3.9102,0.58008
3.8005,0.58547
3.8578,0.58266
3.53,0.60525
3.999,0.57588
3.7522,0.58893
3.8147,0.58561
3.8085,0.58693
3.8568,0.58118
4.1193,0.56375
3.7097,0.59051
2.9521,0.65329
3.7508,0.5883
3.9473,0.57413
1.8799,0.74618
1.9925,0.73829
2.0619,0.72693
1.7947,0.75683
3.8043,0.58677
2.7046,0.67659
3.4724,0.61012
3.8003,0.58795
3.9182,0.57883
4.009,0.57171
4.0347,0.56901
3.8124,0.58717
4.0373,0.57136
3.864,0.58269
4.1556,0.56393
4.0093,0.57332
3.9624,0.57535
4.2976,0.55442
4.176,0.56128
4.2023,0.55949
3.8874,0.58095
4.2381,0.55838
3.8293,0.58457
3.8707,0.58175
3.7986,0.58145
3.7762,0.58977
3.8667,0.57957
3.5384,0.6009
4.0647,0.56396
3.9533,0.57053
4.15,0.56027
3.8122,0.58526
4.2533,0.55892
4.212,0.55406
4.1848,0.56213
3.9385,0.57859
3.7495,0.59189
4.0593,0.57038
3.8712,0.58143
4.2278,0.55887
3.9975,0.57333
3.8661,0.5813
3.7261,0.58686
4.214,0.55894
3.9259,0.57539
3.8099,0.5851
3.8216,0.58107
3.6713,0.59179
3.5793,0.59611
4.0349,0.56312
3.8714,0.57508
3.9654,0.57064
4.5318,0.53338
3.8055,0.57998
4.2,0.55337
4.3513,0.54616
4.1027,0.55932
4.0983,0.55999
4.0113,0.56369
4.4371,0.53998
4.0117,0.56982
3.9339,0.57438
3.982,0.57219
4.046,0.56443
3.9691,0.57216
4.1969,0.5549
4.1339,0.56115
4.1819,0.5572
4.0305,0.5676
4.1341,0.56201
4.0703,0.56562
4.2281,0.55473
3.7447,0.59047
4.1951,0.55088
4.1031,0.56328
3.9387,0.57246
4.0416,0.56218
3.8661,0.57699
3.9254,0.57318
3.7446,0.58464
4.0739,0.56221
3.8127,0.58557
3.9024,0.57389
3.8841,0.57819
4.5322,0.53213
4.3722,0.5439
4.1727,0.55307
3.9498,0.56956
3.8598,0.57745
4.0579,0.56511
4.1523,0.55843
4.4299,0.54119
4.0717,0.56143
4.4736,0.53771
3.9794,0.56987
4.0818,0.56316
2.1671,0.71948
3.9086,0.57202
3.9755,0.56768
4.1366,0.55967
4.1283,0.55652
3.8422,0.57974
4.1192,0.56051
4.1556,0.55758
3.9927,0.56672
4.0813,0.56274
3.7918,0.58062
3.9735,0.56818
3.8454,0.579
5.4948,0.50751
4.3424,0.54477
2.0013,0.72631
4.1173,0.56326
2.2687,0.69888
2.4213,0.6847
2.2793,0.69796
4.3987,0.54465
2.3173,0.69456
2.1088,0.71741
2.3128,0.69341
1.941,0.73104
4.1128,0.55774
3.6773,0.58552
4.1644,0.5531
3.6292,0.59098
3.5341,0.60019
3.9969,0.56481
3.7357,0.585
3.7208,0.58579
4.0993,0.56205
3.9618,0.5669
3.6974,0.58633
3.888,0.57325
4.0629,0.561
4.2112,0.55267
3.7075,0.58604
3.8095,0.5799
2.7112,0.66695
3.7667,0.57996
4.1205,0.55762
4.0656,0.56069
4.2163,0.5503
4.3301,0.54703
4.3507,0.54375
4.1788,0.55598
4.4809,0.53683
4.3943,0.54199
4.4726,0.54041
4.3269,0.54883
3.4225,0.60898
4.2889,0.54799
3.74,0.58633
3.9464,0.56972
4.2751,0.55112
4.1879,0.55324
4.0685,0.56426
1.9013,0.73609
3.9854,0.56268
4.0578,0.55963
2.6995,0.66719
2.0319,0.72112
3.77,0.57818
4.0802,0.56402
3.9406,0.5669
2.1299,0.70951
4.246,0.54919
4.249,0.54985
4.1262,0.55684
4.2911,0.54809
4.0146,0.56329
4.3808,0.54156
4.1078,0.55993
4.3855,0.54271
4.1845,0.55397
4.3704,0.54251
4.009,0.56383
4.2706,0.54609
4.0947,0.55636
4.75,0.52217
4.1091,0.55516
2.4319,0.69174
4.1359,0.55482
4.3579,0.54073
2.6608,0.66934
2.5031,0.68323
2.6711,0.66639
2.6474,0.66893
2.773,0.65852
2.4878,0.68404
2.65,0.66881
2.5695,0.67591
2.7186,0.66283
3.6031,0.59095
4.2155,0.55034
3.9204,0.56861
3.9966,0.56438
3.912,0.56735
3.9735,0.56711
4.2384,0.55087
4.2077,0.55449
1.9102,0.73634
4.3573,0.54392
4.0497,0.5629
4.1723,0.55264
1.8084,0.74876
2.7401,0.66421
4.1408,0.55603
4.2317,0.54957
4.0107,0.56159
4.1457,0.55425
3.6405,0.58784
3.6947,0.58429
4.3071,0.54472
4.1074,0.55743
4.2821,0.54713
3.9969,0.56434
4.1036,0.55899
1.8916,0.73964
2.0692,0.71585
3.8682,0.57367
3.8774,0.57133
1.9162,0.73469
2.3341,0.69249
4.2883,0.54506
2.4576,0.67977
4.0861,0.56008
4.1318,0.55498
4.4647,0.5372
3.9185,0.57165
4.2445,0.55362
3.9206,0.57417
3.8424,0.57726
4.4033,0.53795
4.2372,0.55251
4.129,0.55826
4.1639,0.55603
4.2011,0.55513
3.7057,0.58769
4.5382,0.53091
4.1251,0.5535
3.664,0.58727
3.7431,0.58082
3.6472,0.58973
4.1233,0.55648
3.8966,0.57212
4.0983,0.55802
3.8636,0.57398
4.1278,0.55484
3.9231,0.56873
4.1338,0.55548
4.2603,0.54747
4.3286,0.5435
1.9167,0.73571
3.7043,0.58901
4.2636,0.54833
3.9441,0.56742
4.0599,0.55964
4.2311,0.54922
3.9891,0.56892
4.1326,0.55557
4.0456,0.56419
3.7495,0.58418
4.1998,0.55579
3.8361,0.5801
1.7362,0.76173
3.9177,0.57225
4.1191,0.5582
4.2496,0.54866
3.8499,0.57692
4.4143,0.54146
4.1129,0.56069
4.3978,0.54101
4.3098,0.54636
4.1302,0.5577
4.0092,0.56605
3.9276,0.57367
4.0622,0.56687
4.0368,0.56178
4.4004,0.54371
4.0396,0.56887
4.499,0.53401
4.0564,0.56173
3.8365,0.57591
3.9694,0.56477
4.123,0.55607
3.9089,0.56957
3.973,0.56584
4.3042,0.54415
3.8332,0.57913
3.8718,0.57691
4.0886,0.56352
4.0282,0.56761
4.0776,0.55972
4.0908,0.55956
4.1766,0.55291
4.1763,0.55363
4.2435,0.54972
4.3479,0.54204
4.2778,0.54692
4.2003,0.55137
3.9476,0.56882
4.1382,0.56111
3.8498,0.58058
4.3621,0.54843
4.3012,0.55194
3.9457,0.57345
4.2201,0.55611
4.0056,0.56928
3.9695,0.5707
4.1438,0.55981
3.9638,0.57192
4.0254,0.56834
4.1038,0.55833
3.9602,0.56693
4.0739,0.56074
3.998,0.5637
4.111,0.56274
3.8538,0.57301
4.2179,0.54915
3.9693,0.56386
3.9519,0.56515
4.0839,0.55803
4.0446,0.55959
3.8686,0.57429
3.5785,0.59783
2.6892,0.66821
3.7101,0.58963
3.9422,0.57392
2.448,0.69091
3.8385,0.57711
2.3351,0.70297
3.8432,0.57797
2.6126,0.67486
3.8088,0.5786
3.8719,0.57549
3.9175,0.57315
3.977,0.56684
1.9668,0.72988
3.9168,0.56886
3.9762,0.56649
4.1385,0.55619
3.973,0.56629
3.9196,0.57432
3.8893,0.5715
4.0618,0.56533
4.2615,0.54798
4.4695,0.53791
4.0392,0.56343
3.7212,0.58363
3.9095,0.56846
3.9901,0.56308
3.8541,0.57183
4.2176,0.54911
4.1369,0.55473
4.0792,0.56377
4.2239,0.5535
3.9569,0.56587
4.3021,0.55068
2.2886,0.69699
4.4156,0.5382
3.6521,0.5885
3.7592,0.58225
3.6815,0.58961
3.9987,0.5658
3.9513,0.57211
3.9605,0.56812
4.1753,0.55482
4.1174,0.55812
4.042,0.5635
4.247,0.54975
4.0208,0.56784
3.9013,0.57519
3.6721,0.5857
4.2294,0.54972
3.9222,0.57021
3.8083,0.57605
3.9755,0.56606
3.9504,0.57028
3.7562,0.58077
3.8655,0.57225
3.9648,0.56733
3.9309,0.56835
4.3227,0.54578
4.0542,0.56261
4.2223,0.55209
4.1359,0.55607
4.4885,0.53534
4.0798,0.56211
4.1113,0.55808
4.4891,0.53836
3.931,0.57043
4.2738,0.55098
3.8069,0.57978
4.1055,0.55882
4.0734,0.55828
4.2614,0.55194
3.8098,0.58203
3.9597,0.57231
3.8558,0.57901
3.8306,0.58176
3.8845,0.57866
4.0047,0.56996
4.17,0.55869
3.5524,0.59496
4.053,0.56651
3.564,0.59298
4.0685,0.56495
3.9444,0.57327
3.9705,0.56714
3.7835,0.57917
3.7647,0.5791
3.9309,0.56912
2.5284,0.6835
4.4534,0.5373
3.8531,0.57498
4.155,0.55571
4.0005,0.56443
4.1426,0.55647
4.2364,0.54921
4.1777,0.55359
4.031,0.5667
3.7909,0.58197
3.92,0.57088
3.8117,0.58008
4.0199,0.56743
4.032,0.56721
3.7432,0.58505
3.9945,0.56803
4.0418,0.56551
3.9955,0.56727
4.1604,0.55602
4.0066,0.56619
3.7258,0.587
3.7761,0.58385
3.9636,0.56672
2.0503,0.71972
3.9625,0.56692
2.2357,0.70377
4.2813,0.54704
4.2161,0.55553
2.0368,0.72229
2.1027,0.71163
2.1849,0.70718
4.0367,0.56265
4.135,0.55571
4.2143,0.55032
3.8093,0.57502
3.9817,0.56626
3.9731,0.5662
3.9121,0.57066
4.1115,0.55924
4.0285,0.56453
3.662,0.58703
3.6986,0.58624
3.9264,0.57274
4.0609,0.56076
3.9607,0.56967
3.8189,0.57928
3.8571,0.576
3.7933,0.58141
3.7032,0.58967
3.7952,0.5768
4.0874,0.55899
3.6168,0.59511
2.6068,0.67554
4.0378,0.56245
4.1698,0.55475
4.1723,0.55316
3.7803,0.57427
4.1207,0.55474
4.0136,0.56109
3.9555,0.56557
2.0294,0.72016
2.0721,0.71547
2.0402,0.71949
2.0111,0.72381
2.0687,0.71547
2.0429,0.71904
2.147,0.70605
2.0653,0.716
3.8301,0.57492
3.9296,0.56877
3.8709,0.57216
4.2799,0.546
4.2702,0.54567
4.4093,0.53821
4.1277,0.55458
4.4657,0.5341
4.2638,0.54981
4.1808,0.55218
4.0063,0.56694
3.9431,0.56662
4.1796,0.5545
4.0365,0.56685
4.5204,0.53231
4.1548,0.55443
4.3554,0.5475
4.0432,0.56605
4.1067,0.56194
4.3354,0.54797
4.1307,0.56143
4.0625,0.56582
4.056,0.56529
4.4121,0.54297
3.9167,0.56733
4.1023,0.55971
3.7842,0.57564
3.9233,0.56695
3.7894,0.57712
4.0041,0.56659
3.9016,0.56957
4.0616,0.56383
3.9284,0.5712
3.7806,0.58232
4.2779,0.55019
3.7801,0.58156
4.0377,0.55932
3.9987,0.56304
4.2892,0.54522
4.1234,0.55989
4.3855,0.54436
4.2895,0.5455
4.3151,0.54936
4.1071,0.56134
4.4356,0.53579
4.5236,0.53531
4.3345,0.54459
4.2673,0.54872
4.186,0.55168
3.9912,0.56417
4.3297,0.5439
3.9405,0.5672
4.1745,0.55531
3.9616,0.5679
4.3396,0.54348
4.0475,0.56201
3.9882,0.56824
3.96,0.56682
3.964,0.56961
4.0536,0.56383
3.7377,0.58384
3.7888,0.58017
4.2948,0.54859
4.0507,0.56411
4.0297,0.5659
4.0751,0.562
4.1568,0.5578
3.7306,0.58344
3.9949,0.56537
3.9361,0.57029
4.1899,0.55554
3.8149,0.57947
3.8658,0.57736
3.8096,0.5791
3.7701,0.58269
3.9035,0.57409
3.6582,0.58906
3.9983,0.56605
3.7531,0.58101
4.1321,0.5563
3.9529,0.56788
4.2438,0.54821
4.1634,0.5527
4.117,0.55608
3.4993,0.59442
3.6893,0.58321
3.5425,0.592
3.3601,0.60279
3.6663,0.58117
3.6887,0.57969
2.4299,0.67953
3.4934,0.59476
4.4354,0.53629
3.5575,0.59133
3.9189,0.56705
3.979,0.56368
4.1773,0.55143
3.7831,0.57475
4.3346,0.54179
3.7443,0.58226
4.0997,0.55421
3.8347,0.57232
4.0045,0.56301
3.7123,0.58507
3.8921,0.5707
3.7573,0.57677
4.1103,0.55591
3.8746,0.57182
4.2043,0.54949
4.114,0.55664
3.9491,0.56606
4.1746,0.55285
3.9268,0.57068
4.065,0.55848
4.011,0.56262
4.2592,0.5455
4.4783,0.53242
4.3724,0.53882
4.3921,0.5376
4.3485,0.54151
3.8188,0.57583
3.934,0.57478
4.0201,0.56319
3.7664,0.5837
3.9996,0.5691
4.0776,0.56286
4.0491,0.56478
4.0073,0.56658
4.1032,0.55515
4.1274,0.55304
4.0068,0.55948
3.978,0.5618
3.9206,0.56422
4.3309,0.53884
4.2644,0.54413
4.0069,0.5603
4.3034,0.54555
4.1045,0.55846
4.4224,0.53974
3.9857,0.56263
4.1461,0.55218
4.1419,0.55804
4.1526,0.55945
3.9942,0.56878
3.9608,0.57095
3.8949,0.57418
3.8647,0.57594
3.9112,0.57125
3.9054,0.57341
3.9064,0.57472
3.7913,0.58027
4.0305,0.56399
3.7122,0.58514
4.1028,0.56076
1.9115,0.74054
3.7853,0.58088
3.9371,0.56633
4.0536,0.55829
4.2107,0.54984
4.214,0.55138
4.1522,0.55392
4.2657,0.54812
4.0678,0.56032
4.143,0.55708
4.098,0.55804
4.0465,0.56009
3.815,0.57519
4.257,0.5475
3.7172,0.5809
3.9449,0.56617
3.728,0.57999
3.8232,0.5722
4.0514,0.55726
4.2382,0.54635
4.2443,0.54688
4.2275,0.54745
4.23,0.54656
4.021,0.5586
3.875,0.56965
4.0849,0.55644
4.2301,0.55417
4.0236,0.5651
4.2196,0.55502
4.0262,0.5643
4.056,0.5652
2.2873,0.69794
2.1169,0.71386
2.3225,0.68949
2.3061,0.69191
2.1738,0.70202
2.2588,0.69317
2.2067,0.69987
3.8793,0.57298
3.8256,0.57612
3.996,0.5646
3.8375,0.57011
3.6819,0.58246
4.087,0.55608
3.9481,0.56949
4.0205,0.56483
3.8074,0.57289
4.1698,0.5567
3.802,0.5765
3.79,0.57647
3.8521,0.57712
4.2039,0.55406
4.2351,0.55244
4.0458,0.56347
4.1955,0.5547
3.9847,0.5685
4.1482,0.55855
4.4235,0.54284
4.1529,0.5579
4.3135,0.54817
4.0563,0.56469
4.0331,0.56659
4.0504,0.5602
4.0878,0.55882
4.0283,0.56095
4.4028,0.53527
3.9252,0.56746
4.2652,0.54575
4.2974,0.54278
4.1145,0.55514
4.2281,0.5476
4.3019,0.54291
4.6428,0.52353
4.3707,0.54046
4.1831,0.5522
3.8676,0.5713
4.2718,0.54735
4.111,0.55733
4.3804,0.54167
4.2888,0.54643
4.3846,0.54228
4.3765,0.53892
4.58,0.5289
4.6146,0.52485
4.3878,0.53726
4.1819,0.55587
4.0292,0.56453
3.7226,0.58464
3.7817,0.58109
4.1871,0.55477
4.0911,0.56106
4.2774,0.544
3.96,0.57062
4.2778,0.55232
4.1813,0.55784
4.2181,0.55587
4.0228,0.56788
4.1067,0.56208
3.908,0.56975
4.0667,0.55915
3.8076,0.57587
3.9837,0.56227
4.2152,0.54771
3.7806,0.57549
4.3944,0.53633
4.0129,0.5613
4.3037,0.54359
4.1263,0.55355
4.2998,0.54449
4.1375,0.55312
3.9934,0.56375
3.7274,0.58151
4.0977,0.55544
4.5618,0.52856
3.8982,0.56967
4.2356,0.54804
4.1397,0.55382
3.9804,0.56999
4.0754,0.55819
3.8744,0.56839
4.1107,0.55516
3.7432,0.57881
4.1932,0.55114
4.1197,0.55397
4.2716,0.54495
3.7186,0.58681
4.2724,0.54399
4.115,0.5603
4.1317,0.55979
4.0266,0.56776
2.3608,0.69037
4.0551,0.56614
4.222,0.55552
4.0426,0.5604
3.7982,0.58129
2.5116,0.67427
4.1095,0.56132
2.7141,0.66554
3.8977,0.57608
2.4619,0.68941
2.4982,0.68533
4.1266,0.56351
2.4774,0.68807
2.7872,0.65853
2.707,0.66551
2.6797,0.66852
4.2774,0.54728
4.4511,0.53838
4.3992,0.54148
3.7989,0.58083
4.5797,0.53104
3.9588,0.56844
4.2146,0.55351
4.0149,0.56596
4.0118,0.56756
3.9953,0.56817
3.9019,0.5775
4.271,0.55392
1.8754,0.74293
3.8603,0.57553
3.8613,0.57559
4.1463,0.56233
3.9873,0.57181
4.042,0.56168
3.8718,0.57312
3.7521,0.58024
3.8703,0.57332
4.2685,0.55299
4.2384,0.55166
4.0406,0.56823
3.939,0.57694
3.852,0.58256
4.1095,0.56453
3.9535,0.57568
4.1238,0.56619
4.0266,0.57113
4.191,0.56011
4.3322,0.55239
3.9953,0.57219
4.1924,0.55957
4.2322,0.5573
4.3405,0.55149
4.1403,0.5613
3.679,0.58997
3.5053,0.60027
4.0794,0.56637
4.1627,0.56151
3.4694,0.60703
3.8927,0.57697
4.0834,0.568
3.9096,0.57589
3.7929,0.58259
3.9675,0.57044
3.9067,0.57422
2.317,0.70076
4.4662,0.54213
4.3477,0.54884
4.1183,0.5681
3.8684,0.58483
4.4213,0.54908
4.0166,0.57575
4.3648,0.55416
4.3513,0.55098
4.0282,0.57026
4.0858,0.57053
3.9987,0.57639
4.2654,0.55636
4.0077,0.57144
4.4339,0.54536
4.4255,0.54522
3.9711,0.574
3.9329,0.58255
3.7701,0.58659
4.5211,0.54365
4.2387,0.55943
4.1168,0.57354
4.101,0.5745
1.8678,0.75091
3.8772,0.58667
3.6353,0.60419
3.9535,0.58213
3.9617,0.58118
4.153,0.56842
4.063,0.57485
3.9628,0.58126
4.0389,0.57703
4.0935,0.57412
4.3796,0.55761
4.1639,0.57085
4.2051,0.56798
3.7558,0.59528
3.8608,0.59044
3.7252,0.59617
3.9507,0.58335
3.9215,0.58628
3.9451,0.58466
4.0309,0.57858
3.6182,0.60323
4.1232,0.57217
3.7795,0.59778
3.7998,0.59206
3.9882,0.58195
3.7514,0.59862
3.7975,0.59659
3.8925,0.59024
3.7767,0.59849
3.9122,0.58537
3.8318,0.58942
3.9752,0.58165
4.0812,0.57453
3.8899,0.58746
3.8216,0.59074
4.0141,0.5805
3.7685,0.59538
4.0559,0.57685
4.0499,0.57672
3.788,0.59754
4.1574,0.57104
4.0755,0.57681
4.0247,0.57998
3.9577,0.58371
4.066,0.57743
4.0865,0.57649
4.124,0.57367
3.8775,0.59337
4.4751,0.5523
3.9102,0.5866
3.9203,0.58664
3.8712,0.59203
3.8307,0.59497
4.0288,0.57938
4.0134,0.5813
4.0576,0.57906
4.0354,0.5801
3.8538,0.59234
3.957,0.58558
3.9299,0.58836
4.1188,0.57758
3.975,0.58717
4.1248,0.58234
4.4258,0.56051
4.3901,0.56524
4.3363,0.56867
4.3717,0.56236
4.2025,0.57459
4.1566,0.57828
4.2725,0.5682
4.25,0.5689
4.0973,0.57873
4.3594,0.56247
1.8632,0.76278
2.1991,0.72875
2.2221,0.72661
2.025,0.7418
2.0819,0.73527
2.143,0.73116
1.9513,0.74994
2.4612,0.70045
2.115,0.73094
2.059,0.73802
2.1274,0.72935
1.9965,0.74682
3.9292,0.59259
3.8608,0.59784
4.0762,0.58443
3.9003,0.596
3.9589,0.59541
2.5074,0.70712
2.5013,0.70865
2.642,0.69521
3.9307,0.5936
2.2888,0.73154
4.0076,0.59031
4.1935,0.57804
1.9378,0.75714
4.1149,0.58611
4.4309,0.56712
3.8872,0.59956
3.982,0.59201
4.047,0.59098
4.0298,0.59135
4.1031,0.58473
4.249,0.57834
2.8648,0.67964
3.8521,0.60548
4.0895,0.59013
4.1804,0.58583
4.1442,0.58767
4.1411,0.5889
2.3776,0.72316
4.2964,0.57929
3.903,0.60329
3.9635,0.5985
4.0982,0.59079
4.2018,0.58401
4.1723,0.58577
2.3261,0.72125
2.5798,0.70393
4.1182,0.58659
4.1651,0.58691
4.2064,0.58437
4.199,0.5843
4.1811,0.58621
3.9158,0.60404
4.0578,0.59473
4.0033,0.59843
4.0667,0.59584
3.7895,0.61416
4.0745,0.59477
4.0357,0.5975
4.2189,0.58415
2.6854,0.69796
4.0767,0.59098
4.0265,0.59424
3.933,0.60094
4.0617,0.59265
3.9439,0.60261
3.7676,0.61556
3.9807,0.59827
3.7869,0.6116
3.8437,0.60853
4.1155,0.59058
3.7245,0.62117
4.16,0.59068
3.8715,0.60828
4.2208,0.58755
4.0897,0.59475
4.2409,0.5865
4.1221,0.59254
3.913,0.60774
4.2654,0.5855
4.0882,0.59558
4.2258,0.58735
4.2168,0.58778
3.9325,0.60619
4.2565,0.58584
4.2852,0.58566
3.8074,0.61478
3.8984,0.60944
3.993,0.60318
1.9576,0.7689
4.0625,0.59942
3.964,0.60517
3.9235,0.60764
3.9916,0.60401
1.9718,0.76727
4.0591,0.59776
4.0669,0.59798
2.2041,0.74171
2.1596,0.74645
3.9366,0.60739
3.8428,0.61421
4.221,0.59121
2.1719,0.74702
2.5764,0.71656
3.9289,0.61123
4.0255,0.60308
4.2354,0.5898
4.075,0.60084
4.1733,0.59428
2.7318,0.6978
4.233,0.59072
4.3453,0.58279
4.1488,0.59447
4.2212,0.58999
4.2242,0.59072
4.2495,0.58902
4.1004,0.59874
2.2604,0.73681
4.4071,0.58163
2.0261,0.76474
1.9327,0.77275
2.6594,0.70869
1.9714,0.7706
1.9012,0.78013
1.9138,0.77591
2.7415,0.70253
3.9943,0.60649
4.4051,0.5812
1.9633,0.77152
4.0129,0.60528
4.0733,0.60586
4.1562,0.59736
2.6708,0.7066
4.2805,0.59014
4.025,0.60581
3.9388,0.61089
4.1364,0.59979
4.0889,0.60306
4.3854,0.58505
4.1526,0.59866
2.7627,0.70143
4.1548,0.59896
4.0913,0.60287
4.3554,0.58561
2.928,0.68926
2.4079,0.72559
4.0212,0.60625
2.5014,0.71589
4.143,0.6012
4.3031,0.5916
4.464,0.58017
4.6148,0.57076
4.3934,0.58326
4.1682,0.60147
4.2982,0.59395
3.7357,0.62952
2.7647,0.70616
3.7111,0.63013
3.8305,0.62209
3.7504,0.62819
3.9628,0.61306
3.7719,0.62776
3.782,0.62708
3.9067,0.61829
3.9891,0.61704
3.8304,0.62361
4.1175,0.60881
3.9877,0.61367
4.1949,0.60134
3.9361,0.61773
4.0338,0.61015
4.1823,0.60136
4.0297,0.61269
4.6777,0.58336
3.8219,0.62738
3.9795,0.61831
4.026,0.61496
3.7722,0.62898
4.1007,0.6082
3.5045,0.65186
3.6427,0.64151
3.6395,0.64124
3.4447,0.65564
3.7146,0.6356
4.0983,0.61004
4.3782,0.59315
3.9875,0.61784
3.7622,0.63294
3.6956,0.63499
3.5264,0.64956
3.802,0.63106
2.1168,0.76409
1.926,0.78378
2.6037,0.72424
4.0009,0.61551
1.8369,0.79703
2.2527,0.75206
4.272,0.60034
3.9255,0.62531
3.9872,0.61797
3.8711,0.62562
3.7977,0.63506
3.9015,0.62792
3.8647,0.62805
3.8511,0.62845
4.077,0.61171
4.1322,0.61055
4.161,0.60857
3.824,0.63308
3.9564,0.6232
3.9684,0.62147
3.9178,0.62453
3.9958,0.61927
3.8661,0.62882
3.6845,0.64114
3.9143,0.62457
3.955,0.62181
3.8987,0.62613
2.6572,0.72191
3.9049,0.6251
2.5104,0.73575
2.505,0.73677
2.6073,0.72787
2.5218,0.73552
2.405,0.74828
3.7722,0.63867
3.9853,0.62141
2.4561,0.73621
1.8439,0.80096
4.3171,0.60481
3.9699,0.62726
4.1844,0.61067
3.8936,0.63335
2.2058,0.76268
2.5826,0.73594
3.7421,0.64416
2.0573,0.78125
3.8802,0.63501
3.6697,0.65023
3.3681,0.66883
3.7724,0.64202
3.762,0.64061
3.9067,0.63239
2.0259,0.78125
3.8698,0.63164
3.7038,0.64612
3.8102,0.6385
3.7364,0.64523
3.8993,0.63053
2.5742,0.73812
3.9232,0.63089
3.5742,0.65492
2.9538,0.69632
2.7988,0.70943
4.543,0.597
4.2838,0.61174
4.6717,0.58954
4.4362,0.60273
2.8317,0.70756
4.3144,0.60927
4.2374,0.61432
4.1381,0.62014
4.3101,0.60775
4.4066,0.60341
4.343,0.60464
2.361,0.74872
4.3712,0.60707
2.2868,0.7572
2.1864,0.7702
2.266,0.76064
2.1656,0.7726
2.2004,0.76768
4.0425,0.62929
2.0661,0.78569
2.1303,0.77564
3.8121,0.64431
3.6799,0.65076
3.4581,0.66687
4.0354,0.62535
2.6802,0.73121
4.0436,0.62604
2.6473,0.73529
3.7312,0.64786
2.6816,0.73252
3.7364,0.6473
2.5538,0.74556
3.5961,0.657
4.293,0.61372
4.3055,0.61272
4.0283,0.6304
4.2773,0.61422
3.9753,0.63508
3.7982,0.64643
3.9752,0.63391
4.048,0.62941
3.98,0.6341
3.9172,0.63889
3.9865,0.63444
4.0735,0.62874
4.2658,0.61494
2.2217,0.76645
3.8967,0.64139
4.0829,0.63002
4.307,0.61488
2.029,0.78902
4.178,0.62077
2.2912,0.76303
4.0133,0.63424
2.3513,0.75597
2.3672,0.75295
2.3125,0.76034
3.7824,0.64929
2.2239,0.76813
3.8731,0.64079
3.982,0.63689
4.1896,0.62418
4.0706,0.62985
3.361,0.67718
2.3435,0.76112
4.1283,0.62867
4.1993,0.62379
4.1771,0.6255
2.3019,0.76063
3.6659,0.65763
3.7999,0.64889
2.7139,0.73115
4.0236,0.63227
2.0246,0.7928
3.7942,0.6477
3.8101,0.64632
2.7455,0.73116
3.528,0.66945
3.8387,0.64599
2.7951,0.72722
3.6516,0.66132
3.6656,0.6596
3.8361,0.64687
4.1002,0.62927
3.831,0.64634
2.8506,0.71454
2.7676,0.72553
4.0258,0.63578
2.2477,0.77194
4.2286,0.62248
3.6712,0.65964
3.6919,0.65821
3.9065,0.64323
3.8116,0.64193
4.2725,0.61818
4.0652,0.62994
3.9319,0.64454
4.3318,0.61922
4.6511,0.60038
4.2327,0.62606
4.3518,0.6188
2.1562,0.77994
4.1698,0.62992
2.0702,0.79225
4.2779,0.62364
2.0399,0.79381
1.9304,0.80735
2.154,0.78071
2.0839,0.79154
2.0036,0.79893
1.9263,0.80943
2.0852,0.79144
1.8848,0.81249
2.1963,0.78329
1.8329,0.82053
2.0077,0.79896
1.95,0.80408
2.7369,0.73307
2.5777,0.74842
2.7436,0.73221
2.1277,0.78628
2.1827,0.7798
2.0596,0.79014
2.536,0.75142
1.9167,0.81308
1.9513,0.80823
2.4923,0.75621
2.6991,0.73629
2.1657,0.78346
1.9549,0.80578
2.0169,0.79968
2.0977,0.78997
1.9396,0.80785
2.0356,0.79661
1.9691,0.80366
2.2162,0.78077
2.0281,0.79662
1.9011,0.81242
2.1748,0.78114
2.0613,0.79192
2.1305,0.78304
3.8436,0.65384
3.9964,0.64306
3.5795,0.6686
4.0175,0.64117
3.9263,0.64797
4.1554,0.63264
3.9986,0.64367
4.1678,0.62961
4.1851,0.62771
4.0394,0.63998
3.979,0.64192
4.0471,0.64002
2.0925,0.79253
2.0945,0.78777
4.3186,0.62103
2.6519,0.73947
4.0617,0.63925
4.3434,0.62012
4.0451,0.64126
3.9723,0.64366
4.2542,0.62561
4.4289,0.61763
4.1647,0.63081
4.3428,0.61977
1.8529,0.82215
2.1226,0.78771
1.952,0.81309
2.2478,0.7769
2.3055,0.77018
2.0326,0.80285
2.2236,0.77938
2.0611,0.79977
4.244,0.6258
2.222,0.78027
2.235,0.77807
2.1605,0.78642
4.3018,0.62699
4.388,0.621
4.1825,0.62982
3.6651,0.66577
4.211,0.63259
4.0397,0.63942
4.2727,0.62731
4.3601,0.62274
4.3648,0.62267
4.5641,0.61106
4.1935,0.63392
3.9929,0.64696
2.1267,0.79132
2.0933,0.79653
3.839,0.65534
2.4728,0.76387
2.6259,0.74865
4.3257,0.62514
2.5935,0.75189
3.9434,0.64928
2.5387,0.75744
3.9738,0.64717
4.2705,0.62695
4.2021,0.63089
4.019,0.64481
2.0461,0.80101
2.2725,0.77463
1.918,0.81532
2.2516,0.7781
1.8521,0.82279
3.841,0.65662
4.0707,0.6401
2.0423,0.80378
2.1155,0.79399
2.532,0.75894
2.1004,0.79297
2.1653,0.78787
2.1969,0.78471
2.146,0.79079
2.2186,0.78253
2.2706,0.77578
2.2768,0.77582
2.2137,0.78297
2.5744,0.75427
2.2074,0.78341
2.2271,0.78065
4.4118,0.61978
2.3482,0.76833
1.9053,0.81942
2.7579,0.7406
3.7299,0.66225
4.2144,0.63398
4.0487,0.64371
4.0787,0.64249
3.9845,0.64848
2.6944,0.74764
3.9683,0.64884
2.787,0.73938
3.926,0.65445
4.0504,0.64331
4.0724,0.64346
2.4166,0.7658
3.8947,0.65621
2.2267,0.78315
3.9949,0.64794
4.1229,0.64004
3.9422,0.65154
4.3778,0.62435
4.135,0.63834
2.2199,0.7831
2.173,0.78907
2.8634,0.73262
2.8026,0.73779
4.3434,0.62596
4.0254,0.64861
4.3011,0.63085
4.0034,0.6506
4.3471,0.62797
4.0375,0.6494
4.05,0.64835
4.1338,0.64139
4.2317,0.63714
4.2622,0.63469
4.4051,0.62662
1.8339,0.8283
1.9499,0.81576
2.0175,0.80351
3.8924,0.6556
4.4547,0.62015
3.9504,0.65196
2.6727,0.74925
4.1103,0.64057
4.1846,0.63461
1.9039,0.81775
2.6577,0.75044
2.6496,0.75206
2.2023,0.78746
4.0651,0.64333
3.9556,0.65163
4.2461,0.63181
4.023,0.65051
4.4463,0.62406
4.3635,0.62829
3.9431,0.65647
4.0129,0.65258
4.1073,0.64692
4.1831,0.64195
4.5933,0.61411
2.1162,0.79391
2.1949,0.78847
2.2317,0.7861
2.3235,0.77125
2.1576,0.79251
2.2841,0.77692
2.1257,0.79633
2.2333,0.78177
2.1415,0.79241
2.3113,0.77567
4.4642,0.62043
2.185,0.78728
2.6669,0.75261
2.6299,0.75655
2.8157,0.73909
4.0775,0.64616
2.8182,0.73996
2.3939,0.77095
4.0536,0.6467
4.0206,0.6494
3.8885,0.65916
3.9268,0.65596
4.243,0.63833
3.7697,0.66806
3.0054,0.72203
2.2944,0.78331
2.9504,0.72792
2.3207,0.77778
1.9575,0.81472
4.021,0.65166
2.1349,0.79452
2.0956,0.79731
2.0334,0.80533
2.2412,0.78836
2.163,0.79996
2.2838,0.78237
2.5333,0.76721
2.652,0.75586
2.5057,0.7602
2.4975,0.76138
2.6305,0.74881
2.694,0.75381
2.7794,0.74455
2.7072,0.75257
2.7249,0.74985
2.6515,0.75664
2.6434,0.75807
2.5988,0.76054
2.8144,0.7418
4.207,0.63895
4.3721,0.62788
4.1861,0.64025
4.0912,0.6478
4.092,0.64741
2.7438,0.74859
4.1648,0.64493
4.0904,0.64771
4.1661,0.64591
4.2373,0.64179
2.9181,0.73307
2.7021,0.7525
2.8626,0.73784
3.9046,0.6579
3.9292,0.65622
