27.119,0.3168
25.365,0.33792
25.966,0.33371
27.427,0.30991
25.072,0.34118
28.679,0.29501
37.271,0.2269
29.468,0.28296
24.599,0.3505
28.435,0.29429
27.031,0.31374
28.034,0.30101
24.196,0.35111
26.698,0.31482
26.58,0.31644
25.347,0.33526
26.805,0.31438
27.45,0.30591
26.313,0.32004
27.457,0.30598
26.724,0.3156
25.644,0.33074
26.379,0.3201
24.486,0.34791
28.854,0.28851
26.993,0.31213
26.573,0.31892
26.558,0.32034
26.401,0.32259
27.191,0.31137
22.6,0.37779
26.303,0.32402
27.416,0.30606
27.376,0.30798
27.164,0.3099
24.108,0.35333
38.886,0.21317
19.58,0.4315
24.988,0.34143
19.707,0.42884
20.642,0.41266
22.667,0.37867
24.457,0.35111
24.768,0.3411
23.815,0.35797
27.296,0.30704
23.226,0.36657
24.16,0.35165
22.852,0.37505
23.424,0.36581
21.808,0.39035
24.099,0.35519
20.733,0.40874
21.085,0.40201
21.364,0.39977
22.769,0.37565
23.072,0.37333
20.132,0.41873
31.013,0.298
20.631,0.4092
21.275,0.39795
21.545,0.39028
20.577,0.40946
21.278,0.39569
20.242,0.41685
19.886,0.42059
19.469,0.42763
18.987,0.43637
17.174,0.47206
18.56,0.44158
17.639,0.46003
15.624,0.50468
19.592,0.42477
19.794,0.41863
30.877,0.29923
19.602,0.42305
18.887,0.43547
20.033,0.41443
18.747,0.43636
18.957,0.43473
15.904,0.49737
25.728,0.36569
19.636,0.41837
19.264,0.42386
15.097,0.51125
14.932,0.51483
17.13,0.46675
14.983,0.51231
15.554,0.49996
16.033,0.48802
15.24,0.50429
15.743,0.493
13.843,0.53834
16.555,0.4693
14.408,0.522
15.37,0.49962
15.616,0.49367
15.36,0.49842
15.528,0.49269
13.903,0.5338
15.44,0.49663
15.168,0.50114
14.856,0.50799
14.395,0.52006
13.474,0.54139
13.382,0.54365
12.163,0.57898
12.149,0.57702
12.252,0.5739
12.077,0.57962
11.988,0.5804
11.727,0.58929
11.492,0.59456
12.359,0.56875
15.079,0.50576
11.709,0.58377
11.778,0.58025
12.279,0.56839
11.478,0.59182
10.615,0.61769
10.307,0.62366
10.267,0.62434
10.135,0.62619
10.216,0.62574
9.4389,0.65207
9.5941,0.64507
8.9462,0.66763
9.7497,0.63771
9.4345,0.64833
8.9092,0.66739
8.8,0.67129
9.2114,0.65402
10.686,0.60572
10.375,0.61373
10.216,0.61863
9.7999,0.63287
9.9937,0.62611
9.0971,0.65691
8.8917,0.66408
9.0928,0.65718
8.3604,0.68389
8.4416,0.67929
8.2778,0.68577
8.1537,0.68948
9.075,0.64977
9.1586,0.64605
9.0519,0.6493
9.1451,0.64452
8.3041,0.67857
8.3693,0.6744
8.5104,0.66744
7.4555,0.7142
7.6468,0.70404
7.9747,0.68987
7.6051,0.70321
7.7808,0.69588
7.9395,0.68325
7.85,0.69014
7.7533,0.69348
8.2734,0.67116
7.4328,0.70614
7.4331,0.70458
7.5041,0.70063
7.8047,0.68505
7.5607,0.69469
7.1049,0.71615
7.7689,0.68712
6.9677,0.72117
7.3455,0.7027
7.1686,0.70872
6.8066,0.72598
7.1915,0.70489
7.0752,0.70936
7.2773,0.69941
7.1023,0.70697
7.4347,0.6908
6.6204,0.72758
6.7104,0.72128
6.9499,0.70711
6.7823,0.7168
6.0866,0.75405
5.9332,0.76084
5.8398,0.76776
6.1856,0.74364
5.9758,0.75492
5.5004,0.78233
5.567,0.7768
5.6964,0.7695
5.7055,0.77006
5.6837,0.76467
6.2455,0.73588
5.9678,0.75182
5.801,0.75839
5.6464,0.7667
5.925,0.74804
5.7771,0.75549
5.718,0.75817
5.6945,0.75573
5.9996,0.73728
5.8287,0.74347
5.7254,0.75251
5.8352,0.74024
5.8924,0.74062
5.8125,0.74084
5.5399,0.76039
5.4776,0.76106
5.2184,0.77469
5.3096,0.77041
5.5871,0.75144
5.1349,0.7742
4.8429,0.79243
5.5692,0.7495
5.4307,0.75646
5.0331,0.77531
5.2074,0.76618
5.239,0.76434
5.3497,0.75423
4.978,0.77643
4.7355,0.79332
4.5532,0.803
4.7066,0.79354
4.5185,0.80297
4.497,0.80375
4.3511,0.81603
4.605,0.7948
4.3569,0.80965
4.2879,0.81625
4.4074,0.80742
4.4434,0.80047
4.3427,0.80764
4.3924,0.80368
4.2815,0.80926
4.2134,0.81309
4.1904,0.81274
4.1405,0.81698
3.9315,0.83558
3.7114,0.8493
3.9198,0.83234
3.7863,0.83739
3.5284,0.85915
3.9035,0.82623
3.808,0.83175
3.4834,0.85886
3.1658,0.88554
3.0124,0.90175
3.2241,0.8794
2.9668,0.90589
3.0638,0.89346
2.8616,0.91247
2.6589,0.93795
2.6961,0.93314
2.9923,0.89854
2.4218,0.96555
2.8068,0.91782
2.1673,0.99538
2.6676,0.93517
2.8073,0.91239
3.0543,0.88767
2.7749,0.91699
2.7562,0.91718
2.93,0.89895
2.7802,0.91104
2.5774,0.93568
2.7832,0.91236
2.6544,0.92632
2.2579,0.97439
2.4349,0.95058
2.1381,0.98962
2.1236,0.9891
2.0332,1.0034
2.0115,1.0058
2.0285,1.0025
2.0186,1.0028
1.9799,1.0078
1.9549,1.0121
2.0078,1.0027
1.9528,1.0088
2.0032,1.0045
1.9537,1.0102
1.9059,1.02
1.9944,1
1.8641,1.0221
2.0402,0.99431
2.0936,0.98589
2.1045,0.98382
2.0072,0.99758
2.0619,0.99138
1.9057,1.0126
2.1202,0.97537
2.3288,0.95606
1.9282,1.005
2.2321,0.96937
2.0189,0.9974
1.9436,1.0019
2.3701,0.94764
2.1392,0.97571
2.1467,0.97404
2.0937,0.98289
2.1819,0.96723
2.0188,0.98714
1.8704,1.0074
2.0181,0.98757
2.1101,0.97305
2.1332,0.96975
1.9542,0.99628
2.0091,0.98514
2.0237,0.98241
1.9858,0.9883
2.0653,0.97572
1.8671,1.0075
1.8786,1.0052
1.8744,1.0055
1.9138,1.0028
1.7879,1.0189
1.7907,1.0181
1.7192,1.0293
1.8353,1.0089
1.7487,1.0229
2.0168,0.98511
2.181,0.96517
1.7563,1.0223
1.8893,1.0032
1.9975,0.98772
1.7453,1.0182
2.198,0.96497
2.0745,0.97784
1.8582,1.01
1.8469,1.0114
1.5818,1.0449
1.5992,1.0437
1.5072,1.0616
1.5904,1.0444
1.6815,1.0297
1.9253,0.99177
1.7998,1.0114
1.8615,0.99978
2.4093,0.93282
2.0508,0.97634
2.1369,0.96532
2.1545,0.96262
1.823,1.0094
1.9516,0.98871
1.8925,0.99591
1.8298,1.0064
1.7904,1.0103
1.8119,1.0096
1.8465,1.0017
1.8531,1.0011
1.7176,1.026
1.7507,1.0178
1.9129,0.99097
1.8688,0.99916
1.9238,0.99053
1.9147,0.99173
1.9542,0.98257
1.8365,1.0005
2.044,0.97019
2.0615,0.96619
1.9915,0.97487
1.9841,0.97604
1.6447,1.0303
1.9136,0.98645
1.6992,1.0203
1.7525,1.0097
1.621,1.034
1.4909,1.0542
1.504,1.0517
1.5794,1.0379
1.4783,1.0595
1.6079,1.0334
1.5074,1.0525
1.6061,1.0357
1.5027,1.0551
1.8992,0.98651
1.8806,0.98914
1.8303,0.99712
1.7097,1.0177
1.6865,1.0193
1.8188,0.99874
1.7666,1.0085
1.7423,1.0137
1.8532,0.99194
1.7334,1.0115
1.6855,1.02
1.5954,1.0347
1.7523,1.0075
1.7013,1.0202
1.5239,1.0453
1.7252,1.0113
1.7161,1.0136
1.7843,1.003
1.6646,1.0216
1.6461,1.0249
1.7452,1.0097
1.5355,1.0462
1.5469,1.0439
1.9148,0.9844
1.7967,1.0016
1.7346,1.009
1.6157,1.0321
1.65,1.0267
1.8058,1.0015
1.6273,1.033
1.7489,1.0087
1.8608,0.99104
1.7648,1.0068
1.8057,0.9988
1.6797,1.0244
1.5854,1.0344
1.802,0.9987
1.7167,1.0108
1.8117,0.99785
1.6015,1.0296
1.6736,1.0186
1.63,1.029
1.9123,0.98127
1.7591,1.0015
1.7881,1
1.7203,1.0087
1.7962,0.99971
1.8249,0.99296
1.778,1.0011
1.559,1.0369
1.9409,0.97611
1.6769,1.0234
1.9756,0.96889
1.7928,0.99936
1.7725,1.0017
1.7919,0.99578
1.8023,0.99325
1.8411,0.99053
1.8793,0.98303
1.3452,1.0769
1.4517,1.0583
1.781,1.0001
1.7653,1.0034
1.6706,1.0182
1.7363,1.0038
1.4467,1.0559
1.7981,0.99927
1.9621,0.97051
1.6987,1.0129
1.6441,1.0219
1.4649,1.0508
1.5897,1.0356
1.6564,1.0248
1.8054,0.99808
1.7998,0.99859
1.6785,1.0175
1.8116,0.99789
1.6748,1.0185
1.8429,0.99139
1.745,1.0079
1.8333,0.99307
1.8706,0.98626
1.9083,0.98211
1.7597,1.003
1.8563,0.99112
1.475,1.0525
1.5615,1.0382
1.7929,0.99661
1.8762,0.98206
1.7631,1.001
1.8203,0.99285
1.6106,1.0239
1.593,1.0324
1.6327,1.0209
1.5986,1.027
1.8502,0.9886
1.9394,0.97201
1.8373,0.98866
1.6871,1.016
1.702,1.0131
1.6753,1.02
1.9321,0.97624
1.9015,0.97925
1.8768,0.9803
1.4485,1.0523
1.8302,0.9906
1.8302,0.9935
1.8554,0.98143
1.755,0.99716
1.7683,0.99618
1.6968,1.0106
1.9368,0.97101
1.8315,0.98718
1.8149,0.9895
1.6243,1.0236
1.9362,0.97511
2.0179,0.9636
2.1731,0.9406
1.9386,0.97527
1.8103,0.99201
1.9606,0.96697
1.9155,0.97073
1.6352,1.0195
1.8177,0.98814
1.7165,1.0039
1.9455,0.96611
2.001,0.95827
1.9724,0.96217
2.0609,0.9536
1.9308,0.96981
1.9012,0.97796
1.4309,1.0576
1.6721,1.0139
1.9315,0.97384
1.9296,0.97561
1.6629,1.0176
1.5495,1.0345
1.5701,1.0334
1.7801,1.001
1.8111,0.99253
1.8059,0.99244
1.8151,0.99172
1.8119,0.99217
1.5123,1.0463
1.6432,1.0189
1.5519,1.0333
1.7107,1.0073
1.5118,1.0452
1.6445,1.0212
1.8203,0.98895
1.6353,1.0204
1.6536,1.0186
1.5326,1.0348
1.697,1.0075
1.7619,0.99905
1.8408,0.98289
1.6532,1.0178
1.9097,0.97408
1.6165,1.0213
1.7091,1.0027
1.644,1.0125
1.6621,1.0108
1.7929,0.98941
1.8192,0.98413
1.7282,1.0003
1.8045,0.98686
1.708,1.006
1.705,1.0044
1.7002,1.0067
1.635,1.0202
1.7044,1.0071
1.8284,0.98838
1.8988,0.97724
1.6826,1.0126
1.6709,1.015
1.7888,0.99465
1.8144,0.98907
1.66,1.0153
1.8647,0.98355
1.5501,1.0408
1.8423,0.98889
1.7476,1.0028
1.8156,0.99122
1.6015,1.0289
1.6351,1.0216
1.8543,0.9845
1.7604,0.99998
1.7123,1.0078
1.7903,0.99228
1.818,0.9884
1.8167,0.98921
1.7874,0.99266
1.9413,0.96935
1.881,0.97801
1.8183,0.98757
1.9156,0.97279
1.7186,1.0013
1.7367,1.0006
1.6821,1.0097
1.5482,1.0322
1.6454,1.0166
1.8146,0.98769
1.7976,0.99158
1.9332,0.97254
1.9254,0.97841
1.8082,0.99175
1.9037,0.97858
1.8604,0.9836
1.8272,0.98804
1.7845,0.99544
1.6463,1.0184
1.9496,0.97142
1.7929,0.99124
1.8971,0.97291
1.8576,0.98237
1.9127,0.97601
1.7292,1.0079
2.0879,0.94744
1.9351,0.97086
1.8391,0.98455
1.8008,0.99152
1.7466,0.99963
1.7849,0.99473
1.8405,0.98492
1.8433,0.98581
1.9403,0.96838
1.7503,0.99424
1.3345,1.0735
1.6869,1.0095
1.687,1.0101
1.7161,1.0045
1.8507,0.98521
1.8054,0.98841
1.8589,0.98152
1.6182,1.0219
1.9038,0.97536
1.7532,0.99885
1.7035,1.0085
1.7725,0.99573
1.797,0.98938
1.749,0.99915
1.8212,0.98477
1.7028,1.0062
1.7768,0.99422
1.7253,1.0015
1.736,0.99917
1.6434,1.0153
1.7156,1.0015
1.7175,1.0004
1.7081,1.0021
1.7556,0.99693
2.0546,0.95051
1.8996,0.96928
1.883,0.97717
1.6552,1.0123
1.678,1.0111
1.8983,0.97696
1.6611,1.014
1.7395,1.0013
1.7449,1.0015
1.8635,0.98103
1.8802,0.97933
1.8113,0.98688
1.9057,0.97685
1.8571,0.98323
1.9487,0.96989
1.8931,0.97671
1.9051,0.9743
1.6443,1.0201
1.7654,0.99823
1.7484,1.0013
1.7515,1.0007
1.8453,0.98434
1.8199,0.9843
1.7042,1.0024
1.7292,1.0001
1.8002,0.98894
1.8153,0.98564
1.8462,0.97951
1.8434,0.97927
1.9661,0.96231
1.8971,0.97017
1.7549,0.99699
1.7378,1.0002
1.9024,0.97396
1.8586,0.98105
1.8621,0.97796
1.7274,0.99973
1.9602,0.96402
1.8931,0.97195
1.7684,0.99198
1.7573,0.99669
1.7926,0.99075
1.8063,0.98791
1.5783,1.0289
1.8016,0.99463
1.7045,1.0103
1.7827,0.99475
1.8215,0.98892
1.8671,0.98424
1.8001,0.98672
1.8121,0.98535
1.9365,0.9762
1.692,1.0024
1.9212,0.97733
2.0428,0.95602
2.039,0.95752
2.1626,0.94021
2.1201,0.94773
2.1623,0.94207
2.0435,0.95915
2.1792,0.94366
2.0883,0.95446
1.9655,0.96794
1.9832,0.96463
1.9491,0.96752
2.0458,0.95485
1.9021,0.97537
2.0508,0.95662
2.0457,0.96099
2.1636,0.94472
2.0377,0.95608
2.0291,0.95874
1.8449,0.98386
1.9194,0.97205
2.0975,0.95267
1.9759,0.96599
1.9022,0.97775
1.9626,0.97362
2.0263,0.96481
2.1088,0.95043
2.0087,0.96536
2.0484,0.9595
1.971,0.97095
1.9377,0.97194
9.7878,0.58382
2.3709,0.91649
2.333,0.92423
8.2053,0.63457
2.0647,0.95783
8.2989,0.63092
1.9532,0.9711
2.4283,0.9178
2.0708,0.9523
2.1161,0.95371
2.0629,0.95952
2.2212,0.94006
2.238,0.9342
2.2983,0.92625
2.3504,0.91828
2.0907,0.95476
2.4414,0.91261
2.2428,0.93373
2.0335,0.95422
2.0124,0.95879
8.894,0.61285
9.0053,0.60919
8.4765,0.62983
9.4293,0.59851
8.7891,0.61761
8.2813,0.63421
5.3939,0.73759
8.1281,0.63758
8.0525,0.64382
7.9658,0.64606
9.0584,0.61062
1.9863,0.97168
8.6138,0.62591
7.4988,0.66001
2.0699,0.95934
7.6626,0.65241
9.1736,0.60353
9.0699,0.60734
8.857,0.61507
1.8914,0.97364
8.8256,0.61706
2.1327,0.94859
2.2939,0.92745
2.1373,0.94635
2.2869,0.92985
2.1095,0.95233
8.9212,0.61212
2.1734,0.94208
2.1354,0.94796
2.2922,0.92834
2.2595,0.93063
2.2161,0.93564
2.239,0.93287
2.2119,0.93625
2.2215,0.93461
2.2464,0.9315
2.2696,0.92396
2.2686,0.92461
2.483,0.90132
2.1463,0.94168
8.6788,0.61704
9.0276,0.60814
9.1299,0.60357
2.1803,0.94069
2.2347,0.93614
9.085,0.60536
2.0592,0.95905
2.0836,0.9533
1.9895,0.96593
2.0799,0.95153
1.9284,0.97606
2.1055,0.94921
2.033,0.95686
1.9966,0.96176
1.8446,0.98361
1.8166,0.98848
1.9183,0.97552
1.8789,0.98124
1.9898,0.96628
1.9313,0.97487
1.9017,0.9757
1.9158,0.97734
1.7501,1.0014
1.9264,0.97276
8.5745,0.62621
2.2714,0.93071
2.1485,0.94509
2.2878,0.9313
8.8117,0.61617
9.0901,0.60583
2.2546,0.93172
8.9089,0.61281
8.8323,0.616
8.4896,0.62809
2.3478,0.91887
2.0344,0.95261
2.4044,0.91346
2.2544,0.93094
2.5531,0.89727
2.3573,0.91833
2.5082,0.89916
2.0591,0.95123
2.2558,0.93045
2.2989,0.92392
2.3988,0.91169
2.23,0.93198
2.4161,0.91116
2.2316,0.93517
2.3314,0.9211
2.2577,0.9357
2.2084,0.94177
2.304,0.92951
2.3003,0.9299
2.2659,0.93446
2.0774,0.95576
1.9766,0.96495
2.199,0.93903
2.0308,0.95676
1.9423,0.9691
2.1192,0.94383
2.263,0.92854
2.2505,0.93076
1.9264,0.97091
2.2207,0.93563
2.0697,0.94837
2.0153,0.9576
2.0444,0.95241
2.2064,0.93769
2.1123,0.95051
2.253,0.93314
2.1565,0.94443
2.093,0.94776
2.1101,0.94781
2.1519,0.94497
2.1488,0.94501
2.459,0.90768
2.4363,0.90769
2.0561,0.95636
2.4742,0.90678
2.1878,0.93822
2.226,0.93657
2.1004,0.95329
2.2188,0.93541
2.4038,0.91426
2.1418,0.9469
2.1118,0.95164
2.3821,0.91468
2.2047,0.93123
2.0411,0.96045
2.1447,0.94648
2.4255,0.90883
2.2519,0.93094
2.1607,0.93847
2.244,0.93117
2.0808,0.94694
2.281,0.92438
8.5112,0.62174
2.4501,0.90965
8.1052,0.63685
2.2295,0.93368
7.9416,0.64177
8.2672,0.63084
2.2649,0.93066
2.2437,0.9314
2.1552,0.94186
2.1965,0.93828
2.2428,0.92739
2.1035,0.94521
9.6626,0.58595
8.7801,0.61762
8.5671,0.62235
2.1059,0.94655
8.4075,0.62485
8.1917,0.6346
2.1877,0.93767
2.1924,0.93767
2.1999,0.93645
2.1058,0.94743
2.097,0.94894
1.9127,0.9715
2.5425,0.89732
2.5944,0.89308
2.4487,0.90799
2.4748,0.90557
2.401,0.9147
2.3683,0.9166
2.2891,0.92912
2.2798,0.92755
2.3892,0.91545
2.3662,0.91774
1.898,0.97848
2.3163,0.92303
2.37,0.91961
7.9349,0.63565
7.7101,0.64511
1.9302,0.97294
2.0989,0.94302
2.1579,0.94264
2.0526,0.95439
2.0519,0.95598
1.9889,0.96528
2.0173,0.9601
1.9665,0.96568
2.1148,0.94425
2.4784,0.90443
2.3083,0.92321
2.2575,0.93246
2.2354,0.934
2.0932,0.9443
2.2322,0.93571
2.1099,0.94843
8.4086,0.62533
1.7097,1.0044
1.8767,0.97656
7.8714,0.65133
2.0709,0.94966
2.3033,0.92404
2.3514,0.92032
2.3168,0.92414
2.3325,0.92364
2.2346,0.9374
2.3984,0.91426
2.414,0.91283
2.2151,0.92972
2.3549,0.91922
2.145,0.94485
2.1047,0.95006
2.0036,0.96502
2.0499,0.95514
2.2702,0.92716
8.8176,0.61653
2.1583,0.94361
2.1224,0.94629
2.3892,0.9145
2.252,0.93179
2.3176,0.92008
2.4157,0.91149
2.2937,0.92412
2.437,0.9079
2.3418,0.91761
2.3148,0.92416
2.3207,0.92175
2.2053,0.93736
2.1477,0.94209
2.2358,0.93386
1.9786,0.96312
1.9473,0.96867
2.0917,0.95048
2.2259,0.93168
2.2109,0.93006
2.1261,0.94435
1.9839,0.96192
2.1046,0.94271
2.1661,0.9338
2.1828,0.93015
2.2109,0.93149
2.0944,0.9454
2.2972,0.92628
2.0988,0.94658
2.091,0.95429
2.0414,0.95473
2.055,0.95218
4.5554,0.7679
2.2277,0.93527
5.5162,0.72415
8.4198,0.62513
2.2625,0.92721
8.7766,0.61289
1.9625,0.9647
2.1991,0.93896
1.9686,0.96266
1.9035,0.97375
2.0057,0.95648
2.2064,0.93563
1.9864,0.95973
1.9301,0.9691
8.2791,0.63093
2.1459,0.94392
2.401,0.91672
7.8851,0.64634
8.1953,0.63248
2.3289,0.91919
7.9157,0.64067
7.9878,0.63897
1.9853,0.96097
1.8676,0.97739
1.8621,0.97919
1.8648,0.97731
8.5973,0.6213
2.144,0.94504
1.888,0.97628
2.2484,0.93024
2.1058,0.94054
1.7444,0.99515
1.9402,0.96709
1.9953,0.95834
2.1712,0.93957
2.2482,0.93021
2.0718,0.9489
2.3355,0.91971
2.4643,0.90885
2.3267,0.92223
2.2908,0.92681
2.3872,0.91464
2.311,0.92018
2.1032,0.94806
2.2036,0.9339
2.308,0.92317
2.2888,0.923
2.1004,0.94821
2.1702,0.93841
2.2869,0.92536
7.8158,0.64144
7.6536,0.64948
2.195,0.93834
2.0101,0.95962
2.1333,0.94611
2.4524,0.90912
2.0237,0.9577
2.0493,0.95373
2.0335,0.95583
1.9688,0.9665
1.9737,0.96312
1.8595,0.98178
2.325,0.91921
2.0928,0.94725
2.2394,0.9303
2.1998,0.93305
2.1575,0.93974
2.0441,0.95021
1.9738,0.96146
2.1194,0.94052
2.0778,0.94406
2.262,0.92813
2.184,0.93935
2.0045,0.95491
2.084,0.95272
2.2866,0.91957
2.0807,0.95178
1.9845,0.96641
2.2213,0.93054
2.179,0.93898
2.1463,0.94212
2.2242,0.93042
1.9162,0.97436
1.9292,0.96818
2.2639,0.92542
1.934,0.96706
7.0997,0.67126
1.9993,0.96414
2.0114,0.95851
1.9684,0.964
2.1513,0.94311
8.0009,0.63565
1.9278,0.97019
2.1409,0.94452
1.994,0.96024
2.4535,0.90566
2.1137,0.94831
7.7996,0.64393
8.6499,0.6174
8.9027,0.60779
2.1301,0.94018
2.1238,0.9395
1.9668,0.96344
2.149,0.93509
2.046,0.95114
1.8336,0.98325
2.1039,0.94131
1.8586,0.98145
2.0981,0.94264
2.0802,0.94519
7.5132,0.65471
2.1318,0.94711
7.2591,0.66443
7.6482,0.64764
2.1595,0.94291
2.3064,0.92292
2.1283,0.94594
2.2247,0.93287
2.1947,0.93698
2.2333,0.93158
2.2206,0.93468
2.1306,0.94012
2.0959,0.94881
2.3151,0.92289
2.1545,0.93968
2.2145,0.93301
2.174,0.93699
1.7934,0.98595
1.9642,0.95942
2.0661,0.95004
2.0157,0.95657
1.9975,0.95771
2.1323,0.94023
2.0266,0.95468
1.9072,0.97091
2.2493,0.92863
1.8243,0.98406
2.117,0.94644
2.3787,0.91296
2.0901,0.94922
2.2596,0.92798
2.3079,0.92163
1.7273,0.99772
2.0605,0.94684
2.2075,0.93356
1.9687,0.96373
2.071,0.95224
2.006,0.95993
2.2291,0.93026
2.2377,0.92964
2.0437,0.95561
2.0155,0.95519
2.0109,0.9573
1.9769,0.96356
2.0656,0.9515
2.1034,0.94629
1.9326,0.97082
2.1545,0.93961
7.1876,0.66422
7.7137,0.64571
2.0564,0.95573
1.6936,0.99986
2.4309,0.90991
1.8601,0.98059
1.7967,0.99247
2.3919,0.91481
1.8243,0.98328
1.8882,0.97294
1.9858,0.95795
2.1687,0.93534
2.1362,0.94141
1.9695,0.96186
2.1234,0.94429
2.0223,0.95576
1.9868,0.96094
2.0921,0.94747
2.0181,0.95417
2.0212,0.95533
2.0572,0.9466
2.055,0.94979
2.2192,0.92893
2.2004,0.93189
1.9801,0.96509
2.3082,0.9228
7.7202,0.6441
2.2011,0.93383
2.2027,0.93016
2.1935,0.93618
2.1764,0.93595
2.2787,0.92376
2.1284,0.9413
2.2568,0.92802
2.1942,0.93645
1.9503,0.96436
1.818,0.97793
2.188,0.93771
1.9345,0.96316
1.9116,0.96695
2.5725,0.89515
1.8718,0.9735
2.1317,0.94045
2.266,0.92966
1.9434,0.96723
2.1915,0.93198
2.1818,0.9328
1.9669,0.96071
8.1959,0.63121
7.5519,0.6548
8.0524,0.63414
2.2402,0.93098
8.2747,0.62709
2.1674,0.93894
2.1001,0.94397
2.0338,0.95272
1.9701,0.96078
2.1993,0.93368
2.2947,0.921
2.1844,0.93417
2.1981,0.93189
2.1045,0.9492
2.1353,0.9376
2.1757,0.93794
2.3796,0.91382
2.1707,0.93953
2.2464,0.92765
1.9585,0.96682
2.2116,0.93177
2.2102,0.93434
2.1627,0.94026
1.9648,0.96753
1.7866,0.99215
1.9944,0.95912
2.0396,0.95345
1.7438,0.99717
1.9513,0.96645
1.9603,0.9628
2.0543,0.9494
1.9958,0.95976
1.7826,0.99013
1.7819,0.99019
1.9104,0.97149
2.0217,0.95487
2.4147,0.90699
2.4976,0.89681
8.5091,0.61911
1.8536,0.97674
2.0771,0.94587
2.0906,0.9421
2.0344,0.95162
2.0122,0.95568
1.9668,0.9629
1.9679,0.96406
2.1564,0.93714
2.0962,0.94458
2.2355,0.92767
1.9299,0.96729
2.0089,0.95204
1.9831,0.95606
2.0259,0.95171
1.9136,0.96904
2.0051,0.95539
1.9418,0.96384
2.0122,0.95472
2.0534,0.94802
1.8053,0.98295
1.8306,0.98357
4.3412,0.77854
2.1872,0.93337
2.154,0.94243
2.2155,0.93102
2.174,0.93617
2.2591,0.92335
2.1953,0.9331
2.1003,0.94272
2.104,0.94559
2.0587,0.94839
2.0883,0.9448
2.0854,0.94643
2.2861,0.92249
2.2436,0.92807
2.1662,0.93823
2.2897,0.9229
2.1004,0.94425
2.0906,0.94619
2.0249,0.95374
2.1366,0.93941
2.2739,0.92227
1.9278,0.96457
2.2398,0.92713
2.0803,0.94245
2.1948,0.92634
2.1683,0.93337
2.1573,0.9359
2.1518,0.93652
2.2088,0.9293
1.9539,0.95917
2.0959,0.94416
1.975,0.95571
2.0085,0.95107
1.8064,0.98194
1.9641,0.95687
2.065,0.94062
2.2887,0.91947
2.1546,0.93351
2.0312,0.95071
2.0692,0.94487
1.9086,0.9669
2.0495,0.94824
2.1526,0.93084
1.9537,0.96258
2.217,0.92482
1.9202,0.96609
1.8824,0.97151
1.9578,0.96056
1.7738,0.98234
1.8506,0.97489
2.0813,0.94376
2.0527,0.94734
1.8183,0.97792
1.8063,0.98225
2.0729,0.943
2.0607,0.94529
1.7957,0.98115
1.8856,0.96803
1.9991,0.95295
1.7896,0.9815
1.8735,0.96257
1.9165,0.95512
1.9501,0.95093
1.9746,0.94833
2.2351,0.9221
1.8236,0.97036
2.0815,0.94082
1.9411,0.95118
1.8169,0.97165
1.9476,0.95317
1.8988,0.95798
1.9933,0.94548
2.0688,0.93867
2.1182,0.93149
1.9595,0.94783
2.1009,0.93177
1.999,0.94632
2.0413,0.94099
2.1852,0.91992
1.9553,0.94745
2.162,0.92215
2.1632,0.92219
2.1467,0.92362
2.1574,0.92247
2.132,0.92431
2.1874,0.91645
2.3072,0.90589
2.274,0.90969
2.3622,0.8986
2.2423,0.91029
2.1403,0.92153
1.9204,0.95014
1.9568,0.94493
1.9429,0.94979
2.2155,0.91118
2.251,0.90319
2.2636,0.90072
2.0825,0.92179
2.0415,0.9228
1.9286,0.9375
1.8865,0.94661
2.0274,0.92354
1.8905,0.94394
1.8272,0.95328
1.9931,0.92736
2.086,0.91507
1.9661,0.92918
1.9231,0.93496
2.1252,0.9149
2.0301,0.92332
2.1072,0.91872
2.1141,0.91322
1.9979,0.92895
1.9531,0.93326
2.1363,0.91284
2.0488,0.92166
2.1893,0.90144
1.9403,0.9344
1.9396,0.93397
2.0297,0.92414
3.6153,0.78914
2.1471,0.90351
4.5491,0.74016
7.6749,0.61695
2.199,0.89572
2.0487,0.91523
1.9322,0.93006
2.1145,0.90435
4.5672,0.73422
1.6538,0.96691
1.5224,0.98956
1.9771,0.92325
7.4502,0.61652
1.9954,0.91684
1.6597,0.96443
1.6646,0.9636
1.7552,0.95175
1.6791,0.96224
1.5976,0.9753
1.8297,0.94107
1.8168,0.94385
1.8166,0.94229
1.6071,0.97496
1.8257,0.93871
6.9896,0.63353
1.5333,0.98257
1.7486,0.95307
2.1928,0.88557
1.7685,0.94379
1.7164,0.94807
2.026,0.90588
1.9621,0.91423
1.4576,0.99233
1.8107,0.92919
1.6696,0.94972
1.7024,0.94542
1.8366,0.92544
1.9761,0.90809
1.5601,0.97204
1.4855,0.98567
1.7953,0.93124
1.6878,0.94659
1.7668,0.93657
1.424,0.98742
1.5113,0.97235
1.579,0.96319
1.6213,0.95367
1.8827,0.91696
6.6271,0.62615
6.6669,0.62962
1.6247,0.94554
1.7793,0.92619
1.9351,0.899
7.6375,0.58685
1.8832,0.90459
1.9248,0.89444
1.736,0.92394
1.7211,0.925
1.9911,0.88367
1.2723,1.005
4.8558,0.69421
7.3802,0.58998
2.1137,0.87316
7.264,0.59341
1.9936,0.88776
1.9265,0.89663
2.0076,0.8844
2.0011,0.88455
1.8897,0.90208
2.0311,0.87851
2.324,0.83852
2.3298,0.83849
8.3574,0.55542
8.7785,0.54174
7.6377,0.58763
4.887,0.69078
1.741,0.9285
1.507,0.97461
5.9769,0.64087
5.8436,0.64635
1.893,0.91303
1.9254,0.90555
1.6342,0.94311
1.9481,0.89187
3.6017,0.77716
1.6438,0.95101
1.512,0.95918
4.0337,0.73717
3.9017,0.74459
3.7353,0.75569
4.2986,0.7112
4.0702,0.73289
1.7298,0.92139
1.7123,0.92491
1.8351,0.9002
1.7384,0.91503
1.8748,0.89347
4.1866,0.71745
1.9076,0.8831
4.7057,0.6792
4.9935,0.66506
1.6324,0.92745
1.535,0.94137
4.0551,0.72043
1.8168,0.89498
3.7368,0.74628
1.8848,0.88537
4.2155,0.70698
3.6279,0.74525
3.7572,0.73407
3.7914,0.72965
4.1865,0.70375
3.8657,0.72318
3.7347,0.73773
4.0098,0.71521
2.0183,0.8632
2.1205,0.85253
3.6468,0.74383
3.9201,0.73245
2.0123,0.86852
1.7125,0.90221
3.9846,0.72195
4.221,0.70011
1.7127,0.90651
1.7378,0.89956
1.505,0.93786
1.4935,0.94104
3.7495,0.73399
1.8034,0.88769
4.0275,0.71657
4.392,0.69015
4.582,0.68348
1.7772,0.88553
1.8184,0.88047
1.2919,0.97567
4.0215,0.70835
1.7188,0.89409
3.4528,0.75074
5.3639,0.6317
1.9575,0.86032
1.6164,0.90633
3.4455,0.74643
1.4019,0.95562
2.9037,0.79461
1.007,1.0349
1.1765,0.99275
1.4432,0.93069
1.3178,0.96008
1.543,0.91287
1.2917,0.95653
1.4789,0.92643
4.4399,0.67104
2.0118,0.84534
1.6282,0.90238
3.809,0.71762
1.6571,0.91014
3.6885,0.72932
4.9464,0.6391
4.3365,0.68648
3.9388,0.71434
2.2896,0.85678
2.3427,0.84991
2.3897,0.84573
2.3002,0.85446
0.83452,1.074
2.4026,0.84071
2.6351,0.81091
3.2233,0.76114
1.9826,0.88547
2.3458,0.83399
2.5052,0.81519
2.5652,0.80355
2.5591,0.80719
2.3386,0.83824
2.4928,0.81605
1.0264,1.0222
0.9163,1.0468
2.2194,0.85374
2.6093,0.80368
2.0134,0.87615
0.92368,1.0445
0.94418,1.0389
1.1726,0.97314
1.0843,0.99387
0.88777,1.0493
0.90495,1.0437
0.92894,1.0369
0.87925,1.0485
0.87617,1.0485
0.91568,1.0385
0.86307,1.0523
0.92058,1.0371
2.0037,0.86924
2.0091,0.86827
1.9853,0.87096
1.9532,0.87449
2.8851,0.75845
2.5463,0.79309
2.304,0.83403
2.2172,0.84269
2.2079,0.84292
2.126,0.85084
2.1418,0.84791
2.0923,0.85259
2.0176,0.82809
1.2687,0.95638
2.5847,0.79742
1.3077,0.95111
1.4077,0.93462
1.4028,0.93186
1.4024,0.93167
1.4728,0.9165
1.3279,0.94612
1.3859,0.93535
2.4005,0.80892
3.1016,0.74958
3.3575,0.72651
4.3874,0.66985
4.5727,0.65684
2.5298,0.8017
4.1963,0.6577
3.2085,0.73714
3.1958,0.73705
3.1828,0.73685
3.9686,0.68735
3.6792,0.69326
4.4237,0.65207
3.5878,0.69977
2.2326,0.81419
3.1661,0.73706
3.3385,0.72682
3.2299,0.73463
2.7279,0.77791
2.2801,0.8244
3.2356,0.73932
4.4288,0.64258
7.4408,0.49152
3.6648,0.70075
3.7239,0.71182
3.7169,0.71381
2.8469,0.76838
2.6693,0.78305
2.7126,0.77724
3.1214,0.74068
3.3948,0.7138
3.4008,0.71216
3.1095,0.73834
3.7757,0.67324
3.041,0.73347
4.0425,0.68586
2.6016,0.78098
2.6724,0.77763
3.5765,0.70936
3.19,0.73654
3.4746,0.71898
3.5517,0.70737
3.4083,0.72207
3.5879,0.70713
3.2061,0.73224
3.191,0.73324
3.6086,0.70098
3.7808,0.68517
2.7727,0.7612
3.4411,0.71455
2.9891,0.74514
2.8891,0.75256
2.7398,0.76134
2.8308,0.75467
2.6906,0.76666
2.8963,0.74451
2.8173,0.7528
2.6873,0.75895
2.4199,0.78458
3.9984,0.65035
2.9767,0.73502
2.9992,0.7357
3.4969,0.69945
3.6156,0.68973
2.6562,0.76126
2.6613,0.75869
3.0375,0.73265
2.6139,0.76536
3.11,0.72212
3.0774,0.72737
2.7784,0.75075
3.2063,0.71743
2.6611,0.7605
3.3593,0.70377
3.1159,0.723
2.8994,0.73934
3.1891,0.71505
3.1692,0.72178
1.8694,0.84145
4.9942,0.58531
3.1286,0.7244
3.1952,0.71896
3.285,0.71102
3.4492,0.69397
3.423,0.69428
3.4326,0.69687
4.5335,0.616
3.7264,0.66181
3.0778,0.71823
2.6368,0.76068
3.1824,0.71059
2.833,0.74231
3.0497,0.72569
3.7596,0.65971
2.9872,0.73218
2.7481,0.74554
2.6384,0.76183
2.8905,0.73901
3.2556,0.70643
2.9847,0.72871
2.434,0.77934
3.2043,0.70834
3.7693,0.66112
5.1913,0.56974
3.6372,0.68271
2.9879,0.72698
3.2652,0.70441
3.1175,0.72092
2.9406,0.73276
2.52,0.76955
3.1926,0.70099
3.0977,0.72139
4.3639,0.63941
3.258,0.70695
3.069,0.72389
3.0131,0.72718
4.4478,0.62103
4.0194,0.63994
3.0912,0.7212
3.0877,0.72265
3.3296,0.70275
3.1259,0.71873
3.1905,0.70759
3.3206,0.6925
2.7514,0.74451
3.2528,0.70624
2.8059,0.74359
3.9328,0.64645
4.601,0.59978
3.0122,0.72652
2.8252,0.73591
2.8087,0.74358
2.861,0.73838
3.4776,0.68589
3.3507,0.69347
3.0332,0.72378
4.3692,0.63189
3.7158,0.6774
4.5833,0.60583
3.476,0.69591
3.1507,0.71498
3.3718,0.70453
3.0178,0.72539
3.1241,0.7166
3.1772,0.7124
3.0988,0.72034
2.5851,0.76142
3.3177,0.70762
4.2346,0.61849
2.0737,0.80946
2.6915,0.74772
2.3404,0.78416
2.9088,0.73727
3.0472,0.72764
2.0083,0.81873
3.2269,0.71209
2.9679,0.73269
2.9087,0.7324
3.2074,0.71284
3.1026,0.72131
3.2702,0.70474
3.147,0.71825
3.0671,0.72587
2.8092,0.74701
3.1196,0.72154
2.989,0.73227
3.0672,0.7242
2.8177,0.74359
3.1482,0.71415
3.0486,0.72267
3.3994,0.68398
3.2622,0.69301
2.8692,0.73072
2.6895,0.75797
2.6797,0.75818
2.6607,0.75882
2.5069,0.77467
2.674,0.75624
2.847,0.73762
2.7852,0.7439
2.6413,0.761
3.1421,0.71783
2.8364,0.74219
2.9725,0.73171
2.2181,0.79408
3.1807,0.71543
3.0652,0.72317
3.1978,0.71359
3.2435,0.71028
2.6821,0.74844
3.1349,0.71786
3.1775,0.71486
3.6396,0.66743
3.0102,0.72123
3.6058,0.67794
2.5512,0.75986
2.5712,0.75623
3.2691,0.70499
2.7448,0.74063
3.5545,0.68148
3.1387,0.71758
2.5931,0.75377
3.4876,0.66948
2.7275,0.74212
2.7412,0.74417
2.565,0.75864
2.8182,0.73205
3.0659,0.71526
2.9063,0.73011
3.0293,0.71797
1.5787,0.87338
1.6007,0.86439
4.0728,0.64125
6.0021,0.5417
3.2401,0.70784
3.0423,0.71557
4.589,0.62811
3.2017,0.70917
2.7499,0.73782
3.3989,0.68903
3.3113,0.69486
9.8232,0.38893
3.1086,0.71486
3.1736,0.71017
3.009,0.71759
2.8971,0.73154
3.6587,0.6633
3.2345,0.69769
2.9103,0.72698
3.1352,0.70768
2.9804,0.72159
3.337,0.6934
3.2136,0.70337
3.3069,0.69574
2.958,0.72168
3.6822,0.65772
3.8167,0.64971
2.9754,0.72035
3.0026,0.71848
3.1733,0.70484
2.941,0.72489
2.7317,0.74163
3.4343,0.67581
2.9341,0.72493
2.8787,0.72837
2.7997,0.73519
3.3552,0.6895
3.5276,0.67617
2.8024,0.7355
2.9008,0.72719
3.0181,0.71769
3.0475,0.7158
4.2631,0.61616
2.9282,0.72581
3.1721,0.70722
2.8399,0.72987
3.38,0.69034
4.7317,0.58626
3.5215,0.67729
3.056,0.71843
3.0156,0.72243
2.8198,0.73624
3.0819,0.71532
2.8217,0.73664
2.976,0.7234
1.9545,0.81784
5.116,0.56444
3.197,0.69958
2.9135,0.7252
2.9522,0.71882
3.1126,0.70796
2.9838,0.71871
3.0228,0.71573
2.9438,0.7219
2.9817,0.71851
3.1008,0.70912
3.0961,0.70974
3.8345,0.646
3.6302,0.65349
4.0575,0.63145
3.6559,0.65863
3.3207,0.68552
3.6391,0.65876
3.1888,0.70113
3.0337,0.71325
3.2012,0.70071
2.7933,0.73458
2.3626,0.76793
3.599,0.66258
2.5463,0.74678
3.1095,0.70848
2.8199,0.73214
3.4122,0.68587
3.3022,0.68697
2.7435,0.73905
3.2439,0.69875
3.3203,0.6928
2.6372,0.74848
3.1092,0.71012
2.8602,0.7292
3.0632,0.71305
3.1142,0.70746
2.9985,0.71613
3.5365,0.66626
4.5313,0.59571
2.7581,0.73499
2.0177,0.80738
2.7922,0.73627
3.0226,0.7184
3.0649,0.71164
2.8007,0.73576
3.0496,0.71564
5.6449,0.5253
3.632,0.65722
2.95,0.72051
2.8648,0.72745
2.9754,0.71792
2.9214,0.72218
3.2498,0.69059
3.4166,0.67517
2.7319,0.73612
2.9174,0.72237
3.0217,0.71281
3.0235,0.7128
2.902,0.72301
3.1628,0.70149
3.0874,0.70587
2.5077,0.75277
3.6795,0.64675
3.6845,0.65405
3.623,0.66188
2.8743,0.72276
2.7996,0.73088
2.7445,0.73615
2.798,0.73104
2.9163,0.72116
1.8744,0.82283
2.725,0.71783
4.7083,0.58667
4.0397,0.64641
3.9759,0.64978
2.9404,0.71737
4.7272,0.59627
3.9517,0.64456
4.1919,0.64554
3.1535,0.7028
3.881,0.65587
2.9473,0.71574
2.9662,0.71677
3.7252,0.65009
3.0872,0.69872
3.2396,0.68433
2.8834,0.72013
3.2237,0.68602
2.1171,0.78996
3.896,0.64461
2.8302,0.72968
2.7308,0.73558
3.2225,0.69597
2.7491,0.733
2.653,0.74269
2.7895,0.72907
2.3512,0.76125
1.998,0.80899
3.0354,0.7088
2.3673,0.75799
3.5143,0.66647
2.5763,0.7533
2.6375,0.74686
2.695,0.7421
2.8736,0.71507
2.8454,0.73124
2.9944,0.71799
2.7108,0.7403
2.8902,0.71706
3.5824,0.66534
4.1683,0.61726
2.6217,0.73071
3.4698,0.6751
2.2042,0.78499
3.2776,0.69149
3.659,0.65871
3.3746,0.67818
3.6901,0.6522
2.4976,0.74738
3.9366,0.63446
2.9355,0.71849
2.0684,0.80009
1.9661,0.81207
3.3549,0.68626
2.1708,0.78699
3.0742,0.70607
2.5018,0.75579
4.236,0.63293
3.4063,0.68645
1.5973,0.86312
4.1403,0.63878
2.2143,0.78368
2.8262,0.72589
3.1076,0.7032
3.5293,0.66017
3.7994,0.64146
2.3478,0.7543
3.2189,0.69459
3.0077,0.70986
3.0456,0.70711
3.2575,0.69198
2.3953,0.75338
2.2551,0.76641
3.9501,0.62984
2.2277,0.77635
2.6237,0.74223
2.6009,0.74413
2.6226,0.74374
3.6187,0.65401
2.6152,0.73534
2.789,0.72696
2.7872,0.7251
2.5855,0.74839
2.9718,0.71294
3.3867,0.68244
2.9397,0.72058
3.0817,0.71123
3.4049,0.66908
3.8633,0.63169
2.6387,0.74534
2.936,0.71849
2.7075,0.73779
2.8555,0.72125
4.1311,0.61599
3.2845,0.67854
3.0758,0.69558
4.2096,0.60942
3.7165,0.63917
3.9214,0.63362
2.831,0.72158
2.564,0.74976
2.7167,0.73613
2.9788,0.71317
2.982,0.70958
2.7057,0.73321
2.0377,0.80197
1.9358,0.81256
3.096,0.70303
2.0416,0.80194
2.2338,0.77304
3.3602,0.67664
2.8355,0.72098
3.0251,0.70711
3.5754,0.65816
3.9541,0.6274
4.0957,0.62483
3.4868,0.67159
3.3438,0.67661
4.4856,0.59038
3.5478,0.66312
4.112,0.62379
4.111,0.62443
3.0599,0.70627
2.9867,0.71192
3.6819,0.64306
3.2407,0.68306
4.0559,0.621
3.46,0.66408
4.0894,0.62117
3.1182,0.69557
3.7362,0.64142
2.9288,0.71592
3.9032,0.63096
3.768,0.63726
3.2103,0.68491
3.3715,0.6806
2.9627,0.70706
2.4551,0.75315
2.9122,0.7164
2.7602,0.72939
2.7418,0.73068
3.1297,0.69009
2.8807,0.72017
3.9086,0.6284
4.7308,0.57402
2.6209,0.74889
4.7729,0.606
2.9108,0.71498
3.0824,0.70296
3.2533,0.68951
4.4836,0.62155
2.8227,0.7209
4.2896,0.63217
5.7164,0.5242
3.1503,0.69605
2.9993,0.71
3.1091,0.70104
3.8034,0.65816
3.1832,0.69516
4.0164,0.62507
3.5224,0.66168
3.8086,0.63771
3.2302,0.68775
4.0656,0.61898
3.7581,0.6394
3.07,0.70358
3.1027,0.70043
2.9343,0.71493
3.0543,0.70458
3.2844,0.68401
3.4058,0.66376
3.4021,0.67186
4.1335,0.61213
4.2118,0.60851
3.8889,0.63322
3.8263,0.64043
3.2598,0.67961
4.8173,0.57089
4.8718,0.5674
3.9503,0.62614
3.4529,0.66636
4.0943,0.61583
3.4447,0.66436
3.6217,0.65369
3.6018,0.65239
4.2054,0.60912
3.0216,0.70355
3.3343,0.67719
2.8564,0.71978
2.9474,0.7133
3.6966,0.64416
4.1261,0.61405
4.8411,0.56903
4.4622,0.59141
3.3497,0.6779
2.8983,0.72283
3.8081,0.64343
3.8934,0.63433
4.2964,0.60727
2.7133,0.72751
2.6499,0.73875
2.5674,0.74584
2.8603,0.71374
3.1546,0.68517
3.2295,0.67773
2.6206,0.74111
3.0737,0.70237
3.3801,0.67995
2.9343,0.71274
4.3382,0.62878
3.143,0.68997
3.5814,0.65417
3.7738,0.63703
2.844,0.72003
3.083,0.70091
3.2007,0.68214
4.5786,0.58566
3.393,0.66305
2.8329,0.72149
2.9205,0.71346
2.7688,0.72163
3.0882,0.69638
2.9071,0.71488
3.0911,0.69892
2.9448,0.7077
3.3689,0.66433
4.3433,0.59801
3.6496,0.64802
3.5341,0.65655
2.9764,0.70289
3.6005,0.64676
3.5559,0.64633
3.2574,0.67883
2.8701,0.71717
2.7852,0.72393
2.8069,0.71858
2.9357,0.71065
3.0055,0.70634
2.9057,0.71297
3.1828,0.68072
3.4835,0.66563
2.5514,0.74595
3.1585,0.68524
3.4768,0.65625
2.9102,0.71121
2.9088,0.71125
3.1583,0.68647
3.0147,0.69468
3.2572,0.67379
3.1233,0.68261
2.607,0.74037
2.6654,0.73127
3.322,0.66745
3.3732,0.662
2.918,0.71215
2.8979,0.7138
2.9391,0.71111
2.9035,0.71553
2.9357,0.7127
4.3057,0.62501
2.4102,0.74654
1.8915,0.81101
1.9639,0.80486
1.861,0.81839
1.8651,0.81488
3.534,0.65673
2.9081,0.71881
2.6601,0.74029
2.7705,0.73
3.6833,0.64648
3.6395,0.65078
3.3389,0.66647
3.1592,0.69264
3.6959,0.66319
3.0153,0.71
2.8864,0.72113
3.5748,0.66964
2.8217,0.72113
3.777,0.64473
4.389,0.59295
3.8114,0.62939
3.3674,0.67707
3.529,0.66699
3.4931,0.66994
2.0621,0.79335
2.8589,0.71264
3.3301,0.65473
3.9891,0.62143
3.0735,0.6999
3.0699,0.70007
2.8485,0.7155
3.0527,0.70289
3.8378,0.63411
3.8603,0.63207
5.5781,0.54566
6.2405,0.51179
5.6177,0.54251
3.4497,0.66053
4.0643,0.61112
4.2371,0.60262
3.4846,0.66071
3.456,0.66153
3.1282,0.69137
3.825,0.62981
4.1786,0.60179
3.2855,0.67738
2.8573,0.71706
3.0471,0.70147
3.13,0.69602
3.5945,0.64724
3.8686,0.6264
4.0097,0.6151
3.2775,0.67064
4.4127,0.59
3.3875,0.66782
3.4034,0.67685
3.3111,0.68379
2.7647,0.72155
2.8293,0.71711
2.9324,0.70272
5.0637,0.55147
5.1686,0.54344
4.6855,0.57248
3.9413,0.62651
3.4415,0.66409
3.0133,0.70187
2.7798,0.72595
2.6543,0.72673
2.828,0.7225
2.483,0.75576
3.099,0.69125
3.1078,0.69279
2.7909,0.72112
2.96,0.7082
2.909,0.71249
3.1081,0.69725
3.7277,0.63996
3.7918,0.62663
3.7152,0.63367
4.3872,0.59171
3.3092,0.66773
3.4777,0.65147
4.1979,0.60232
3.317,0.6689
3.3753,0.66486
2.8605,0.71495
2.9628,0.70406
3.3484,0.66638
3.1171,0.6907
3.3527,0.67674
2.4374,0.7625
3.1608,0.69534
3.5691,0.65451
3.1115,0.68821
2.761,0.72148
2.834,0.71554
2.9357,0.71048
2.9509,0.71288
3.8005,0.63148
2.7433,0.72178
3.1465,0.69858
3.3183,0.66818
3.223,0.68332
2.9332,0.71185
3.0003,0.70604
3.0413,0.70267
2.9338,0.71248
5.0218,0.56444
3.8082,0.63565
2.3479,0.75522
3.2047,0.68606
3.3098,0.67445
2.8336,0.71117
3.642,0.64497
2.8477,0.71521
2.8069,0.71879
2.7042,0.72678
3.3196,0.67796
3.6727,0.6446
4.1865,0.60841
4.5952,0.5779
3.8224,0.63115
3.1287,0.68356
3.3652,0.66385
4.1678,0.60826
3.4698,0.65834
5.3824,0.5349
5.3976,0.53529
3.4155,0.66404
2.9809,0.70801
3.0201,0.70382
2.603,0.74092
2.7966,0.72099
3.091,0.69183
3.3755,0.66747
3.3555,0.66908
2.7939,0.72194
3.3566,0.67059
5.6988,0.52366
3.938,0.63617
3.1678,0.68749
3.3282,0.67453
4.8492,0.57871
2.9909,0.70548
4.1308,0.61286
2.9907,0.7015
3.6054,0.64558
3.9028,0.62913
4.501,0.59768
4.6382,0.58557
4.0432,0.61323
3.1721,0.68276
3.2725,0.67619
2.9303,0.71039
2.7469,0.72639
3.1728,0.68981
2.8488,0.71754
2.9919,0.7053
2.6976,0.72545
2.9927,0.70434
3.1096,0.68889
2.897,0.70533
4.4048,0.61199
4.3765,0.61495
4.1062,0.63322
2.9702,0.70596
3.7644,0.6336
3.6785,0.6544
3.8438,0.64365
2.9066,0.71213
4.2007,0.6173
3.8758,0.64944
3.4999,0.65833
3.3959,0.66507
2.8525,0.71492
2.8082,0.72147
2.9975,0.70634
3.3053,0.67485
3.8447,0.62982
3.9292,0.6229
2.8955,0.70804
2.8823,0.71369
3.0455,0.7011
2.7453,0.72601
3.1741,0.69056
2.9151,0.71038
4.3989,0.62288
4.3984,0.62163
5.2962,0.56291
5.9469,0.51621
4.8932,0.56221
4.5385,0.60645
2.6849,0.73065
3.5135,0.67036
5.3406,0.55456
3.4447,0.66136
4.431,0.61571
4.1133,0.6362
4.4843,0.61569
4.2609,0.62772
4.5748,0.57774
3.1285,0.68928
3.6307,0.65835
2.9156,0.71138
2.7419,0.72596
2.8847,0.714
4.2074,0.60182
3.7835,0.62899
2.7958,0.71894
2.8247,0.71621
3.2678,0.67415
3.1161,0.69167
4.0099,0.61767
4.2484,0.6032
3.0246,0.69774
2.8773,0.71188
3.3433,0.67814
2.9622,0.70876
2.9929,0.70509
3.0275,0.69797
3.4311,0.67027
3.4769,0.6672
3.0934,0.69708
4.1052,0.60864
3.0824,0.68897
3.6464,0.64386
2.7359,0.72108
3.8757,0.62535
3.4073,0.66381
4.1034,0.60783
2.9834,0.69962
2.7326,0.72043
3.8061,0.62982
4.0241,0.61046
3.2533,0.6617
4.2033,0.59781
2.9437,0.70262
2.9278,0.70623
2.6087,0.73718
2.8381,0.71425
4.2624,0.59884
4.0662,0.61379
4.5945,0.5771
3.3572,0.68043
2.638,0.7352
3.1904,0.68864
3.3776,0.67882
3.9988,0.62687
3.0427,0.69195
1.7478,0.83094
2.6905,0.72961
3.0385,0.69581
1.6963,0.83654
3.212,0.67801
3.0744,0.69112
3.0186,0.70119
2.8478,0.71503
2.8648,0.71335
2.7448,0.71882
3.2271,0.67729
4.1251,0.6089
3.5407,0.65463
2.9711,0.69615
2.7511,0.71951
2.7924,0.71758
2.5535,0.741
2.6444,0.73178
2.7396,0.72312
2.7127,0.72514
2.7533,0.7226
3.423,0.65523
4.3197,0.59415
3.9526,0.61796
4.1869,0.59975
3.7297,0.631
3.8563,0.61998
3.051,0.6954
3.0491,0.68803
2.6215,0.73218
2.9523,0.70432
2.7989,0.71713
2.8637,0.71665
3.483,0.64931
3.5406,0.6481
2.3203,0.75398
2.4206,0.73713
2.3982,0.74345
2.3219,0.75084
2.7244,0.70563
2.4622,0.73416
2.4488,0.73553
2.1213,0.78131
2.1431,0.77898
1.9562,0.80082
4.1749,0.59454
4.0098,0.60707
3.6939,0.63028
2.7635,0.71762
2.7966,0.71467
2.7587,0.71881
2.7233,0.72241
2.7926,0.71615
2.8802,0.70269
2.75,0.71921
2.4788,0.74354
2.7181,0.72083
3.6404,0.63093
3.6104,0.6348
3.914,0.62136
2.7804,0.71535
3.2661,0.66339
3.7035,0.63311
4.9411,0.54673
3.1062,0.68301
1.9939,0.79158
2.7575,0.71528
2.8185,0.7086
2.8984,0.69905
2.8659,0.70747
2.8723,0.70532
2.895,0.70388
4.1663,0.59741
5.5096,0.51663
2.872,0.70429
2.7909,0.71113
2.8406,0.7062
3.3266,0.65905
4.947,0.54521
3.0061,0.68959
3.0834,0.68033
3.0716,0.68758
2.629,0.72404
2.6092,0.72207
3.1421,0.68142
2.5333,0.73229
2.5725,0.72995
2.8069,0.70805
2.6727,0.71876
3.4449,0.64947
2.869,0.70161
2.8014,0.70704
3.8355,0.63882
2.7008,0.71682
2.7963,0.69592
3.0989,0.67451
3.6803,0.64734
3.9916,0.62879
2.8764,0.69516
3.2225,0.66153
4.3723,0.57541
2.5986,0.7231
2.9125,0.69601
2.4462,0.73809
2.8285,0.69622
5.6515,0.49791
2.8757,0.69407
2.8909,0.6925
2.9002,0.69439
2.7374,0.7074
2.7966,0.70221
3.6173,0.64223
3.72,0.63812
3.1236,0.66528
4.6071,0.58171
5.3613,0.53934
2.902,0.69269
2.9032,0.69157
2.7188,0.70686
3.0665,0.67495
2.8347,0.69582
4.0974,0.61653
3.0652,0.67317
2.9885,0.67864
2.9226,0.68724
5.1094,0.55193
4.5018,0.58481
5.1311,0.53872
5.9333,0.48738
3.2458,0.6626
2.7121,0.70292
4.0121,0.61671
2.8524,0.6901
4.3401,0.58334
3.052,0.67332
3.0755,0.67262
4.4283,0.56645
5.149,0.52871
4.1878,0.58483
3.0651,0.6758
4.2885,0.60324
4.0682,0.61769
3.6841,0.61914
3.9303,0.60146
2.914,0.68305
2.6025,0.71416
2.6937,0.70418
2.5814,0.7148
2.6576,0.70878
2.8148,0.69323
2.8388,0.69071
3.5103,0.62615
4.7928,0.54028
4.6446,0.54617
5.0123,0.52159
5.4695,0.4949
3.7198,0.60939
2.7052,0.7013
2.8949,0.6829
2.8737,0.68409
2.819,0.68822
3.0353,0.67168
4.4753,0.55483
3.9802,0.58928
3.0309,0.67208
4.1819,0.59875
4.6491,0.56821
4.3379,0.58272
3.5084,0.62109
4.3106,0.59072
3.9319,0.58971
4.4902,0.54619
4.3131,0.55916
2.5946,0.70289
2.7587,0.69167
2.6905,0.69618
3.1102,0.65266
2.4404,0.72241
2.6802,0.69968
2.5024,0.7148
3.3643,0.6269
2.5482,0.70986
2.6525,0.70375
3.9084,0.59635
2.6234,0.7029
2.4741,0.71884
2.4683,0.7145
3.1791,0.64327
2.2208,0.74712
3.909,0.61832
2.5093,0.71519
2.9565,0.6578
5.3534,0.49846
3.3032,0.6452
2.4061,0.72002
2.744,0.68751
3.1445,0.65046
3.2789,0.63623
2.752,0.68527
2.469,0.713
2.4863,0.70896
3.8152,0.62072
2.7205,0.68442
2.7299,0.68405
2.5064,0.71121
2.5841,0.70315
2.6506,0.69117
2.4785,0.71456
4.4245,0.55563
2.5669,0.70128
2.8359,0.67794
3.5086,0.6285
3.8739,0.58901
5.8272,0.47449
3.8107,0.58834
2.6052,0.69383
2.7821,0.681
3.5012,0.6284
3.0955,0.6422
2.4289,0.71104
2.8721,0.66943
3.9884,0.589
3.4631,0.626
3.1827,0.64907
3.0338,0.65752
3.407,0.61142
3.7068,0.59719
3.7619,0.60571
4.4919,0.55041
4.3336,0.56145
3.8168,0.60182
3.3611,0.63085
3.7938,0.58009
2.8377,0.66749
3.2342,0.63466
4.1968,0.56323
3.404,0.63976
2.4972,0.72994
3.1609,0.67581
3.6627,0.63232
4.4351,0.5619
3.515,0.63697
3.3405,0.64992
3.2807,0.65331
3.6491,0.61959
3.1671,0.66377
3.4763,0.64093
3.3763,0.64921
3.9031,0.60264
3.1386,0.67007
2.9449,0.68214
2.5871,0.70936
4.513,0.54826
4.0518,0.57964
3.448,0.64435
3.05,0.67213
2.3268,0.73628
3.4276,0.62547
2.5808,0.71212
3.2956,0.65405
3.4769,0.62082
4.22,0.57559
3.0374,0.67099
3.2027,0.65427
3.5176,0.62009
2.6267,0.69715
2.7664,0.69283
2.3826,0.72987
3.2157,0.65091
3.6296,0.61223
4.9088,0.52192
2.5447,0.70899
2.6415,0.70072
2.0549,0.75906
2.5856,0.68225
2.7153,0.69181
1.9209,0.78254
2.565,0.70831
3.3861,0.62669
2.4377,0.70685
4.3922,0.5484
2.5908,0.70358
3.4049,0.62837
4.3239,0.55498
3.023,0.65537
2.885,0.66961
3.231,0.64408
3.3713,0.62364
2.6365,0.69045
4.6915,0.52511
3.1308,0.64411
2.9287,0.66215
4.671,0.53528
5.7268,0.46777
3.8132,0.60088
3.7154,0.59367
4.0021,0.5736
5.5051,0.48923
3.3458,0.63738
2.7711,0.68469
3.105,0.65178
3.8707,0.57706
4.1669,0.55789
2.5563,0.70054
2.4682,0.70574
3.2183,0.64844
3.2603,0.62836
4.9115,0.50916
2.3417,0.7007
3.0191,0.63923
4.0957,0.55633
4.2572,0.54845
4.7374,0.52608
3.0051,0.65244
3.0151,0.64774
2.944,0.65217
3.0575,0.64538
2.9876,0.66073
2.5276,0.69849
4.1409,0.55372
4.0953,0.55793
2.3474,0.70516
3.7035,0.59142
2.9021,0.65967
2.5761,0.69444
3.4326,0.61167
5.6637,0.46552
3.8124,0.57935
2.9358,0.65512
3.1018,0.63914
3.423,0.61109
3.384,0.61095
3.0637,0.6439
3.2722,0.61823
2.8501,0.6633
2.6056,0.68251
2.7384,0.67228
5.9021,0.48275
3.224,0.63824
2.6842,0.67987
3.7732,0.58017
2.9734,0.65146
2.1664,0.73124
2.1274,0.73581
6.3881,0.43029
2.8972,0.65817
2.9802,0.65642
3.4131,0.60301
6.948,0.40684
3.3889,0.61029
2.7521,0.66847
3.6479,0.58456
5.5368,0.47282
2.5957,0.68239
2.547,0.68875
4.1386,0.55263
7.2928,0.41388
3.5623,0.61066
3.257,0.6405
3.576,0.60445
7.1825,0.39159
2.6987,0.6658
3.4524,0.6225
1.7634,0.7601
4.7479,0.52306
2.7523,0.66715
3.2485,0.61416
4.6402,0.50575
3.0431,0.65363
3.8662,0.57943
2.8324,0.65301
5.1863,0.47905
3.0866,0.63109
1.725,0.78455
3.1229,0.62279
3.3099,0.60932
1.8182,0.77081
1.8496,0.761
2.5474,0.66575
3.5488,0.59906
3.2639,0.62851
3.2435,0.60799
2.5902,0.68225
1.6895,0.78486
2.6177,0.65069
3.3316,0.60191
2.6282,0.67334
3.1937,0.61071
4.3545,0.51946
4.0489,0.54717
2.799,0.65634
2.9084,0.65175
3.8985,0.55784
2.9851,0.63304
2.5849,0.67615
3.1447,0.61998
9.2957,0.30693
3.2777,0.60932
2.5824,0.67375
2.9272,0.64103
6.2018,0.4392
1.7405,0.77615
1.8533,0.76336
2.6831,0.66974
3.0388,0.59802
3.4167,0.59888
3.549,0.60222
2.7112,0.65744
6.0987,0.42556
2.5965,0.6738
2.8531,0.65177
2.696,0.65924
7.7659,0.36079
2.8311,0.65062
2.7582,0.65949
2.8736,0.65151
4.1484,0.53483
3.2357,0.61467
3.1261,0.62523
3.7096,0.57088
3.0204,0.62432
3.334,0.60833
3.1929,0.61588
4.0266,0.54947
3.3178,0.60837
2.4962,0.68066
3.0207,0.63445
2.3117,0.69851
1.5781,0.79067
3.9041,0.53953
5.7395,0.43515
2.6383,0.66178
2.657,0.66335
2.9089,0.63661
3.1,0.61574
2.6234,0.66657
2.7778,0.65233
5.252,0.4705
5.1353,0.474
3.2826,0.61544
2.686,0.66136
2.9241,0.61032
5.1821,0.4758
1.5763,0.78514
3.6925,0.57433
4.3927,0.49744
1.9432,0.73123
2.2834,0.70138
4.5198,0.5073
3.5314,0.55855
1.7722,0.76629
1.3676,0.82057
1.7423,0.77016
3.764,0.55701
3.0008,0.64173
2.4089,0.68834
2.9704,0.6279
4.5816,0.49963
2.725,0.65302
2.9683,0.62797
2.5005,0.67357
2.3284,0.67334
4.9183,0.47934
3.7022,0.56225
2.3884,0.68925
1.3388,0.82605
2.2611,0.68007
3.0144,0.6002
1.3257,0.82746
3.4657,0.58241
2.5965,0.64485
4.9573,0.47474
2.5947,0.66874
1.3941,0.81603
4.3328,0.521
3.8327,0.57156
1.4644,0.80135
2.6137,0.65673
3.4963,0.57483
2.4708,0.67331
3.0229,0.61608
4.2313,0.52206
2.5685,0.66629
2.3351,0.69548
2.3151,0.69811
3.4929,0.58399
3.3263,0.61116
2.2455,0.70049
3.6531,0.56162
3.7252,0.55359
2.0403,0.72627
2.13,0.71548
2.3649,0.68334
4.832,0.48461
2.7666,0.648
2.6863,0.65693
2.6923,0.65635
6.1938,0.41469
8.2381,0.3658
2.6558,0.66028
2.6769,0.65588
2.9898,0.62124
2.6511,0.66451
2.3669,0.68982
2.4252,0.66458
2.5959,0.66519
2.6433,0.65547
2.7052,0.64592
3.4299,0.577
1.9005,0.74362
2.7763,0.64578
1.9471,0.73472
2.6755,0.63263
2.5787,0.66576
2.5448,0.66952
3.73,0.56187
4.8423,0.47954
2.622,0.65884
1.8231,0.75622
2.5514,0.66731
3.147,0.57345
2.0684,0.71349
2.8849,0.63308
6.9216,0.38227
3.0776,0.61027
1.8343,0.75229
1.8078,0.75072
3.3093,0.55625
1.7716,0.76115
2.5181,0.66961
2.5484,0.6397
6.265,0.41894
1.824,0.75534
1.7525,0.76348
6.0922,0.42118
1.8356,0.75105
1.8181,0.74914
2.0513,0.71755
5.4497,0.44902
1.7854,0.7611
1.7234,0.77197
4.4824,0.50825
2.5868,0.64515
1.8469,0.74882
2.7691,0.63974
3.7827,0.55161
2.6776,0.63135
2.0519,0.7179
2.0574,0.71773
2.1005,0.70711
1.7725,0.76156
1.9446,0.73842
2.2394,0.68982
2.2594,0.68581
3.6791,0.56168
2.2251,0.69033
2.4225,0.66537
2.7979,0.64203
1.8958,0.74213
2.8678,0.63547
2.8544,0.63565
2.5225,0.65157
4.6169,0.48831
2.3298,0.66528
1.8462,0.75076
2.1023,0.71034
2.4317,0.65714
1.9709,0.72779
1.5726,0.76725
2.7404,0.61743
1.6816,0.74939
2.0303,0.72316
3.5929,0.5673
5.9236,0.45584
3.0064,0.62547
2.6046,0.66195
2.9001,0.6275
4.8126,0.47566
8.3575,0.32245
2.7875,0.63411
4.0531,0.53034
5.4689,0.4209
2.1181,0.69366
1.7848,0.7609
1.9289,0.73609
3.3447,0.58094
3.8976,0.53843
2.0988,0.70293
3.2115,0.5903
3.1834,0.59889
3.6442,0.55538
4.0405,0.5272
3.2945,0.58747
3.0173,0.61198
4.1404,0.52341
2.6536,0.62758
1.8388,0.74876
2.6921,0.65027
3.1974,0.59856
4.7502,0.47774
1.732,0.74103
2.5083,0.66334
2.7382,0.64007
3.0408,0.60797
3.4719,0.58251
3.3132,0.58314
4.8638,0.46814
2.5851,0.65022
1.8817,0.71906
4.4392,0.50378
3.0013,0.61391
2.7271,0.6448
3.4993,0.57119
3.4872,0.58045
3.7249,0.55102
4.5485,0.49646
3.7778,0.5489
3.6975,0.55293
1.8887,0.73759
2.246,0.68255
4.306,0.50554
4.1647,0.51652
3.291,0.58432
2.812,0.62934
4.1338,0.52008
2.4534,0.65866
2.7825,0.63976
3.0042,0.61469
3.6608,0.5544
3.9623,0.53432
2.5258,0.65757
2.5769,0.65062
2.9515,0.6114
3.747,0.54491
4.0362,0.52386
4.0542,0.53061
3.5717,0.56171
2.5791,0.65928
2.8604,0.62638
4.221,0.51241
2.9502,0.61166
2.6756,0.644
3.0613,0.60264
5.4156,0.44401
2.678,0.64244
2.4234,0.67145
3.64,0.55698
2.5194,0.64164
2.6297,0.65389
2.8578,0.63139
2.8129,0.63432
4.6506,0.48997
4.5671,0.49261
4.9529,0.46863
3.2405,0.59807
2.141,0.69718
4.4126,0.49814
4.7532,0.47446
3.7654,0.54865
3.0306,0.60935
3.3778,0.57503
4.2839,0.5119
2.5996,0.65301
3.1027,0.6054
4.1254,0.51697
3.2968,0.58095
2.8472,0.62576
3.9511,0.52848
5.4488,0.44076
3.5786,0.55659
2.5182,0.65579
2.812,0.63184
1.8497,0.73983
2.1986,0.68099
4.2025,0.50334
2.2542,0.6721
3.2564,0.59073
3.0857,0.60392
2.31,0.66944
3.8477,0.5424
2.0169,0.69939
2.2242,0.67234
2.0599,0.69105
1.7088,0.74172
2.0904,0.68914
2.7248,0.63565
2.5814,0.64969
3.0661,0.60953
3.123,0.5925
5.1996,0.45168
2.5779,0.64789
2.753,0.63546
1.8139,0.74313
5.8839,0.41665
3.2652,0.58084
3.1728,0.59857
2.7881,0.63271
2.7848,0.63333
3.8036,0.53877
4.0689,0.52
3.0885,0.59887
1.849,0.7387
3.5797,0.55277
4.2835,0.50349
4.2829,0.50528
1.7966,0.74469
1.8793,0.73418
1.9233,0.72196
2.6299,0.62484
3.1184,0.60512
3.2298,0.59319
4.4984,0.49608
1.8698,0.73252
1.8682,0.73469
1.93,0.72478
2.1226,0.69152
2.1584,0.68925
1.8898,0.73083
2.151,0.68281
5.4626,0.43427
1.9989,0.71406
2.6651,0.64078
1.9705,0.71805
4.8033,0.4677
2.4785,0.64142
2.6842,0.6199
1.9968,0.71712
2.7475,0.63288
1.9962,0.70609
5.2742,0.44946
4.8351,0.4723
3.0914,0.59841
2.8169,0.62776
3.1274,0.5976
3.3711,0.57232
2.8387,0.62844
2.7455,0.63565
3.3258,0.58693
6.2583,0.43072
2.7171,0.63724
2.704,0.6405
2.7202,0.63783
2.4231,0.64089
1.945,0.72439
2.8219,0.621
2.8037,0.62702
3.4903,0.57342
5.3357,0.44079
4.6893,0.47574
2.8464,0.62503
2.8611,0.62341
2.8353,0.6228
4.1082,0.52578
2.7075,0.63365
4.1753,0.50822
5.062,0.45546
3.3797,0.57286
3.1147,0.60409
1.5604,0.76459
2.129,0.68673
7.4407,0.37833
2.6803,0.63845
1.9828,0.72015
1.9988,0.71244
2.6106,0.61528
2.8817,0.62085
2.7208,0.63494
3.28,0.58022
8.5163,0.31093
2.6597,0.64041
2.8323,0.62782
3.8572,0.55561
4.1611,0.51336
2.0228,0.70972
1.8579,0.73634
2.6294,0.64664
2.0881,0.69604
4.9314,0.46355
3.5584,0.55269
2.9237,0.61511
2.5813,0.64445
2.0953,0.6939
6.2032,0.40381
3.098,0.59955
2.4094,0.6628
3.7585,0.54032
2.5499,0.6318
3.2896,0.57982
3.1127,0.59041
3.8472,0.52951
4.1044,0.52393
2.7298,0.63363
2.8472,0.62424
2.8956,0.61644
4.012,0.52158
2.6524,0.63967
2.371,0.66471
2.7497,0.62173
4.0344,0.51543
3.711,0.54287
2.6604,0.63638
1.8689,0.73458
1.9024,0.72951
2.3752,0.65201
4.7936,0.48068
2.2773,0.67302
2.7225,0.63099
3.1781,0.58463
3.6918,0.54216
3.644,0.54675
3.1025,0.59187
2.9946,0.60382
4.5121,0.48757
3.6559,0.54233
3.8576,0.52819
2.8417,0.62044
2.7459,0.62877
2.9438,0.60039
3.8892,0.52894
2.6821,0.63005
2.6949,0.63404
3.6231,0.54249
5.2993,0.45211
3.4359,0.56244
3.4714,0.5594
2.2984,0.66765
2.0759,0.69715
2.5147,0.63434
2.7628,0.59985
3.5758,0.56187
2.8529,0.61801
2.0769,0.69709
3.5641,0.52791
2.0756,0.6969
2.7941,0.62556
1.9296,0.72313
2.2971,0.66333
1.6999,0.73467
1.7987,0.7214
2.4548,0.64691
3.3471,0.55041
3.9833,0.52601
1.7442,0.72895
2.2328,0.67566
2.7315,0.5976
2.0108,0.68735
2.639,0.63996
1.9916,0.71255
2.5142,0.63299
4.6231,0.4838
1.7257,0.73566
1.7659,0.72696
2.3012,0.65502
3.7221,0.54449
3.1266,0.59499
3.5799,0.5625
4.4121,0.49734
5.0327,0.45919
1.5442,0.76512
2.7434,0.63037
4.0033,0.5195
1.7235,0.74895
1.882,0.72174
1.9786,0.70536
2.1454,0.67026
2.0038,0.70626
2.9053,0.61854
1.9206,0.72005
4.6541,0.48106
2.3839,0.65571
1.722,0.75228
3.3866,0.57857
3.6061,0.55936
2.9819,0.60969
2.461,0.65895
4.6323,0.4862
5.2227,0.47551
2.4813,0.65673
1.7546,0.74863
1.9088,0.72444
5.6346,0.42047
2.9769,0.60593
2.523,0.63415
4.0128,0.52005
2.0655,0.69594
3.4661,0.57288
3.1587,0.5924
3.361,0.57797
4.3153,0.50294
4.2231,0.50815
3.3125,0.57934
3.0514,0.59929
3.9666,0.52601
4.7256,0.47505
4.3349,0.50021
2.7698,0.62952
2.7303,0.63484
2.1477,0.69525
2.1377,0.69321
3.0526,0.60638
1.9633,0.71865
2.0327,0.706
4.2303,0.50493
3.7122,0.54398
4.6005,0.4812
2.9608,0.60525
2.8205,0.62223
2.8342,0.62585
4.255,0.50672
3.456,0.56275
2.7475,0.62693
3.2739,0.57931
4.9724,0.4568
3.7139,0.54322
4.3472,0.4987
5.0645,0.45261
5.1927,0.45326
3.2404,0.57746
1.9816,0.71156
4.0631,0.51454
3.0106,0.57656
3.3581,0.57302
3.61,0.54843
3.0546,0.59462
3.625,0.54446
2.7117,0.59748
3.2505,0.55175
5.1265,0.44518
3.5164,0.56205
2.1002,0.69547
2.5151,0.63169
2.9333,0.57895
2.2396,0.67126
1.973,0.71333
2.2083,0.67529
2.4663,0.64064
2.0854,0.69733
1.7735,0.74409
2.2388,0.66748
3.7713,0.53473
1.7379,0.74529
1.9483,0.71207
4.9471,0.46275
2.9673,0.61226
2.6946,0.63563
2.5411,0.63091
3.1635,0.58005
1.7355,0.72507
1.4608,0.77362
2.5261,0.62334
1.9587,0.7165
1.5246,0.76404
1.7952,0.72332
2.714,0.6256
1.5231,0.76498
2.977,0.6014
2.8721,0.5884
5.9075,0.41701
1.8153,0.74305
2.7212,0.63443
2.9598,0.60642
3.2668,0.58426
3.3166,0.5908
1.8462,0.73484
3.8896,0.53147
4.5146,0.5057
2.6688,0.63485
2.7584,0.62643
3.7313,0.54086
3.5671,0.55742
2.9711,0.60736
3.9861,0.5179
3.6943,0.54669
3.2128,0.58513
1.9136,0.721
2.0807,0.68893
1.9693,0.71003
3.0782,0.59841
3.9507,0.52859
5.6051,0.42504
2.2206,0.66684
4.5935,0.48518
3.6605,0.547
4.754,0.47282
4.3702,0.49805
4.4362,0.49659
3.1277,0.59376
3.0824,0.59755
4.5659,0.48282
5.7345,0.45082
3.4673,0.5606
3.6358,0.54584
3.6542,0.54869
2.132,0.68272
3.967,0.52495
2.1518,0.68644
3.6694,0.54717
4.714,0.47
4.2149,0.49836
1.8297,0.73105
2.5042,0.62582
2.6647,0.60656
2.211,0.68022
2.8301,0.62067
3.1552,0.58855
5.6906,0.41931
2.724,0.61513
2.6931,0.61228
2.3256,0.65501
2.5399,0.62503
2.2606,0.66952
2.247,0.66769
2.5746,0.62694
2.3807,0.65012
2.4566,0.63821
4.1167,0.51225
2.3912,0.64713
3.8417,0.5299
3.4026,0.56326
3.5801,0.54965
3.8877,0.52684
4.3629,0.49289
3.491,0.55628
2.8887,0.61406
3.2484,0.58071
3.6712,0.54493
3.2084,0.58552
3.1263,0.59018
3.8871,0.5226
2.5121,0.62164
2.9029,0.57662
2.5151,0.63127
2.4413,0.64003
2.4293,0.64013
2.5179,0.63488
2.1023,0.69337
2.0367,0.7011
2.6093,0.61818
1.8641,0.73207
1.7766,0.74272
2.1552,0.68353
5.3635,0.43222
4.4908,0.48265
3.4829,0.55584
2.8757,0.61521
4.1227,0.50865
2.4581,0.63599
4.0538,0.51034
2.088,0.69116
3.883,0.52412
5.0138,0.45329
2.5347,0.632
2.126,0.6865
2.243,0.66109
4.452,0.48337
2.3706,0.65429
2.2813,0.6726
2.9677,0.60175
2.1411,0.69225
4.6592,0.4741
3.6261,0.54547
3.4894,0.5537
3.8752,0.5235
3.861,0.52651
3.4573,0.55745
4.6809,0.47237
5.2222,0.43766
1.8012,0.73889
1.8877,0.72137
2.1421,0.67027
5.5845,0.42204
2.4654,0.65472
3.223,0.58121
2.3775,0.64268
3.5826,0.54729
3.0888,0.59478
2.8607,0.61487
3.7169,0.53662
4.779,0.46487
3.267,0.57641
2.06,0.69324
2.417,0.63889
2.9739,0.58448
2.3261,0.65872
1.8481,0.73042
2.1192,0.68526
2.2275,0.66693
2.1866,0.67229
2.4843,0.63363
2.1088,0.68646
2.3484,0.6565
3.5656,0.54973
4.1297,0.50768
3.7664,0.53044
2.3492,0.65794
4.3347,0.49267
2.5015,0.62933
2.7485,0.6059
3.6886,0.53901
3.0957,0.58943
2.5096,0.63057
4.7665,0.46754
3.3915,0.56675
2.6518,0.63857
4.3788,0.49468
4.4737,0.48747
4.1546,0.5128
4.0619,0.51107
4.0122,0.51407
4.4574,0.48588
2.1965,0.66966
3.4041,0.56481
4.1568,0.50338
3.8128,0.52848
2.248,0.66751
2.2234,0.67306
3.8144,0.5229
3.2358,0.57573
3.7978,0.53329
2.3579,0.65306
3.1711,0.58585
3.3761,0.56821
3.6299,0.54393
3.2035,0.57884
3.3594,0.56406
6.1755,0.39867
4.2021,0.50882
3.6634,0.54385
3.4257,0.56605
3.7981,0.53267
3.9198,0.52555
4.2333,0.49539
4.2336,0.49477
4.686,0.46642
5.1444,0.44737
2.9634,0.60504
2.8485,0.61309
4.5993,0.47792
4.8931,0.45967
3.4767,0.55715
2.0764,0.69525
2.4261,0.64257
5.0519,0.44459
2.6434,0.61623
4.1854,0.50918
4.8249,0.46022
4.2268,0.5007
4.1516,0.50475
2.833,0.60956
3.6713,0.5352
3.8702,0.52462
2.484,0.63274
5.0815,0.44844
3.3052,0.57048
3.3956,0.56399
2.9629,0.60263
2.6567,0.63775
3.091,0.58601
3.2423,0.58034
3.4779,0.55734
3.6343,0.53675
3.6153,0.53881
3.5057,0.55294
4.3975,0.48559
2.5301,0.63004
3.6763,0.54209
2.5903,0.63947
4.3021,0.49686
5.3813,0.43116
4.0762,0.50704
2.1632,0.68064
2.8262,0.61494
3.6723,0.54087
5.1409,0.44168
5.0625,0.44298
3.5836,0.53842
3.352,0.56548
3.0431,0.58908
4.1007,0.50164
2.7919,0.61776
2.9492,0.61352
3.3463,0.58221
3.8887,0.52864
7.6919,0.34133
3.0581,0.58879
3.1803,0.5765
3.898,0.52402
4.5832,0.4713
2.4307,0.64245
2.3613,0.64712
5.1726,0.43764
1.9889,0.68502
2.2318,0.67165
2.7641,0.59599
3.8753,0.524
2.6292,0.63644
2.6173,0.63343
3.6712,0.54462
4.91,0.46169
3.859,0.5319
3.419,0.57046
2.3381,0.64935
2.7639,0.59472
2.2483,0.66277
2.6249,0.613
4.1278,0.50351
4.3296,0.49003
1.7457,0.74061
3.1858,0.57886
4.95,0.46028
5.4228,0.43458
4.3812,0.48974
3.0347,0.59856
2.7455,0.62347
3.161,0.58514
4.5595,0.47347
5.0361,0.44418
2.7174,0.60222
3.1355,0.55088
2.3528,0.64811
2.3002,0.65614
4.4095,0.48643
2.5294,0.62777
2.6201,0.61331
4.8895,0.456
2.6347,0.60895
4.3208,0.48682
4.3909,0.49702
4.423,0.47886
3.6759,0.54951
3.7187,0.5309
3.8442,0.52497
3.7075,0.53843
3.3309,0.56724
3.2072,0.58365
4.415,0.49087
4.4613,0.48779
4.6885,0.48503
2.725,0.62565
3.0073,0.59382
4.655,0.47756
2.997,0.59549
1.791,0.74116
3.5,0.55775
5.0473,0.46713
3.0549,0.59533
2.7391,0.62565
3.2183,0.57756
5.2834,0.43506
4.3617,0.48967
4.1127,0.5187
2.667,0.6331
3.6986,0.53789
5.5129,0.42753
3.4087,0.56157
2.2635,0.67294
2.8882,0.61145
3.3866,0.55196
4.031,0.51206
2.7546,0.62854
2.6355,0.63869
3.4601,0.5613
4.0227,0.51874
4.2597,0.50057
2.9792,0.61294
2.9624,0.61032
3.588,0.5428
5.3075,0.44289
2.6667,0.63598
2.6482,0.63863
3.4954,0.55482
4.0487,0.51907
3.6705,0.54623
3.2256,0.5739
2.0625,0.68798
4.175,0.50438
4.8295,0.46174
4.6531,0.47284
5.1437,0.44263
3.0205,0.59642
3.4256,0.56031
2.1987,0.67451
4.6428,0.4825
2.7244,0.60858
3.1422,0.58865
2.5977,0.64533
3.4863,0.56581
4.3571,0.49883
3.3342,0.57329
3.6757,0.54837
4.3963,0.49881
4.3681,0.48924
5.7503,0.4137
3.8791,0.53405
4.6142,0.48145
2.6646,0.61036
2.4874,0.63199
2.176,0.68391
3.7101,0.5408
4.0171,0.51825
5.242,0.44058
3.1272,0.59725
3.3482,0.58552
2.9142,0.611
3.2044,0.58818
5.0026,0.46176
2.6317,0.62703
2.527,0.64092
4.1981,0.51405
6.033,0.4088
1.8348,0.73776
1.9047,0.72761
1.7439,0.75456
4.1787,0.5096
5.4021,0.44003
3.3788,0.57201
2.6008,0.65391
2.6305,0.63937
3.2363,0.58094
5.0628,0.45283
2.2543,0.67121
4.0305,0.52393
1.9292,0.72018
3.6673,0.55372
4.8232,0.472
3.2745,0.58401
2.9369,0.61568
4.0432,0.52392
5.0617,0.45999
3.8439,0.53696
3.7808,0.54551
1.7151,0.74726
2.7317,0.6324
3.6606,0.53897
3.3542,0.57265
3.0181,0.60582
2.5667,0.652
2.993,0.61075
3.9729,0.52796
3.5663,0.55577
2.35,0.66014
2.6615,0.6226
2.8984,0.59759
3.3467,0.58072
3.0504,0.60495
3.1037,0.60079
2.7954,0.60728
2.1765,0.67719
2.359,0.66749
3.43,0.57613
3.6498,0.55603
2.9936,0.61346
1.401,0.80454
3.8427,0.54116
5.6861,0.43573
4.8735,0.47802
3.8571,0.55045
2.9268,0.63613
2.948,0.6324
4.3324,0.51389
5.2635,0.45646
3.1254,0.61464
1.8312,0.7452
3.2109,0.5935
4.3433,0.50874
4.0898,0.52916
3.1474,0.60551
3.4019,0.5848
2.3758,0.66518
2.7745,0.64516
2.3738,0.68532
2.8593,0.62436
4.3288,0.50943
5.1626,0.46232
1.7128,0.76661
2.5873,0.66328
3.4101,0.58265
4.1881,0.52305
3.9944,0.53706
3.7135,0.56106
2.6416,0.65888
1.7836,0.75567
4.7153,0.48677
3.3206,0.59236
2.4601,0.67981
3.9556,0.54824
3.7725,0.55128
3.4563,0.57175
2.4482,0.67323
3.3013,0.59672
1.6962,0.74948
3.7683,0.55016
4.4899,0.50436
2.6336,0.65659
2.766,0.64488
3.3385,0.58933
4.4921,0.5091
2.5252,0.6425
4.1337,0.53258
3.7327,0.56464
3.3321,0.59318
2.1072,0.70495
2.0718,0.71203
1.9731,0.72306
2.649,0.62898
5.9339,0.42658
3.8856,0.54854
1.479,0.79479
2.9581,0.62854
2.1961,0.69871
4.021,0.54258
4.9968,0.47559
2.6669,0.63493
4.9937,0.47397
4.4706,0.50648
3.5108,0.57414
4.0141,0.53855
3.6977,0.56128
3.6709,0.56838
3.2254,0.60117
3.448,0.58479
4.076,0.53431
3.713,0.5598
1.634,0.78848
1.8052,0.75696
3.8323,0.55432
4.4596,0.51209
4.5799,0.50491
4.2415,0.52865
3.1169,0.61711
2.6151,0.66924
1.8151,0.75964
2.6146,0.6697
1.8686,0.74803
2.4101,0.66747
2.2852,0.6844
2.0933,0.71462
4.075,0.54584
3.4696,0.58256
4.6813,0.5086
3.3076,0.60923
2.7566,0.66191
2.7256,0.65725
4.2387,0.53401
5.5212,0.45783
3.3878,0.59592
2.9056,0.65017
3.2458,0.62569
2.6617,0.66981
4.3031,0.53257
3.5168,0.59093
3.498,0.59245
3.3156,0.60287
2.4827,0.68758
3.0785,0.62349
4.7906,0.49658
2.95,0.64621
2.4894,0.68734
2.6309,0.66947
3.6804,0.58702
5.1248,0.47944
5.1135,0.48299
1.3296,0.83626
2.5395,0.68345
2.5514,0.68202
4.1669,0.53844
2.6333,0.67038
2.5944,0.67455
3.5293,0.58731
5.4506,0.46548
4.0438,0.54759
2.7097,0.66536
2.7771,0.65516
4.0074,0.55997
3.3608,0.60311
3.1494,0.6223
3.1097,0.62311
2.8397,0.65056
3.4611,0.60663
4.3655,0.52716
5.3001,0.47371
3.0754,0.62911
2.5787,0.68056
2.4105,0.69713
4.1847,0.54253
4.5164,0.51856
5.8774,0.45266
2.896,0.64748
2.9445,0.65529
3.284,0.62026
3.2825,0.61119
4.7636,0.51548
2.9641,0.64365
2.6649,0.67474
3.6896,0.58148
4.4072,0.53415
4.1892,0.54564
3.2812,0.61729
2.4637,0.69754
2.5385,0.6903
4.5771,0.52717
4.839,0.50352
3.8383,0.56989
3.736,0.57839
4.6934,0.51481
5.5647,0.46718
4.6494,0.51897
2.755,0.66721
2.8087,0.66293
3.2541,0.63786
4.2183,0.54361
3.9899,0.56165
3.8147,0.58632
3.0159,0.66372
3.079,0.63409
3.7796,0.58587
3.1953,0.63903
2.7756,0.67885
3.0638,0.65408
3.3474,0.61234
4.5675,0.51678
3.3729,0.59827
3.0778,0.63388
3.4595,0.60318
3.2589,0.62242
3.6895,0.58909
3.5106,0.60301
3.958,0.56693
3.4647,0.60703
2.752,0.6782
2.5304,0.69353
3.0305,0.63761
4.199,0.54332
4.0221,0.55607
3.3905,0.60753
3.6077,0.59084
4.1376,0.55403
4.0001,0.57174
3.6749,0.59068
2.7579,0.67443
3.4888,0.60599
3.7865,0.57979
3.2911,0.62611
3.71,0.58627
4.0912,0.55581
4.4095,0.54376
5.1247,0.49329
3.8757,0.5795
4.2847,0.54708
3.036,0.65303
2.2712,0.72046
2.5199,0.70031
4.3335,0.54333
3.8449,0.57685
3.7211,0.58446
4.4315,0.54295
2.5407,0.69554
4.1399,0.56456
4.0437,0.57386
2.8504,0.66446
3.5374,0.62458
2.4706,0.70595
3.8102,0.59506
4.8215,0.51427
3.555,0.59885
2.4683,0.70534
2.4023,0.71113
3.8018,0.5982
4.9005,0.51216
4.5044,0.53269
2.6707,0.68409
2.4608,0.70455
2.6214,0.68842
3.8317,0.57957
4.0752,0.56591
3.3608,0.61054
4.086,0.55621
4.1621,0.54996
6.3214,0.44633
4.3754,0.53723
4.5849,0.55196
2.7501,0.66417
3.5046,0.60738
2.3501,0.70824
2.3993,0.70283
3.714,0.59195
2.7752,0.65559
6.9049,0.41157
3.1905,0.63633
6.0537,0.45942
5.5144,0.48848
4.9228,0.51115
2.467,0.70794
2.366,0.71382
3.3092,0.6192
5.7892,0.46499
4.7862,0.51637
3.0695,0.64475
4.394,0.54164
2.9808,0.65658
3.7221,0.59089
3.2636,0.62786
4.3859,0.54279
4.2633,0.57157
5.4926,0.47616
4.8651,0.5328
2.7943,0.67418
3.3948,0.61933
2.456,0.71198
3.378,0.64164
4.2264,0.56926
3.5912,0.59388
4.5375,0.52629
5.1114,0.50268
5.6676,0.47309
6.4552,0.4381
7.064,0.41008
4.7339,0.5073
2.1639,0.72831
2.117,0.73766
3.7289,0.59003
4.5387,0.52918
4.3877,0.5406
6.4961,0.44471
5.217,0.51052
4.8857,0.53991
5.3659,0.5197
5.377,0.50457
6.9627,0.42623
5.2474,0.49182
3.2956,0.62296
3.7618,0.61507
3.3991,0.61822
6.274,0.46079
5.1855,0.50413
3.3497,0.62354
4.976,0.53691
4.3448,0.55939
3.6963,0.58817
4.8492,0.51985
4.5093,0.5458
6.0908,0.46127
6.4425,0.44467
6.1027,0.45951
2.8912,0.66895
2.1347,0.75028
2.48,0.71523
2.8132,0.67862
3.8393,0.58848
4.5602,0.54128
4.7902,0.52698
5.2759,0.50207
2.5743,0.70725
2.1774,0.75016
2.5399,0.70906
2.3141,0.72478
2.0421,0.76365
2.7386,0.68284
3.1119,0.64505
3.7453,0.59974
3.0342,0.65433
1.9793,0.77612
2.2554,0.73902
2.3809,0.7242
5.7817,0.47444
4.1835,0.54422
3.6622,0.5801
5.7199,0.47378
6.0331,0.45866
6.1768,0.45268
4.1505,0.56817
5.6049,0.49051
4.1564,0.57087
4.9358,0.52306
6.0097,0.47326
6.3317,0.45589
5.6051,0.48308
2.8464,0.67636
3.9961,0.5753
4.0518,0.57288
5.2481,0.50735
5.5446,0.491
5.0363,0.50939
3.3268,0.62734
4.8874,0.52258
4.8102,0.53366
6.091,0.46945
6.3438,0.45408
5.3753,0.50217
3.8147,0.58276
4.4122,0.57953
2.2682,0.73819
4.0192,0.60153
5.3088,0.52216
4.2311,0.60208
2.5985,0.71251
3.6425,0.63191
3.8574,0.60105
6.7923,0.44053
6.0084,0.47388
4.7563,0.53102
6.1331,0.4652
5.6269,0.4873
4.9414,0.52163
5.4878,0.52008
4.0578,0.58421
5.0588,0.51668
4.6807,0.53969
5.1332,0.51063
6.275,0.45554
4.145,0.56849
6.0787,0.46679
5.7858,0.49863
6.1775,0.45301
8.4095,0.3717
4.5833,0.54284
5.4604,0.49897
5.5624,0.4864
6.4726,0.44714
6.1435,0.46213
5.2542,0.50568
6.7153,0.44164
4.6226,0.55076
5.8794,0.47394
3.378,0.61343
5.6335,0.48732
5.2127,0.51094
2.2725,0.70871
4.9404,0.52744
3.8898,0.60939
4.6174,0.54799
2.2035,0.72336
6.1248,0.46737
6.0593,0.48941
5.5318,0.52056
6.4396,0.45058
7.1578,0.42252
6.9751,0.42462
4.5009,0.55112
5.861,0.478
4.3053,0.56522
4.1343,0.5821
4.3338,0.56102
4.4503,0.55735
6.7205,0.4477
6.2319,0.45742
5.1354,0.52124
4.3932,0.5636
5.2374,0.5122
6.4158,0.47539
4.1197,0.56262
4.2736,0.56958
6.0944,0.4895
6.2744,0.46197
5.0843,0.51607
5.1361,0.51343
5.2015,0.51305
6.4915,0.4577
6.3345,0.46783
4.9937,0.52478
5.5632,0.4925
4.8903,0.53424
5.1232,0.51741
4.9452,0.52826
5.8377,0.48176
4.7097,0.56366
3.002,0.67569
6.073,0.49138
4.9596,0.53295
5.7863,0.5078
6.7432,0.45447
5.2266,0.5213
3.1669,0.63571
4.3611,0.56066
3.6148,0.59692
4.8442,0.53374
6.0668,0.46848
7.18,0.42191
7.5316,0.4074
7.4554,0.41373
8.1168,0.38818
5.0434,0.52416
6.2155,0.48242
6.8802,0.45014
6.3386,0.46658
5.9904,0.49218
6.4015,0.46963
6.4778,0.45976
4.994,0.53647
5.6527,0.51019
4.5061,0.55848
5.5559,0.51132
6.4724,0.46561
4.937,0.53264
5.9513,0.49231
5.8679,0.4824
4.6345,0.52875
4.4031,0.56451
4.4648,0.56046
6.4295,0.47087
6.4434,0.46792
6.2013,0.48432
6.7225,0.45818
6.6575,0.4596
6.5904,0.46575
6.4807,0.46049
6.335,0.47523
6.5304,0.46131
6.462,0.46338
4.1293,0.58356
2.4624,0.69494
3.6845,0.61517
3.8856,0.6017
3.933,0.59789
4.962,0.53475
5.6231,0.51294
8.198,0.39136
7.744,0.40629
5.8847,0.5034
5.9252,0.496
4.5572,0.55628
6.7441,0.46102
6.3461,0.47534
7.3422,0.43559
6.0756,0.49748
5.5327,0.52326
6.4711,0.46779
4.7619,0.54869
6.998,0.45041
6.9432,0.45018
7.2205,0.43531
7.1529,0.44362
6.3025,0.48859
5.7108,0.49958
7.3342,0.43487
7.6754,0.41249
7.1952,0.43658
7.445,0.42438
7.8843,0.40315
8.0384,0.39403
5.7987,0.48983
6.6885,0.44753
6.9396,0.44056
5.8453,0.48783
6.3475,0.46234
5.8129,0.49021
1.8186,0.7934
4.9203,0.56164
6.1791,0.4857
3.3935,0.62044
4.3443,0.55679
2.6009,0.68205
5.4573,0.52944
1.8231,0.79385
3.0251,0.65619
5.6897,0.49291
5.0081,0.54833
5.2601,0.51172
6.2641,0.47074
4.8597,0.54384
3.7215,0.6179
6.1912,0.47376
6.1606,0.47518
5.0164,0.53353
6.6796,0.45097
6.4615,0.45876
4.7642,0.5464
5.7941,0.4876
6.3388,0.46997
5.8153,0.49768
3.8237,0.61023
5.4518,0.50926
7.7076,0.40923
6.7629,0.44964
6.9697,0.44235
3.7572,0.59483
1.8063,0.80011
3.3562,0.64793
4.6482,0.55334
5.7898,0.49827
2.6869,0.69623
3.5386,0.62333
4.3207,0.56405
6.4862,0.4825
5.2328,0.5285
6.7971,0.45573
6.8074,0.45268
8.1257,0.40736
7.3307,0.42679
6.9356,0.44371
6.6461,0.46162
6.9978,0.44751
2.7395,0.67483
5.5603,0.5045
4.9559,0.53963
6.4148,0.46442
4.8184,0.5525
3.5421,0.63443
5.5242,0.50752
3.2747,0.65519
3.2494,0.65929
4.0824,0.59445
4.2999,0.57754
6.9876,0.44204
6.5393,0.45755
5.3983,0.53081
3.9428,0.60182
3.856,0.60932
5.1277,0.53951
6.2874,0.479
6.8414,0.4499
6.8587,0.44782
5.1778,0.52174
5.611,0.50998
4.2724,0.57916
6.0969,0.48636
5.3726,0.50717
6.5831,0.45869
6.0946,0.49525
6.8041,0.45486
5.5293,0.50971
4.4789,0.57087
4.8433,0.53185
6.97,0.4411
5.6059,0.50466
6.3905,0.46892
5.9817,0.4855
6.8469,0.44608
6.0695,0.48008
5.0814,0.52682
3.1445,0.64129
5.6301,0.50516
2.124,0.73957
4.0328,0.59908
3.3706,0.65565
4.0091,0.59473
4.2856,0.5909
3.6035,0.62439
5.5376,0.50644
4.3659,0.56865
5.299,0.52228
2.8343,0.65916
5.9249,0.49203
3.8463,0.61267
2.0121,0.76663
2.0444,0.75964
5.258,0.52375
2.5388,0.69244
2.821,0.66181
5.8549,0.49578
4.9463,0.55396
4.52,0.56906
2.5107,0.70464
4.1711,0.58386
5.118,0.52757
7.6658,0.4165
6.6444,0.46031
5.4582,0.51049
4.4163,0.57843
4.1486,0.59973
4.2752,0.59207
3.9314,0.60899
3.6491,0.62678
4.1551,0.59018
2.8408,0.66186
5.1077,0.52528
6.7701,0.45355
5.7909,0.48839
5.3836,0.51555
5.9197,0.48993
4.3371,0.57055
4.6727,0.54474
4.6771,0.54006
4.6829,0.54204
6.0834,0.48203
4.0956,0.58775
3.3045,0.63966
1.9121,0.7802
2.2201,0.73273
2.809,0.66083
2.7806,0.66316
2.8014,0.66409
2.909,0.65275
6.9294,0.44978
6.288,0.47752
6.1329,0.48169
2.5764,0.68753
7.1331,0.44017
6.6857,0.46307
5.6547,0.5039
5.7443,0.49691
5.1431,0.52751
5.2121,0.52158
7.7093,0.42872
5.5955,0.5015
5.0435,0.53232
4.5168,0.56367
4.5427,0.57159
4.9055,0.5484
4.9484,0.54932
4.8885,0.54529
3.6153,0.59544
8.3614,0.39311
2.9483,0.65569
6.3906,0.47827
2.2265,0.74228
2.1536,0.75024
5.3619,0.53008
5.724,0.50766
2.7909,0.67357
3.9636,0.59957
5.2402,0.53276
4.7072,0.56455
7.1142,0.44017
5.6747,0.4988
6.6037,0.46356
6.7967,0.45341
6.09,0.49097
4.7392,0.55763
5.0073,0.55771
4.441,0.57625
5.7829,0.49757
