21.395,0.43884
25.905,0.36649
24.107,0.38385
32.751,0.3143
29.122,0.35667
28.551,0.37022
32.455,0.32047
30.438,0.34154
23.389,0.41154
24.967,0.37802
25.471,0.37595
24.387,0.39275
25.808,0.36931
34.548,0.29001
32.781,0.317
33.156,0.3073
32.968,0.31184
41.402,0.23688
32.362,0.32034
32.432,0.32042
29.551,0.36343
29.429,0.36606
29.738,0.36339
19.792,0.46306
23.347,0.40244
23.179,0.40257
23.686,0.39655
23.284,0.40221
23.043,0.4097
24.168,0.38383
21.032,0.44546
23.377,0.3978
23.287,0.39849
23.112,0.40027
21.325,0.4341
21.016,0.43781
25.872,0.35847
24.209,0.37383
23.059,0.39372
23.911,0.39422
23.188,0.40969
23.397,0.40551
21.878,0.43618
22.465,0.42488
22.619,0.42286
25.014,0.37675
19.39,0.48959
20.509,0.45045
25.986,0.3661
22.908,0.39453
23.433,0.38628
23.883,0.3785
27.433,0.32175
25.53,0.35422
25.465,0.35249
21.588,0.42521
19.549,0.47027
24.83,0.37179
25.02,0.36709
29.539,0.34659
22.725,0.40166
20.538,0.43981
24.072,0.37313
25.765,0.35561
22.163,0.41921
18.728,0.4733
22.904,0.39949
28.926,0.35588
24.695,0.42906
17.142,0.51224
18.372,0.49064
21.575,0.42285
21.127,0.43776
23.897,0.4324
19.771,0.46135
21.912,0.42549
22.67,0.40956
20.095,0.45819
23.164,0.40354
19.037,0.48912
25.861,0.3546
18.004,0.47761
16.845,0.50948
20.197,0.43899
23.105,0.39352
21.945,0.39982
18.531,0.46511
17.108,0.4926
17.917,0.47039
17.039,0.49226
18.349,0.46876
20.836,0.41854
16.952,0.51255
19.951,0.44189
23.704,0.37241
19.709,0.44378
15.501,0.54283
19.149,0.4527
17.999,0.47367
15.597,0.53145
17.078,0.4913
18.107,0.47067
13.864,0.57413
16.372,0.51107
17.988,0.48693
16.043,0.5125
13.83,0.57961
9.6615,0.68046
13.062,0.57429
15.268,0.52305
13.567,0.57381
16.589,0.51289
12.976,0.58445
9.5366,0.69732
8.8922,0.7135
9.2927,0.70217
8.9387,0.71124
8.9559,0.71137
16.629,0.4848
13.152,0.57411
10.964,0.65196
9.5441,0.68953
16.057,0.50461
10.191,0.67247
9.5844,0.68619
9.7774,0.68141
9.784,0.68054
9.7409,0.68301
9.9304,0.67477
9.6642,0.68145
9.3055,0.69121
15.994,0.49436
10.785,0.64212
11.686,0.60579
10.829,0.63781
14.18,0.55939
10.459,0.64004
9.3934,0.68618
9.4021,0.68401
9.0652,0.69302
9.1787,0.69028
8.9245,0.69528
10.046,0.65869
12.7,0.56684
12.788,0.56755
9.9796,0.65034
9.3118,0.67408
9.111,0.68887
8.6909,0.70097
8.8342,0.69553
8.9587,0.69241
8.7086,0.69912
10.658,0.63309
9.489,0.66611
13.587,0.54194
8.862,0.68932
11.591,0.60166
9.9087,0.66568
8.7487,0.69453
8.766,0.69385
8.5607,0.69963
8.4978,0.70105
13.716,0.53626
10.679,0.6429
8.5935,0.69722
12.153,0.61781
12.608,0.60375
8.3227,0.70414
8.629,0.69557
8.6831,0.69275
8.4238,0.70039
8.2051,0.70559
8.3926,0.70097
8.5534,0.69551
8.455,0.69843
9.8775,0.64262
8.1567,0.70671
8.5846,0.69455
8.6064,0.69341
8.3735,0.69968
8.0707,0.70804
8.1028,0.70595
8.0391,0.70769
8.1088,0.69958
10.915,0.6278
8.586,0.68856
8.3996,0.69631
8.6532,0.68948
8.2849,0.6994
8.1323,0.70331
8.1223,0.70406
8.3565,0.69681
8.1429,0.7041
9.1795,0.6649
11.863,0.56885
14.094,0.50945
11.125,0.6273
7.8702,0.71079
8.2033,0.70211
8.1499,0.70297
8.2072,0.70144
8.0229,0.70545
7.8059,0.71482
8.253,0.69669
12.766,0.55805
12.64,0.54371
8.848,0.66545
9.6829,0.63902
7.4525,0.72338
7.7485,0.71246
7.8245,0.70928
7.8218,0.70892
10.414,0.60784
16.907,0.45048
10.824,0.59995
8.389,0.67789
7.0237,0.73226
6.8743,0.73749
7.5176,0.7173
7.7762,0.7084
10.314,0.635
8.5236,0.68706
7.1889,0.72931
11.268,0.61418
7.4914,0.71856
9.2921,0.65618
10.907,0.58579
11.548,0.5722
12.338,0.5504
8.4769,0.68869
7.6762,0.71372
7.6301,0.71365
7.5962,0.714
7.0985,0.72926
13.293,0.54514
10.192,0.61329
7.3961,0.71923
9.1107,0.64982
8.2784,0.69462
7.8497,0.705
8.0464,0.69847
8.2328,0.69246
7.8596,0.70302
7.9857,0.69954
10.888,0.60436
11.452,0.58797
10.273,0.61609
8.534,0.6846
7.7601,0.70645
7.9776,0.69928
7.7794,0.70551
8.3339,0.68461
8.3432,0.68946
9.8881,0.64449
11.122,0.60563
8.5374,0.68393
8.5485,0.68284
7.7676,0.70547
8.9094,0.67317
8.4222,0.68518
8.6323,0.68119
8.4343,0.68567
8.5902,0.68151
8.7103,0.67776
9.0152,0.66937
8.8843,0.67308
8.8451,0.6732
9.0071,0.66923
8.9181,0.67219
9.037,0.66857
9.004,0.67008
9.0282,0.6689
8.902,0.67243
8.7597,0.6768
8.9387,0.67124
8.8349,0.674
8.7535,0.67668
8.6563,0.6785
8.6291,0.6799
8.6479,0.67921
7.7777,0.70387
8.4996,0.6838
7.9072,0.70001
8.4718,0.68453
7.896,0.69977
7.7829,0.70257
7.9144,0.69833
7.8771,0.69951
7.8755,0.6994
9.2153,0.64496
8.1044,0.69201
8.0036,0.69467
7.9422,0.69696
7.7535,0.70284
7.9169,0.69738
7.9973,0.69479
7.9675,0.6953
7.9656,0.6954
12.428,0.55335
12.176,0.56265
13.638,0.51168
7.5817,0.70815
7.071,0.72364
7.1107,0.72196
7.9065,0.69747
7.6566,0.70501
7.9187,0.69671
7.6558,0.70482
7.5991,0.70671
7.6579,0.70454
7.6381,0.70532
7.7616,0.70117
10.586,0.63272
7.8289,0.69993
7.9476,0.69656
7.8441,0.6999
7.8618,0.69965
7.7791,0.70183
7.8636,0.69965
7.7534,0.70262
7.8263,0.70023
7.7388,0.70314
9.3414,0.65948
7.8131,0.70087
8.252,0.68545
8.0596,0.69131
8.4531,0.67749
7.896,0.69623
7.9952,0.68932
8.5831,0.66721
7.651,0.70212
7.8895,0.69675
7.8284,0.69789
7.8812,0.6965
7.7534,0.70059
7.7575,0.70005
11.307,0.57128
8.4559,0.66507
7.4917,0.70776
7.4506,0.70948
7.4704,0.70876
7.3264,0.71369
7.2714,0.71511
7.2665,0.71521
7.6502,0.70248
11.855,0.55385
9.6539,0.62354
7.4191,0.70966
7.2558,0.71712
6.8902,0.72713
7.3898,0.71164
7.5873,0.70461
7.5561,0.70568
7.585,0.7041
7.3161,0.7135
7.5853,0.70495
7.4539,0.70621
7.1061,0.72089
7.222,0.71442
7.4247,0.71022
8.2999,0.68379
8.1575,0.68823
7.5257,0.7084
8.1604,0.68578
7.7312,0.70024
7.9954,0.6919
11.017,0.58909
11.241,0.56814
7.6274,0.70379
7.5476,0.70665
7.4624,0.709
7.314,0.7128
7.1197,0.71869
7.7092,0.68975
10.603,0.58783
12.441,0.56708
8.6807,0.65881
7.5011,0.70725
7.5644,0.70507
7.7558,0.69844
7.7421,0.69913
7.5389,0.70577
7.4811,0.70775
7.5597,0.70563
9.7216,0.63445
7.322,0.71421
7.564,0.70541
7.5541,0.70515
7.3984,0.71095
7.5118,0.70701
7.2621,0.71465
7.235,0.71585
7.247,0.71601
7.6409,0.70234
7.2599,0.71529
7.7212,0.69911
6.8932,0.7284
7.0421,0.72326
6.8225,0.73201
7.0322,0.72349
6.9674,0.72632
6.8363,0.72898
6.9357,0.72505
6.6738,0.73505
6.8444,0.7283
7.1175,0.71394
6.7646,0.73204
9.0984,0.64295
7.138,0.71716
7.1213,0.71756
7.1512,0.71709
7.1687,0.71747
6.9578,0.72429
7.8852,0.69348
7.6027,0.69827
7.8174,0.68285
7.4111,0.70591
7.4965,0.70278
7.0477,0.72093
7.5256,0.70575
7.1725,0.71464
7.1856,0.71578
7.1436,0.71695
9.9207,0.61096
9.5249,0.62131
8.0797,0.6667
7.9051,0.69234
7.8829,0.69343
7.8955,0.69262
7.7206,0.69804
7.1616,0.71658
8.0411,0.68737
8.7053,0.65419
7.4034,0.70546
6.4897,0.73751
6.8355,0.72945
7.3666,0.71103
6.9497,0.72525
7.1992,0.71617
7.2066,0.71456
6.8471,0.72705
7.0364,0.72082
7.0986,0.71944
7.1879,0.7166
7.5875,0.69812
9.1974,0.63163
11.96,0.56185
8.064,0.68846
7.567,0.70259
7.3976,0.70943
7.1114,0.71796
7.6651,0.69994
7.5342,0.69559
10.526,0.59692
10.643,0.59089
7.418,0.70834
6.6833,0.72995
6.5936,0.7335
7.2579,0.71182
7.5326,0.70369
6.7138,0.72799
9.7103,0.6214
12.417,0.53667
7.3796,0.69935
10.636,0.58273
8.0164,0.69135
7.7902,0.69782
7.0726,0.71917
7.189,0.71315
7.1769,0.71421
7.693,0.69846
6.8288,0.72615
12.111,0.54383
9.3834,0.623
7.989,0.67545
7.1733,0.71462
7.154,0.71547
7.2289,0.71337
7.2763,0.71121
7.3675,0.70778
7.9816,0.69142
9.0965,0.6547
11.307,0.56787
8.4312,0.65221
7.7798,0.69476
7.5224,0.70612
10.21,0.63678
7.5595,0.70382
7.7847,0.69659
7.502,0.70599
7.3819,0.7074
8.647,0.66006
9.7678,0.60717
7.4199,0.70622
7.62,0.69364
7.3446,0.70899
7.4962,0.70392
7.129,0.71578
6.9983,0.71879
6.8257,0.72534
10.527,0.58682
13.579,0.54331
9.6549,0.61006
6.8083,0.72715
7.192,0.71368
6.5634,0.73476
6.7974,0.72598
7.0226,0.7207
6.9497,0.72087
6.9544,0.72101
8.4611,0.65088
6.8981,0.72448
8.0575,0.67491
6.9389,0.72273
6.7638,0.72838
7.1606,0.71573
6.4635,0.73793
7.2465,0.71254
6.9553,0.7229
6.818,0.72608
7.7595,0.68824
10.586,0.57861
6.9656,0.72245
6.8737,0.72584
6.9171,0.7244
6.4372,0.74299
7.1107,0.71691
7.1458,0.71511
7.712,0.68505
7.1095,0.71564
7.8319,0.67844
7.8661,0.68647
11.417,0.60939
7.0432,0.71594
7.1386,0.71331
7.2642,0.71063
6.7994,0.72602
7.015,0.71827
7.2908,0.70904
9.374,0.62598
9.7153,0.62447
7.1096,0.7152
7.0481,0.71736
6.7832,0.72538
7.095,0.71562
7.0574,0.71671
7.1482,0.71349
7.7181,0.68605
10.335,0.594
6.5221,0.73304
7.4314,0.70502
7.4483,0.70415
7.014,0.71658
6.88,0.72124
7.4239,0.70429
7.408,0.70491
7.373,0.70652
7.8552,0.69137
7.3844,0.70644
8.4721,0.66346
7.2206,0.712
7.101,0.7163
7.0544,0.71713
7.1568,0.71401
8.4157,0.67614
8.3926,0.6768
7.227,0.71176
7.1869,0.70592
8.7859,0.64684
7.4501,0.70158
7.3666,0.70633
8.0876,0.68593
7.2973,0.70878
7.3063,0.70844
7.3411,0.70872
7.3422,0.70701
7.6996,0.69768
8.1718,0.67068
7.1732,0.71268
7.159,0.7132
7.2721,0.70895
7.1868,0.71214
7.1508,0.71437
7.7626,0.69509
7.2298,0.71119
7.4992,0.70382
7.103,0.71401
7.1814,0.7089
7.1043,0.71418
7.6067,0.69861
7.2537,0.7104
6.6679,0.72964
7.0649,0.71524
6.7476,0.72648
7.1804,0.71142
6.6944,0.72687
6.8328,0.72015
10.053,0.60111
6.2228,0.74422
7.0389,0.71633
7.0136,0.71669
7.2857,0.70925
7.4328,0.70389
7.3086,0.70725
8.3483,0.66246
8.8325,0.64365
8.9529,0.63034
6.9443,0.71878
7.1877,0.71146
7.4896,0.70164
6.507,0.73649
6.8073,0.72326
7.1095,0.71361
7.0323,0.71658
8.8508,0.64958
7.2307,0.71009
7.5822,0.69845
7.0533,0.71607
7.0862,0.71475
7.2004,0.71197
7.4552,0.70211
7.2644,0.70949
7.4452,0.70228
7.1375,0.71379
8.5418,0.64539
7.1563,0.70698
6.8672,0.72222
6.7243,0.72737
6.6354,0.73086
7.3633,0.70665
7.047,0.71628
7.4827,0.70232
7.3887,0.70524
9.3158,0.62679
9.4823,0.62119
8.2683,0.66482
8.4003,0.67502
7.0281,0.71447
7.2745,0.70777
6.7902,0.72203
7.7295,0.69273
7.0686,0.71229
10.068,0.59973
7.2809,0.70292
7.2166,0.70981
7.9959,0.684
7.7337,0.69475
7.6489,0.69798
6.926,0.71965
7.1965,0.71155
6.9925,0.7187
7.4533,0.70087
8.0001,0.67526
9.2921,0.62695
6.9808,0.71874
6.9533,0.71982
7.0837,0.71501
7.3744,0.70568
6.9668,0.71869
7.1111,0.7129
7.2691,0.70738
8.2937,0.66985
8.6494,0.64604
7.1738,0.71086
7.0176,0.71649
7.0112,0.71712
7.111,0.71324
7.129,0.71441
7.1938,0.7106
7.1645,0.71297
7.778,0.68782
7.1763,0.71239
10.529,0.5777
7.045,0.71507
7.1981,0.7094
6.9532,0.71973
6.9638,0.7186
6.0442,0.74928
6.9943,0.71758
7.3338,0.70758
9.6214,0.61636
10.495,0.58392
7.2361,0.708
6.8665,0.7227
6.8273,0.72288
6.9004,0.71937
6.8872,0.71897
7.1203,0.71021
6.8905,0.72287
7.0146,0.71604
8.9331,0.6372
8.3917,0.66254
8.1167,0.67035
7.1791,0.71235
7.0842,0.71487
7.1671,0.71076
7.2974,0.70705
7.7857,0.6931
7.8129,0.68306
8.7716,0.64379
8.5867,0.65668
7.312,0.70675
7.1582,0.71211
7.4538,0.70416
7.2451,0.70868
7.5974,0.69795
7.2516,0.70873
6.9661,0.71948
8.5491,0.66027
9.7525,0.60875
7.3754,0.70388
7.0365,0.71484
7.0357,0.71521
7.133,0.7123
6.9745,0.71761
7.1919,0.70998
7.4504,0.69444
10.063,0.60328
8.1036,0.66663
7.8092,0.67948
7.5997,0.69817
7.1563,0.7126
7.4179,0.70081
7.2026,0.70982
7.1799,0.7098
7.3613,0.70422
10.767,0.57516
11.741,0.5533
9.66,0.60797
6.9519,0.71882
7.1948,0.71075
7.0882,0.71235
7.2933,0.70725
6.5538,0.73024
7.0704,0.71429
8.9128,0.63799
6.7213,0.72508
6.7294,0.72555
6.7191,0.72561
8.1605,0.67215
6.7202,0.72605
6.6549,0.72785
6.562,0.731
6.6554,0.72767
6.9471,0.7195
7.3039,0.70374
7.2034,0.70948
6.8318,0.72413
6.9349,0.72136
6.9321,0.72102
7.1213,0.71409
6.8996,0.72258
6.9285,0.72009
7.0118,0.71824
6.9192,0.72068
9.0677,0.63202
7.2578,0.70721
9.8629,0.61765
7.2353,0.70888
7.3476,0.70485
7.1339,0.71195
7.1392,0.71071
7.3092,0.70506
7.3663,0.70403
7.6099,0.68996
9.5366,0.61735
7.4304,0.69964
7.2885,0.70708
7.1518,0.71173
7.1727,0.71074
7.1463,0.7116
7.151,0.71193
8.0392,0.6642
12.454,0.53815
7.707,0.68108
7.0438,0.7137
7.0543,0.71313
7.008,0.71491
6.9216,0.71841
7.2057,0.71019
7.5502,0.69859
7.4899,0.70043
7.0653,0.7137
7.0991,0.71417
7.0611,0.71466
7.2132,0.71006
7.1365,0.71259
6.738,0.7281
7.2338,0.70873
8.2746,0.68055
6.7898,0.72395
7.167,0.71096
8.0671,0.68458
7.3071,0.70663
7.1122,0.71195
7.0203,0.71559
7.1154,0.71244
6.9772,0.71648
7.4605,0.69317
6.985,0.71657
6.6744,0.72854
6.7692,0.72465
7.1015,0.71368
7.3523,0.70457
7.2849,0.7058
7.2602,0.70667
6.9628,0.71763
7.1368,0.71066
10.439,0.60038
9.5734,0.62486
6.8915,0.72088
6.681,0.72844
7.1723,0.70997
7.0896,0.71522
7.0044,0.7153
6.9517,0.71685
7.228,0.70881
7.4458,0.70117
7.1247,0.71107
7.2976,0.70615
7.442,0.70117
7.2913,0.70645
7.3899,0.70246
7.112,0.71121
7.1366,0.71089
7.4018,0.69988
7.7515,0.68276
7.2852,0.70256
7.3022,0.70382
7.3057,0.70378
7.5428,0.69682
7.4948,0.69824
7.4337,0.69972
7.9514,0.68476
9.1798,0.63298
7.6281,0.69072
7.2974,0.7043
7.9378,0.68554
7.5004,0.69834
7.6536,0.69562
8.2838,0.67616
7.3188,0.7043
7.3189,0.70517
6.885,0.71776
8.1792,0.66419
8.769,0.64237
10.029,0.603
6.3948,0.73374
6.8646,0.71786
7.4413,0.70105
7.8176,0.68834
6.9438,0.71486
7.2996,0.70439
7.0925,0.71065
7.7639,0.68445
7.5026,0.69767
7.459,0.69955
7.259,0.70537
7.3038,0.70479
7.009,0.71502
7.2334,0.70692
7.3256,0.70349
10.104,0.6015
7.2822,0.70528
7.4263,0.70102
8.9021,0.64706
7.2626,0.70638
7.275,0.70616
6.7736,0.72233
7.6665,0.69446
7.0199,0.71492
7.7294,0.69199
7.8566,0.68583
8.5722,0.66311
7.1232,0.71045
7.2113,0.70739
6.6286,0.72647
7.1193,0.71146
6.6536,0.72547
6.629,0.72645
6.5056,0.72945
8.0309,0.66995
10.049,0.5922
9.6929,0.6269
6.927,0.71851
7.3099,0.70446
7.102,0.71188
8.5969,0.66849
7.1307,0.70953
7.0094,0.71398
7.9562,0.6801
7.3377,0.69979
7.3515,0.69929
8.6611,0.66654
7.1997,0.70771
7.6623,0.69293
7.2338,0.70602
7.1487,0.70825
7.1632,0.7084
7.2991,0.70406
7.7427,0.69018
7.5627,0.68972
7.6935,0.69208
6.9656,0.71427
7.5215,0.69797
6.9201,0.71695
6.9491,0.71776
7.4125,0.7019
7.2493,0.70664
6.9155,0.7169
9.1404,0.63034
11.302,0.56359
7.6988,0.69274
7.6891,0.69323
7.6882,0.69309
7.5932,0.69641
7.4741,0.69971
7.6556,0.69382
7.9527,0.68244
8.2227,0.66769
7.6248,0.69432
7.1859,0.70834
8.2996,0.66177
7.2237,0.70752
8.1672,0.68007
8.248,0.6768
7.8786,0.68833
7.364,0.70309
6.2762,0.73857
6.3431,0.73648
7.582,0.68746
7.4653,0.69933
7.2622,0.70555
6.8865,0.71787
7.2509,0.70523
7.2278,0.70686
10.79,0.61875
10.563,0.62279
10.782,0.61886
8.1481,0.6612
7.2809,0.70313
6.9896,0.71576
6.9837,0.71585
7.3437,0.70473
6.9118,0.71776
10.825,0.61716
7.0671,0.71258
10.911,0.61328
9.6624,0.61765
7.4643,0.69817
7.4237,0.70021
7.5209,0.69637
8.0473,0.68204
7.4535,0.69851
7.6196,0.69355
7.485,0.6973
7.455,0.69826
7.1467,0.70862
8.0876,0.67484
7.1475,0.70905
7.9129,0.68718
8.3142,0.67179
8.0436,0.68322
7.6246,0.69449
7.9523,0.6862
7.5406,0.69768
7.2076,0.70751
8.1265,0.67246
8.3353,0.6641
7.6955,0.69294
7.9495,0.68607
8.042,0.68333
7.7185,0.69404
7.8807,0.68763
7.8487,0.6885
7.3138,0.70408
10.865,0.58177
7.7477,0.69051
8.0975,0.67996
8.1424,0.67885
7.9996,0.6829
7.8498,0.68838
8.0037,0.68319
7.9937,0.68351
6.819,0.72027
7.6547,0.69456
7.3991,0.6921
10.961,0.56434
7.9085,0.67093
6.8481,0.71939
6.9094,0.71719
6.9426,0.71593
6.4705,0.73351
6.9506,0.71614
6.9195,0.71695
11.26,0.56716
6.7956,0.71651
7.0393,0.70232
6.3719,0.73644
6.5932,0.72768
11.442,0.60727
5.9016,0.7532
6.2642,0.73981
7.2357,0.70835
8.0666,0.65448
8.5703,0.64923
10.947,0.57444
6.735,0.72453
6.7345,0.72217
8.0291,0.68274
7.7358,0.69131
7.9083,0.68635
7.9891,0.68376
10.027,0.59585
8.3287,0.65988
7.4962,0.69787
6.4114,0.73333
7.0604,0.71304
7.0864,0.71134
7.2219,0.70744
6.306,0.73755
6.3873,0.73619
6.6974,0.72359
6.9136,0.71809
6.8594,0.71992
6.9634,0.71632
7.1199,0.70985
7.1036,0.71039
6.6446,0.72707
6.5548,0.72838
6.6488,0.72468
6.6715,0.72359
7.6436,0.69406
7.3103,0.70373
7.1966,0.70722
7.2581,0.70578
7.2397,0.70663
7.2041,0.70799
7.2372,0.70616
7.2739,0.70572
7.2306,0.70718
7.2597,0.70583
7.3738,0.70205
7.2884,0.70457
8.5688,0.66003
7.7676,0.68563
7.6256,0.69376
8.0229,0.68266
7.8512,0.68872
7.3455,0.70289
7.4549,0.70021
7.377,0.70148
7.0739,0.71253
7.5655,0.69567
7.5069,0.69503
7.5577,0.69368
7.4476,0.69957
7.4077,0.70118
7.4034,0.7014
7.4768,0.69866
7.471,0.69882
7.4526,0.69907
7.4595,0.6987
7.6331,0.68916
8.2179,0.66772
7.7673,0.68328
7.4152,0.70034
7.4018,0.70094
7.353,0.70316
7.2582,0.70542
7.4613,0.69829
7.3179,0.70357
7.2936,0.70429
7.3453,0.702
7.3131,0.70327
7.3347,0.7027
7.3581,0.70195
7.2655,0.70538
7.4105,0.69982
7.25,0.70559
7.9599,0.68385
7.8988,0.68567
7.2266,0.70603
7.518,0.69689
9.3507,0.64494
7.8865,0.6861
7.8784,0.68652
7.8883,0.68605
7.9267,0.68448
7.8836,0.68593
7.7518,0.68968
7.8793,0.68588
7.5766,0.69099
8.3975,0.67268
8.0604,0.67228
7.4113,0.70031
7.4365,0.69941
7.3179,0.70342
7.3438,0.7023
7.3686,0.70141
7.4183,0.69754
7.5238,0.69719
7.4172,0.6998
7.4671,0.69881
7.398,0.70067
7.2663,0.70559
7.4765,0.69887
7.3172,0.70477
7.345,0.70334
7.5869,0.69156
7.8509,0.67934
10.052,0.6102
7.3121,0.70428
8.237,0.6779
7.0255,0.71279
7.148,0.70816
7.7954,0.68896
7.6866,0.69225
7.7906,0.68887
8.3803,0.6568
7.8274,0.67802
7.9759,0.67271
7.2616,0.70467
7.3012,0.70343
7.2945,0.70368
7.2456,0.70545
7.3051,0.70315
7.3243,0.70226
8.8059,0.63586
11.273,0.58533
8.8841,0.63375
6.7544,0.72286
7.1473,0.71013
10.51,0.62444
7.0808,0.71159
7.1858,0.70757
7.0134,0.71383
7.1999,0.70697
7.6777,0.68736
11.016,0.60751
7.872,0.68648
7.2647,0.70474
7.2626,0.70448
7.4123,0.70007
7.0067,0.71303
7.3493,0.70138
7.4727,0.69789
8.8555,0.6443
7.7692,0.6863
7.3117,0.70205
7.0787,0.70989
7.3959,0.6994
7.1533,0.70884
6.9161,0.71575
7.0476,0.71212
7.0533,0.71184
7.1072,0.70903
8.8937,0.63019
8.3264,0.65374
8.1108,0.66067
6.839,0.71796
6.7449,0.72137
6.6964,0.72325
7.0309,0.71159
8.1805,0.67848
8.2852,0.6755
7.2522,0.70292
8.573,0.66324
7.1793,0.70701
7.0655,0.71051
7.0511,0.71163
7.1367,0.70881
7.1695,0.7079
7.0695,0.71183
8.3025,0.65765
8.8021,0.63386
7.2551,0.7036
6.9472,0.71389
7.1726,0.70618
6.9473,0.71616
8.232,0.6778
7.1306,0.70897
7.0774,0.71124
6.9439,0.71628
7.0792,0.71136
7.0749,0.71121
6.9951,0.71422
7.1958,0.70644
7.2319,0.70655
7.0947,0.71172
7.1315,0.71071
7.1579,0.70819
7.0966,0.71197
6.716,0.7232
7.2269,0.70754
7.1608,0.7095
6.859,0.71869
7.2093,0.70594
7.2891,0.70218
7.001,0.71286
7.4941,0.6748
8.3646,0.67306
8.4866,0.67
6.1768,0.73989
6.5505,0.72942
6.8157,0.71962
6.4864,0.73173
5.912,0.75131
5.9909,0.74734
7.2295,0.70159
6.8631,0.71838
7.5667,0.69033
7.6408,0.68561
8.5735,0.64512
7.1822,0.70639
7.1253,0.70857
7.304,0.70389
7.0515,0.71054
7.2716,0.70299
7.1499,0.70725
7.4893,0.69649
10.805,0.58056
8.8504,0.63341
7.4179,0.69567
6.5875,0.72549
6.4056,0.72974
6.4659,0.73025
7.1973,0.70586
8.0508,0.67783
11.42,0.56698
7.2778,0.6894
7.0929,0.70278
6.2986,0.73344
7.1396,0.7072
7.1521,0.70669
6.9809,0.71286
8.7452,0.66045
7.0255,0.709
6.8025,0.71718
7.3442,0.6916
8.9418,0.62217
7.9073,0.66754
6.9631,0.71096
6.6896,0.72102
7.1576,0.7044
7.1584,0.70481
7.2374,0.70127
7.2156,0.70187
7.4356,0.68371
7.3343,0.69228
11.743,0.54858
8.7773,0.6324
6.9972,0.7093
7.083,0.70782
6.9902,0.71152
6.9492,0.71083
6.9602,0.71047
6.8747,0.71278
8.4656,0.64034
9.0814,0.61939
9.6713,0.61984
7.0336,0.70561
6.7056,0.71729
6.7542,0.71611
7.0124,0.7064
6.8712,0.71182
6.562,0.72265
7.8567,0.66555
7.426,0.68871
7.0282,0.70319
6.9062,0.70917
6.5973,0.71954
6.4815,0.72287
6.8375,0.71152
6.8735,0.70982
7.1252,0.70074
6.9379,0.70686
7.739,0.66924
7.7796,0.6675
6.9303,0.70709
6.8932,0.70838
6.3098,0.72717
6.8225,0.71056
8.1755,0.67099
6.3621,0.72588
6.5093,0.72091
9.1664,0.61195
8.8938,0.61922
5.9749,0.73804
6.1717,0.73111
5.8744,0.74226
5.9537,0.73814
5.7559,0.74899
6.7115,0.71036
6.0997,0.73199
7.8826,0.66423
6.9834,0.70168
6.0743,0.73191
6.0592,0.73225
6.4269,0.71941
6.7721,0.70839
6.3354,0.72314
6.0201,0.73146
6.2211,0.72787
8.474,0.63468
6.2568,0.71623
6.3728,0.72022
6.0356,0.7323
6.3213,0.72078
6.0407,0.73208
6.3708,0.71755
5.9442,0.73436
6.0803,0.72776
6.3739,0.71419
6.8351,0.69518
6.5837,0.70805
6.4969,0.71095
9.4946,0.62899
6.1055,0.72373
6.263,0.71684
6.0054,0.72386
6.4717,0.69746
6.1985,0.71359
7.1172,0.66699
6.1341,0.715
6.6177,0.69998
5.7282,0.72992
5.4769,0.73959
6.4335,0.70369
7.1286,0.68306
6.7653,0.69251
6.3945,0.70273
7.1118,0.68173
6.7278,0.69246
6.8533,0.68678
6.1865,0.70971
6.7182,0.6911
6.6886,0.69059
6.7837,0.68691
7.0428,0.67955
5.5184,0.72999
6.7078,0.68875
6.6288,0.69023
5.8509,0.71812
7.1644,0.67208
7.2954,0.66802
6.9092,0.68022
7.0098,0.67679
7.0505,0.6748
7.1213,0.67177
6.96,0.67681
6.9594,0.6763
6.8209,0.68081
5.9105,0.71197
6.0245,0.70642
5.9314,0.71008
5.9153,0.7068
5.7541,0.71463
5.6868,0.71682
5.5918,0.72042
5.5686,0.72077
5.5231,0.72196
5.4483,0.72505
5.3706,0.72757
5.6275,0.71614
5.854,0.70716
5.4514,0.72206
5.6195,0.71336
5.2101,0.73252
4.9465,0.74371
5.217,0.73162
5.1025,0.7356
5.0706,0.73957
5.0865,0.73532
4.8647,0.74319
5.2303,0.7276
5.329,0.72281
8.7807,0.61771
4.9753,0.73995
4.9547,0.73943
6.0669,0.69476
5.7438,0.70776
4.5388,0.75502
4.2075,0.77354
4.2519,0.76988
4.4356,0.76174
4.5754,0.75392
5.277,0.7214
4.4427,0.76026
4.5317,0.75569
4.8444,0.74023
5.5828,0.70982
4.4346,0.75529
4.5945,0.74802
5.4352,0.7106
5.1983,0.72061
5.9138,0.69267
5.5401,0.7079
5.6854,0.701
4.3677,0.75378
5.8121,0.69388
5.764,0.69575
5.6501,0.69885
5.1906,0.70997
4.7272,0.73703
4.4513,0.75084
4.5605,0.74453
5.111,0.72051
8.3896,0.61315
8.5054,0.609
8.2097,0.61791
8.7627,0.59982
7.7815,0.62689
4.7398,0.72806
5.0933,0.70903
5.7017,0.6878
4.735,0.72791
4.7659,0.72609
5.5051,0.69645
4.4341,0.73951
5.3325,0.70196
5.3934,0.69877
4.3063,0.7433
5.2752,0.69915
5.0085,0.7116
4.4068,0.7365
5.558,0.68672
4.9722,0.70816
4.2548,0.74053
5.1629,0.70122
4.1756,0.7439
5.2785,0.69471
5.1447,0.69867
4.7917,0.71478
4.6509,0.72135
4.7269,0.72045
4.7025,0.72038
4.5646,0.72597
4.2625,0.74115
4.2829,0.73985
4.2915,0.74083
4.5972,0.72219
4.7103,0.71493
4.781,0.71031
4.8863,0.70455
4.6624,0.71725
4.1483,0.74534
4.5328,0.72253
4.2983,0.73523
4.176,0.74255
3.6846,0.76864
4.0736,0.74442
5.1692,0.69354
4.3399,0.73044
4.5787,0.72146
3.5829,0.77237
3.5036,0.77394
7.2726,0.60699
3.5363,0.77158
5.4266,0.67484
3.1037,0.80412
4.8137,0.7004
3.9057,0.74866
3.6888,0.76687
3.2078,0.7959
3.3082,0.78676
3.3346,0.78453
3.3306,0.78639
3.2969,0.78971
3.3656,0.78465
3.3405,0.78244
3.4121,0.77694
3.2421,0.79202
3.1694,0.79635
3.1345,0.79728
3.6898,0.76055
3.371,0.77826
3.102,0.79814
3.2763,0.78569
3.1864,0.78693
3.4171,0.77264
2.865,0.81154
3.3606,0.78146
3.5791,0.76499
3.4549,0.76874
3.2758,0.78213
3.2112,0.7868
3.1164,0.79523
3.1525,0.78183
4.02,0.7331
3.6084,0.75331
3.1551,0.78539
2.9661,0.79896
3.1312,0.78252
2.8273,0.80457
4.0682,0.72971
4.1786,0.72612
4.3776,0.71453
2.9124,0.79827
3.2849,0.77389
5.1088,0.67441
4.3101,0.71071
3.6552,0.75326
3.7107,0.74825
3.4051,0.77076
3.384,0.77213
3.4852,0.7642
4.4131,0.70747
3.3108,0.77286
3.0948,0.79007
4.5374,0.70264
3.0733,0.7837
4.5291,0.6918
3.1879,0.77686
4.2859,0.71536
3.5565,0.75406
3.3691,0.76711
2.84,0.799
3.596,0.74734
4.0157,0.71995
3.37,0.7637
3.4171,0.76076
3.4624,0.75416
3.6971,0.73735
3.7578,0.7327
3.6594,0.74001
3.8225,0.73019
3.6778,0.73833
3.5741,0.751
3.4997,0.75377
4.8057,0.67467
4.6733,0.68473
2.6591,0.80842
3.6816,0.73575
5.0782,0.65757
4.4719,0.68816
4.8197,0.66567
4.7953,0.66534
3.3825,0.74402
3.6015,0.73467
3.7527,0.72807
3.6505,0.73457
3.6086,0.73832
6.465,0.60291
4.4744,0.68813
3.3801,0.75247
3.1088,0.77052
3.3524,0.74712
4.7502,0.66732
3.3524,0.75085
4.2977,0.6904
4.1722,0.69106
4.3819,0.68326
2.5561,0.81867
3.692,0.72248
3.298,0.74965
3.256,0.74602
2.8797,0.78615
3.2953,0.75409
4.048,0.70585
2.9661,0.78201
2.9651,0.78309
2.9258,0.77365
3.3328,0.74633
4.3538,0.69124
4.2373,0.69089
2.4357,0.82361
2.5734,0.81008
3.7449,0.72875
3.0378,0.76387
6.1091,0.60135
6.1056,0.59816
3.3905,0.73934
3.1584,0.75203
3.6066,0.71643
3.4301,0.74335
2.9253,0.76704
2.8503,0.76976
3.7684,0.71332
3.2889,0.74451
4.9764,0.64706
3.6033,0.72439
4.9909,0.64982
3.1738,0.7487
4.86,0.64692
4.3649,0.67493
4.2213,0.68819
2.6515,0.79074
3.6489,0.71798
2.646,0.79239
4.6179,0.65965
3.1295,0.74697
3.4786,0.72534
3.0855,0.75702
2.9923,0.76101
2.8312,0.77497
2.8195,0.77651
2.7788,0.77557
2.6782,0.78546
2.6331,0.78943
2.2182,0.82983
2.1532,0.84018
2.4755,0.80759
2.5563,0.79878
2.9323,0.75785
2.4717,0.80213
2.57,0.79441
2.6883,0.78081
2.3221,0.81261
2.6341,0.78542
2.3038,0.81446
2.9641,0.74806
2.8665,0.75648
2.4331,0.79924
3.5415,0.71442
3.2782,0.7329
2.9993,0.75689
2.5425,0.78938
2.4387,0.80015
2.5414,0.79544
2.7892,0.76429
5.1291,0.61675
2.7085,0.76975
2.5305,0.78772
2.4962,0.79039
2.3561,0.8097
2.5433,0.79061
2.475,0.79047
3.4206,0.71483
2.4877,0.79545
2.5062,0.78822
2.3987,0.80037
3.1265,0.73921
3.0761,0.74483
4.0713,0.67878
3.0396,0.74662
4.3128,0.66411
3.7006,0.7086
2.3383,0.80595
2.2307,0.81462
5.4212,0.6102
4.5473,0.64759
2.3956,0.79804
2.3302,0.80875
3.5182,0.71127
5.0849,0.61998
4.5734,0.6506
4.8345,0.63226
4.7323,0.63623
4.7445,0.64388
5.8857,0.5907
5.2982,0.60685
5.7616,0.59341
2.6168,0.778
5.5062,0.60584
3.668,0.6997
1.9941,0.83867
5.0098,0.62239
4.5522,0.64626
4.6365,0.63824
5.9779,0.58453
4.2874,0.66692
4.4191,0.66092
3.6904,0.70714
3.7789,0.69915
4.9907,0.63326
5.0309,0.62856
3.9707,0.68414
2.1191,0.83191
2.9645,0.75201
2.9937,0.7489
2.0712,0.83254
2.4401,0.79225
2.4902,0.79028
2.472,0.79145
2.8125,0.76321
3.2258,0.73478
3.0409,0.74708
3.3694,0.72073
4.9997,0.63444
3.412,0.7201
4.975,0.62166
3.0619,0.74121
4.6562,0.64102
2.5959,0.77645
4.528,0.65256
2.6595,0.77595
2.9112,0.75046
2.934,0.74303
4.1856,0.66659
2.9234,0.75362
2.629,0.77651
4.5422,0.63716
2.6978,0.76611
5.3169,0.60538
4.2529,0.66549
2.2138,0.81931
3.0324,0.74328
4.7875,0.63283
3.5007,0.70923
5.9406,0.57773
4.2129,0.66278
4.7157,0.64231
3.7866,0.69029
2.213,0.80621
2.8564,0.75689
3.0456,0.73366
2.1895,0.81369
2.2088,0.80963
2.1774,0.80779
2.7841,0.75865
3.383,0.71728
2.7866,0.75977
3.0603,0.73813
2.8485,0.75708
3.4549,0.70525
2.9349,0.74572
2.9816,0.74224
2.9405,0.7446
2.7946,0.75925
3.853,0.68652
2.8219,0.7455
4.0977,0.66728
3.7662,0.68491
4.2419,0.6589
4.2811,0.65714
3.4476,0.71739
2.4938,0.78376
3.7031,0.6887
4.3594,0.65893
3.7439,0.68005
2.5356,0.78061
2.3861,0.79637
4.1381,0.66721
2.3107,0.80247
2.5034,0.78413
4.6341,0.63629
2.4266,0.7894
2.5203,0.78261
4.2873,0.65542
5.4341,0.5933
2.9644,0.74011
4.9119,0.62137
8.015,0.52101
5.8021,0.58777
3.1161,0.72754
2.6451,0.76526
5.905,0.58378
3.2258,0.72517
8.1875,0.5131
5.2824,0.61206
4.3374,0.65404
4.9103,0.62288
2.5101,0.77903
4.4718,0.64966
4.2497,0.65425
2.7098,0.76875
2.9107,0.74555
2.6414,0.76856
2.9128,0.7517
3.7649,0.68918
2.7703,0.75712
2.5718,0.77757
5.1174,0.61701
3.365,0.70662
2.5779,0.76918
2.3039,0.79703
2.8329,0.74954
2.5331,0.77967
2.0571,0.82741
2.0833,0.82454
2.0393,0.82817
2.0923,0.82198
1.9842,0.83791
1.8743,0.85076
2.163,0.81969
3.9864,0.67672
4.0879,0.66897
3.8276,0.68278
4.233,0.66175
4.4169,0.64751
4.9844,0.61821
4.1544,0.66164
4.9435,0.62297
4.4005,0.65162
7.1907,0.54391
7.2155,0.53903
2.721,0.75799
6.4448,0.56003
4.9922,0.61747
2.8432,0.75634
2.2104,0.81388
4.7677,0.62634
2.3307,0.78973
2.5764,0.77433
2.8414,0.75479
2.5245,0.7793
2.9742,0.74651
4.5562,0.63602
2.7214,0.75665
5.1919,0.61057
2.1613,0.80266
2.1782,0.80354
3.9386,0.67339
4.5337,0.63652
5.9581,0.57552
4.2125,0.65409
4.3095,0.64639
4.8203,0.62149
2.6856,0.76703
2.3339,0.80003
4.5069,0.64459
5.6812,0.58937
5.1397,0.61289
4.3549,0.64458
4.1801,0.66019
4.2219,0.66044
4.2273,0.65711
3.9242,0.6742
4.4289,0.64001
4.1185,0.65888
4.3431,0.64615
3.963,0.67333
4.6373,0.63467
3.7377,0.68174
2.3634,0.79688
5.2172,0.60121
5.9017,0.57566
5.5006,0.59177
2.3559,0.79767
4.8462,0.62186
4.75,0.62593
2.4709,0.78058
5.9364,0.57785
4.4894,0.64578
2.1443,0.81734
5.8504,0.57735
4.5329,0.6351
3.3369,0.71383
4.7542,0.63053
3.5171,0.70268
3.9947,0.66672
4.8052,0.62552
2.4166,0.78799
2.5777,0.77294
2.5545,0.77709
2.8889,0.74909
2.399,0.77821
5.2071,0.60401
4.5092,0.64219
2.5262,0.77549
3.6716,0.68933
4.123,0.66398
2.5845,0.77272
3.1239,0.72846
1.9906,0.83146
2.9541,0.74237
2.8502,0.75248
3.307,0.71865
4.5946,0.63904
4.3672,0.64707
4.2531,0.64631
3.6159,0.69047
2.4185,0.78735
4.0344,0.66996
2.7348,0.76014
4.2558,0.6643
3.0004,0.7392
4.7256,0.62893
3.1949,0.72223
0.099753,1.4601
2.3046,0.79443
2.807,0.75444
2.4718,0.78179
2.7525,0.75899
2.7804,0.75533
2.6073,0.77423
3.0715,0.73187
3.0015,0.7381
2.5726,0.77578
2.6641,0.76629
2.5968,0.77165
2.4813,0.78295
2.5089,0.78035
3.1698,0.72379
3.0419,0.73478
2.4158,0.78693
2.6324,0.76201
2.4685,0.77932
2.6442,0.76248
3.3488,0.7104
3.0793,0.7302
2.5719,0.77949
2.775,0.75684
2.9669,0.73943
5.9338,0.5742
4.345,0.6479
4.9639,0.61325
5.6114,0.58904
5.4019,0.59803
5.7184,0.58041
4.6263,0.62993
3.843,0.67915
4.2551,0.65006
4.0207,0.67116
4.6766,0.62721
4.437,0.64063
2.4701,0.7796
2.8266,0.74751
2.9584,0.73641
2.7889,0.75038
2.8416,0.74347
2.8758,0.74075
2.9315,0.73531
2.7217,0.7527
2.5167,0.77374
2.6966,0.75514
2.2146,0.80358
2.8636,0.74641
2.3206,0.79449
3.0743,0.72548
2.5127,0.77202
2.8527,0.74521
2.8113,0.75262
2.6445,0.76408
2.6953,0.75786
2.3685,0.78574
2.4294,0.78012
2.1973,0.80782
2.2465,0.79889
2.4629,0.77711
2.1621,0.81048
6.0439,0.56153
5.4695,0.5884
3.2896,0.70155
2.9153,0.74157
4.8857,0.61781
2.7763,0.75438
2.643,0.76652
5.7669,0.57842
3.9071,0.67495
5.08,0.61108
3.9194,0.67282
3.6806,0.68929
4.2183,0.66226
4.5161,0.64424
4.135,0.66886
4.3998,0.6511
3.1727,0.72061
3.1389,0.72373
3.7191,0.69292
4.4976,0.64133
3.8733,0.68663
2.9484,0.73936
3.0652,0.72853
2.6151,0.76616
2.336,0.79754
2.2676,0.79712
2.6763,0.76076
2.6553,0.75948
2.4597,0.77781
2.5774,0.76586
2.406,0.78424
2.4775,0.77703
2.5153,0.77386
2.8001,0.74947
2.6741,0.76073
2.6208,0.7654
3.1261,0.72388
3.5067,0.7005
2.9261,0.74247
4.5694,0.64181
2.7837,0.75471
2.5229,0.77412
2.6056,0.76737
2.9331,0.74023
4.7007,0.63036
3.2127,0.71582
2.8214,0.75291
5.7091,0.58247
3.1638,0.72298
3.246,0.7154
4.3986,0.64461
3.2358,0.71776
2.6484,0.76785
5.1264,0.60917
2.5742,0.76728
4.2905,0.64807
5.4409,0.59468
4.4288,0.65068
8.5889,0.4965
5.5756,0.58664
5.0944,0.60465
6.112,0.56098
6.198,0.5568
5.6563,0.5805
5.3336,0.59383
5.3389,0.59728
5.6747,0.5823
3.2618,0.71764
4.4842,0.6437
5.0258,0.61843
2.5353,0.78013
1.9332,0.83364
2.1908,0.80399
2.4741,0.7782
2.5531,0.7681
2.831,0.74618
3.8084,0.6796
2.4327,0.78304
2.7659,0.74952
2.4582,0.77934
2.2842,0.79204
2.457,0.77405
2.4451,0.776
2.3198,0.78964
2.6073,0.76332
2.4675,0.7787
3.0102,0.72813
2.1598,0.80814
2.5536,0.7727
2.8148,0.7497
2.6777,0.76031
2.6025,0.76977
2.4522,0.78273
2.5459,0.77125
2.4165,0.7834
2.3174,0.79245
3.3152,0.70779
5.1459,0.61228
6.3261,0.55351
2.2246,0.79596
4.4117,0.6435
5.5108,0.5885
3.6939,0.68919
5.2425,0.60348
4.3391,0.64741
5.0408,0.60534
4.9156,0.61825
4.1479,0.66073
2.9187,0.73538
2.4885,0.78223
2.5205,0.77317
2.0705,0.81878
2.2201,0.79606
2.4065,0.77917
2.4572,0.77692
2.0822,0.82004
2.965,0.73611
2.5197,0.77566
2.4436,0.78315
2.1123,0.8154
3.087,0.72653
3.2133,0.71542
2.692,0.76178
2.9711,0.73876
2.4384,0.78752
2.553,0.77568
2.7541,0.75809
2.7471,0.75586
2.8641,0.74976
2.6463,0.76522
3.1418,0.7198
2.6735,0.76035
3.8154,0.67888
4.3129,0.64778
2.5755,0.77185
4.9376,0.61641
5.148,0.60612
2.303,0.79593
4.0738,0.66363
4.4375,0.64145
4.935,0.61727
2.9526,0.73858
2.7977,0.75256
2.6517,0.76575
3.7574,0.67331
3.6374,0.68075
2.5357,0.77231
2.6837,0.75911
2.7205,0.75147
2.1244,0.81185
3.2827,0.7124
2.6777,0.76355
2.9598,0.7393
2.0323,0.82272
2.7937,0.75467
2.3663,0.78796
3.397,0.70337
2.1214,0.80552
3.0866,0.72638
2.2204,0.8014
2.4719,0.78106
2.4041,0.7832
2.3052,0.79865
3.8896,0.682
2.8141,0.74621
5.5897,0.58244
3.2927,0.70485
3.2895,0.70832
3.9993,0.65893
5.2342,0.60116
5.3783,0.59261
4.8051,0.62015
5.4938,0.58684
6.444,0.54622
4.9778,0.60525
5.0939,0.60942
4.2506,0.64739
4.7517,0.62537
4.297,0.65183
3.7864,0.67682
3.9086,0.66632
3.7116,0.67983
3.6982,0.6823
3.4912,0.69731
3.2704,0.71096
3.3674,0.70146
3.3572,0.70269
3.4844,0.69482
3.1946,0.71713
3.2725,0.71141
2.9462,0.73905
2.8075,0.74962
3.031,0.73316
3.1044,0.72472
3.3066,0.70724
3.2394,0.70853
2.9106,0.73838
2.5208,0.77345
2.721,0.75423
2.7897,0.74768
2.7547,0.7488
3.022,0.72708
3.5147,0.69297
6.4578,0.54568
2.1954,0.79284
3.803,0.67407
2.9173,0.74083
3.6856,0.68174
3.437,0.69745
3.2651,0.7112
3.0814,0.7278
2.8852,0.7426
3.1734,0.72167
3.1842,0.71725
3.4618,0.6954
3.269,0.70946
5.6962,0.58214
5.341,0.59266
3.5499,0.69324
4.717,0.62428
5.8522,0.57168
4.5212,0.63132
3.8823,0.6614
2.3722,0.78612
5.2551,0.60006
4.83,0.61764
3.5416,0.68769
4.469,0.63887
2.7786,0.74763
4.3283,0.64248
4.2666,0.64719
5.8011,0.57154
4.7573,0.62074
6.3901,0.54865
5.0453,0.60624
6.4028,0.54776
4.9129,0.60643
4.9796,0.60802
4.956,0.61517
6.1836,0.55676
3.4862,0.68942
2.6646,0.7503
5.7267,0.57652
2.854,0.72426
5.0842,0.59919
5.0271,0.60434
2.4612,0.76807
5.0432,0.60666
3.8914,0.66034
4.4913,0.62821
4.3981,0.64517
4.0485,0.65207
4.584,0.62807
3.0575,0.71814
2.9252,0.73165
2.4907,0.76849
3.4585,0.69458
3.0799,0.72135
3.3509,0.70212
4.5092,0.63037
2.2325,0.79535
2.4276,0.77899
4.3175,0.64283
3.2225,0.71305
2.817,0.74398
3.9825,0.66922
3.1416,0.71541
4.0209,0.65978
4.2276,0.64668
3.8511,0.67236
5.5675,0.58268
3.709,0.6826
3.4746,0.6949
3.6334,0.6838
3.2346,0.71339
4.8702,0.61788
3.4779,0.67754
4.116,0.64566
4.0331,0.6593
3.8091,0.6637
4.8597,0.6151
3.1292,0.71799
5.069,0.60662
4.2214,0.64744
2.9835,0.72901
2.5933,0.75779
4.0342,0.66051
5.0758,0.59764
3.0159,0.73083
2.6199,0.76193
2.4434,0.77811
2.2448,0.79097
2.2537,0.78844
2.4065,0.7787
2.1947,0.79896
2.7425,0.74988
2.6146,0.76092
3.3148,0.70524
3.0739,0.72273
2.4868,0.77488
3.4424,0.69134
3.895,0.6672
2.2192,0.78978
3.3024,0.70715
4.9703,0.61183
2.9277,0.73687
3.0485,0.72906
3.6658,0.6858
3.5826,0.68988
2.8593,0.74497
5.2876,0.59772
3.2075,0.71195
5.344,0.58499
6.6736,0.5402
5.5602,0.5756
5.0194,0.60656
5.4991,0.58572
2.9362,0.73295
4.9537,0.61111
2.631,0.7591
4.6954,0.62543
6.2545,0.55639
5.4699,0.59042
5.0252,0.61068
4.8264,0.61861
4.6557,0.63106
2.9514,0.73483
2.8086,0.74678
3.983,0.65745
4.2769,0.6462
4.0892,0.65268
4.077,0.65321
4.4112,0.63459
2.4051,0.78468
1.7686,0.83924
2.0841,0.81149
2.2644,0.77635
3.7832,0.66179
5.1445,0.5998
4.9676,0.61221
4.4898,0.63663
4.9787,0.61208
5.8596,0.56989
3.4873,0.69399
4.9148,0.61214
2.5074,0.77051
4.8436,0.61922
5.4699,0.58918
3.4661,0.69197
5.2362,0.59389
3.8354,0.67125
4.0895,0.65355
4.1385,0.65147
4.4855,0.6305
3.7973,0.67115
4.1908,0.64814
3.293,0.70577
5.3793,0.59215
5.7151,0.5766
5.4517,0.58795
4.4407,0.63827
4.7156,0.62372
4.7453,0.62209
4.3882,0.64339
4.307,0.64487
4.4873,0.63297
3.0547,0.72283
4.4644,0.63669
4.2695,0.64787
3.7239,0.68184
4.9004,0.61268
3.6264,0.68481
3.3383,0.70284
3.3983,0.69891
3.4942,0.69271
3.4696,0.69459
2.9374,0.73651
2.7371,0.75732
3.4072,0.69867
3.6287,0.68348
2.7608,0.75181
2.7956,0.74952
3.0496,0.72831
2.7739,0.75345
5.6638,0.57558
3.958,0.66221
6.3017,0.55318
5.1416,0.60119
3.6587,0.68069
3.0809,0.72369
2.5028,0.76273
3.6355,0.67758
4.6569,0.62095
4.4347,0.63526
4.0536,0.65713
3.0932,0.72063
2.4521,0.76952
3.3255,0.69806
3.1444,0.71442
3.6158,0.67397
2.6223,0.74976
2.5689,0.75928
2.2792,0.78063
2.8939,0.73606
2.5893,0.75522
2.3106,0.77881
3.2416,0.71021
1.9667,0.82097
4.7846,0.61685
3.5825,0.68577
2.6934,0.75235
2.2431,0.79696
3.271,0.70729
3.3691,0.70317
2.7954,0.74551
2.8976,0.73619
5.6677,0.57649
5.1477,0.6013
2.7646,0.75105
5.1378,0.60092
4.2158,0.64522
6.4314,0.55061
3.2035,0.71085
2.3886,0.77303
2.1388,0.7987
2.5883,0.76454
3.0682,0.72239
3.0405,0.72765
2.4631,0.77099
3.1995,0.71043
1.6421,0.85378
3.4977,0.69485
5.2191,0.59606
3.5998,0.68491
2.6424,0.75511
4.6627,0.62396
4.2555,0.64575
4.912,0.6137
6.0967,0.56055
4.6326,0.6253
4.0429,0.66126
5.6128,0.58309
2.2651,0.79094
2.7068,0.755
5.4624,0.58846
3.3579,0.70114
5.7908,0.57534
3.4204,0.70378
5.7953,0.57198
3.2506,0.71361
3.3236,0.70547
5.7998,0.57172
3.329,0.70626
3.6119,0.68651
3.0577,0.72756
4.0095,0.66938
5.2749,0.59656
3.2758,0.70589
3.113,0.71814
3.021,0.72562
3.1551,0.71542
2.5061,0.7742
2.7905,0.74766
2.4802,0.77059
1.9065,0.82125
2.7518,0.74737
2.5981,0.76057
2.7072,0.75516
2.3112,0.77684
3.2007,0.70943
3.1817,0.71196
3.0312,0.72556
3.3368,0.70287
2.9864,0.7309
3.2574,0.70943
2.849,0.74116
3.4027,0.69641
2.7932,0.74624
3.1558,0.7162
3.0561,0.72429
3.7378,0.68011
2.2952,0.78852
5.5278,0.58131
3.8071,0.67289
5.5226,0.57979
3.0506,0.72029
2.3492,0.77583
2.6936,0.75425
3.2001,0.71327
3.0016,0.72708
3.0215,0.72397
4.6497,0.62419
2.1011,0.80339
4.7239,0.62005
2.6994,0.75007
4.3145,0.63555
5.3978,0.58657
4.6875,0.61445
3.5477,0.68849
5.1731,0.59958
2.7288,0.73553
5.5846,0.5796
4.8482,0.61384
2.9416,0.73338
3.3077,0.70267
3.1387,0.71994
5.385,0.59006
3.6102,0.67779
5.9124,0.56045
4.7679,0.61604
4.4507,0.63501
2.979,0.727
2.7647,0.74898
4.9614,0.60673
3.6012,0.68486
3.6748,0.67989
3.3514,0.69891
2.6418,0.75035
3.2065,0.71099
3.6423,0.67921
3.7169,0.67276
5.4983,0.58027
5.2958,0.58884
3.5389,0.68554
3.8802,0.6579
2.684,0.73185
2.3219,0.79018
2.5024,0.76441
2.7244,0.74326
3.2226,0.7105
2.7265,0.74927
2.6651,0.75528
1.7683,0.8399
2.4843,0.76954
2.9141,0.73197
2.8506,0.73962
3.3236,0.69978
2.3605,0.7817
2.7748,0.73784
3.1682,0.70235
3.3313,0.68797
1.8032,0.81884
3.4193,0.68771
3.0289,0.71662
3.1597,0.71119
2.6788,0.75098
3.7869,0.67058
3.8917,0.667
5.2883,0.59173
2.3699,0.78361
2.3401,0.78899
4.5626,0.62911
2.3927,0.77362
4.4129,0.62477
3.5209,0.68369
2.6778,0.74624
2.3495,0.77962
1.9266,0.81753
2.8985,0.72745
1.8886,0.81315
3.9207,0.64759
3.8393,0.66459
2.9163,0.72668
1.9212,0.82425
5.7766,0.56183
2.3062,0.77888
4.1605,0.64235
2.3507,0.77791
3.4642,0.68475
3.2994,0.69727
3.8933,0.66021
4.3503,0.63245
3.0273,0.71765
4.3178,0.63389
2.4934,0.7615
2.8375,0.73177
5.1389,0.58814
5.0102,0.59988
3.7122,0.67046
5.1527,0.5809
3.9993,0.6478
2.6364,0.74571
2.6767,0.73703
2.6201,0.74982
2.8606,0.72988
2.61,0.75343
2.6689,0.74205
2.7885,0.73068
2.7241,0.73502
2.644,0.74806
2.875,0.72674
2.6702,0.74453
2.9479,0.71807
2.9151,0.71806
3.1385,0.70091
2.8602,0.72293
3.0678,0.69996
3.1617,0.69372
3.0408,0.70681
3.5237,0.66958
3.1726,0.69725
5.9931,0.5451
6.3857,0.52625
4.4846,0.61925
3.9947,0.64664
2.9943,0.71161
3.1298,0.70082
3.8811,0.65716
5.4144,0.57266
2.7309,0.73471
3.5301,0.67838
2.4039,0.76663
5.5544,0.56252
4.56,0.60683
3.8096,0.65372
5.0249,0.58942
5.3754,0.57303
1.8413,0.80518
2.0215,0.79918
2.6124,0.73467
2.0934,0.78465
2.2459,0.77092
2.3768,0.76047
2.5258,0.75035
3.1727,0.6994
3.4729,0.67215
2.8719,0.72027
2.6906,0.73567
2.8865,0.71899
2.4029,0.7433
3.4483,0.67212
3.5961,0.66165
2.6505,0.73776
2.9486,0.71812
2.4265,0.76113
2.8784,0.7174
2.6547,0.73502
3.2159,0.68857
3.5794,0.66219
4.2404,0.62287
3.0835,0.69568
2.2669,0.77443
3.0675,0.69882
3.0628,0.69979
2.3174,0.76679
4.9078,0.58559
2.7865,0.72154
2.5963,0.73989
2.7635,0.721
2.9942,0.7016
3.1282,0.68672
2.4284,0.74627
1.5339,0.83575
2.836,0.71434
2.1619,0.78027
1.5259,0.83661
2.446,0.73991
2.0625,0.77673
2.4115,0.74409
2.8436,0.71383
4.7166,0.59592
3.547,0.66326
3.9001,0.64041
3.8366,0.6461
4.1385,0.62696
3.6663,0.65763
2.5968,0.73418
3.9915,0.63776
3.9249,0.64025
3.7859,0.65006
2.3166,0.76261
62.013,-0.19735
3.3835,0.67943
4.1424,0.62783
3.0989,0.69262
3.5053,0.66672
3.4251,0.67229
4.4196,0.6099
4.7612,0.5901
2.2972,0.7574
3.7116,0.6522
2.3477,0.75881
2.9926,0.70262
4.5147,0.60259
3.4846,0.66547
2.4729,0.75043
3.0382,0.68968
4.5657,0.60069
3.0709,0.69313
2.6152,0.73246
3.2645,0.67808
2.7029,0.72257
2.5261,0.74036
3.0796,0.69188
4.3195,0.61562
2.2571,0.76197
5.4844,0.55487
4.8216,0.58576
5.8348,0.53487
5.4653,0.552
3.7807,0.63305
2.3012,0.75901
2.9946,0.70297
2.8276,0.71657
3.344,0.67328
3.2669,0.681
3.2432,0.67791
3.1948,0.6811
3.8799,0.63372
4.1814,0.61502
2.6139,0.73067
2.4112,0.74555
4.6939,0.58873
3.858,0.63613
4.0419,0.6226
1.9483,0.78701
2.1473,0.76558
4.4231,0.6005
3.205,0.66845
2.188,0.75087
3.3188,0.65019
2.6702,0.70595
3.7457,0.62924
4.8324,0.57831
3.9417,0.62044
4.3014,0.60499
3.9301,0.62706
3.2153,0.66474
2.5892,0.71531
5.2422,0.55101
5.0471,0.56276
3.1971,0.67009
2.2405,0.72731
1.8421,0.79229
3.5619,0.62656
3.5128,0.6395
3.3365,0.64786
1.404,0.83407
3.0067,0.68081
3.0438,0.67495
3.5412,0.63411
3.3273,0.65104
2.4567,0.71688
2.9817,0.67721
4.7735,0.563
3.9239,0.60803
2.8484,0.67706
4.728,0.56127
4.2877,0.58906
3.0981,0.66158
3.9749,0.59842
4.4747,0.57451
4.4805,0.57577
4.2831,0.58844
3.7447,0.61895
4.0217,0.60204
4.9475,0.55333
4.7295,0.56644
5.5679,0.52195
5.3926,0.53102
5.7669,0.5137
3.0678,0.66411
5.433,0.52702
4.045,0.59981
3.6452,0.62721
4.4948,0.56264
2.6255,0.70439
3.9564,0.60119
5.6701,0.52072
5.673,0.52037
3.4074,0.63879
3.94,0.6045
3.5298,0.63009
5.215,0.53429
3.7293,0.60544
5.2481,0.52925
4.633,0.55046
5.5731,0.51619
5.9535,0.5021
5.1774,0.53743
3.8065,0.60883
3.432,0.63214
2.674,0.68989
2.7532,0.67728
4.4236,0.57704
3.4591,0.63321
2.3222,0.71625
2.1159,0.74215
2.4098,0.71103
3.0188,0.65572
3.5937,0.62039
2.6418,0.69474
4.1713,0.58799
2.4738,0.70492
4.2091,0.58536
2.7983,0.6867
4.0363,0.598
2.2881,0.71509
2.5044,0.70188
2.4495,0.70578
2.5538,0.69191
4.408,0.57435
3.759,0.60388
4.5785,0.56011
4.8911,0.53361
3.9901,0.57196
4.2588,0.56179
4.2186,0.56522
3.476,0.61088
4.5692,0.53979
4.2929,0.56209
3.342,0.62155
2.9987,0.65769
3.1311,0.64726
4.1424,0.57871
4.8676,0.54051
3.5952,0.6165
2.4012,0.68334
4.1674,0.58225
4.5691,0.55944
4.3909,0.56346
3.7327,0.60316
4.0219,0.58549
4.0789,0.58031
4.0268,0.58205
3.3231,0.6204
2.4639,0.7004
3.6583,0.60736
1.2992,0.82719
2.2965,0.69289
5.065,0.52468
3.9025,0.58132
3.7563,0.59432
3.7551,0.59495
3.9776,0.58881
3.9808,0.58822
4.2152,0.57242
3.8169,0.59626
4.5541,0.55411
3.5005,0.61589
3.7222,0.60288
6.1333,0.48072
6.7929,0.45464
6.6277,0.46215
3.5732,0.61227
6.5615,0.46473
6.4458,0.46944
5.9875,0.48919
4.0492,0.5832
6.4504,0.46866
3.2601,0.63204
5.7902,0.4907
5.6928,0.50061
2.5133,0.68088
1.7493,0.75224
4.2743,0.56633
4.5235,0.55359
4.4246,0.5606
4.3573,0.56136
4.4148,0.56004
4.4316,0.55796
3.9893,0.58087
4.3546,0.56248
4.6788,0.54398
2.5292,0.66355
2.5937,0.65824
2.4907,0.66957
2.7068,0.6509
6.1092,0.47811
3.5418,0.61158
5.8914,0.48837
5.6713,0.4986
6.0149,0.47977
6.0521,0.48015
2.7463,0.63801
5.3742,0.51051
2.991,0.65048
3.3169,0.62544
3.0727,0.64168
3.4223,0.61478
2.9962,0.64901
4.2216,0.55461
3.3658,0.62145
3.0331,0.64586
1.5869,0.77653
5.7995,0.49071
6.6173,0.45282
5.7916,0.48811
4.0141,0.57655
2.6638,0.66178
4.1208,0.57017
2.39,0.66311
4.001,0.57725
2.4159,0.66181
5.7855,0.4906
3.195,0.62625
3.6912,0.59555
3.3267,0.61683
3.0536,0.63647
5.2591,0.51346
5.8006,0.48673
5.2793,0.50834
5.1936,0.51018
5.7107,0.48871
5.7741,0.48588
5.5781,0.49524
3.9012,0.58103
4.731,0.53509
4.6221,0.54079
4.3884,0.55305
3.5442,0.60342
4.2572,0.55918
6.0121,0.47505
6.1693,0.46701
5.6513,0.48657
3.8528,0.57722
4.2069,0.55727
5.9697,0.47229
6.0988,0.46812
3.3602,0.61445
3.9444,0.57648
5.9044,0.48172
6.077,0.47553
5.6032,0.49838
5.6976,0.49528
4.5394,0.54796
5.2547,0.51546
5.4266,0.50457
4.841,0.52806
4.869,0.52696
4.6129,0.5405
4.8861,0.5246
4.6746,0.53511
3.9674,0.57389
6.0748,0.46972
4.8964,0.52368
5.8082,0.48109
5.1799,0.50737
4.6545,0.53469
5.6656,0.48299
4.1402,0.5549
5.4927,0.49973
1.8653,0.72696
6.0356,0.4723
6.0049,0.47379
4.9711,0.51906
3.7507,0.58149
4.6796,0.5314
5.5792,0.49358
5.8971,0.48044
5.6332,0.49316
4.7951,0.5349
4.6849,0.53755
5.8497,0.48381
5.6911,0.49094
5.2068,0.5113
4.8306,0.52973
2.2405,0.68974
5.2915,0.50634
5.8025,0.48384
5.276,0.51034
5.5462,0.49443
4.9867,0.5172
5.4873,0.49763
3.5792,0.60032
3.6682,0.59437
3.22,0.62115
5.8998,0.47385
3.4561,0.581
1.5772,0.76818
1.2796,0.8116
1.8476,0.73667
5.342,0.50118
5.8231,0.47845
5.4896,0.49515
4.4858,0.54457
4.0894,0.56827
3.9061,0.58024
5.7419,0.48509
4.6696,0.53636
3.9637,0.57727
5.7655,0.48411
5.2727,0.50744
3.8257,0.58127
5.8489,0.47584
4.6005,0.53792
6.1113,0.46533
4.8069,0.52592
5.2118,0.50542
5.601,0.4891
5.5692,0.48902
5.9688,0.46997
5.3816,0.49978
4.8623,0.52292
5.8645,0.47593
4.747,0.52869
5.4306,0.49538
2.352,0.66402
2.3542,0.66558
4.2923,0.55209
2.9874,0.60958
5.4987,0.49598
4.8521,0.52865
1.9825,0.71699
5.5542,0.49326
5.6962,0.48578
4.4021,0.54916
2.462,0.66634
3.843,0.58
2.5986,0.64195
2.4723,0.65767
5.4299,0.5004
5.393,0.5032
3.3192,0.61801
3.2139,0.6263
4.6556,0.53687
4.5988,0.54021
5.713,0.48579
5.6459,0.48826
4.1024,0.56477
5.3751,0.50036
5.7531,0.48202
4.867,0.52181
5.3309,0.50202
1.6617,0.74726
4.4976,0.5403
3.8567,0.57674
4.6116,0.53422
4.0933,0.56163
3.9647,0.57007
3.8057,0.58137
5.7959,0.47814
3.8651,0.58136
5.3054,0.5045
1.3771,0.78776
1.5418,0.76821
1.4586,0.78114
5.0865,0.51507
4.8153,0.52175
2.3967,0.67673
4.6337,0.53218
4.6505,0.53
3.7614,0.58281
3.6096,0.59152
1.8143,0.72332
4.588,0.53452
5.2829,0.49948
4.3208,0.54882
1.9088,0.7171
2.3335,0.65855
4.2464,0.53505
2.1445,0.67861
6.2075,0.45839
2.3995,0.65565
2.7238,0.63134
6.1546,0.46301
2.9024,0.61501
3.2716,0.59987
3.4819,0.58307
4.159,0.54447
1.3827,0.79057
3.7825,0.56659
2.0437,0.7119
2.6251,0.65235
1.9379,0.72629
1.2823,0.81028
2.4803,0.66869
4.107,0.54797
3.7092,0.56112
2.0709,0.68961
2.724,0.62614
4.1356,0.5436
3.0372,0.60083
2.9948,0.62357
5.5538,0.47419
2.4762,0.65412
2.527,0.66716
2.6923,0.63377
2.6514,0.63738
2.7517,0.62754
2.3901,0.65923
2.1005,0.68663
4.3243,0.53429
2.1398,0.68571
3.6468,0.57001
3.1919,0.60748
2.7765,0.63602
1.7622,0.73273
3.1232,0.61553
2.7366,0.63952
1.6689,0.7461
3.2302,0.61328
2.8769,0.63068
3.0698,0.6167
3.1776,0.60844
3.0197,0.61976
3.3485,0.59357
3.1347,0.61022
2.9262,0.62512
2.9861,0.60744
3.028,0.60649
1.8769,0.71889
3.2256,0.60599
2.6497,0.65015
2.6457,0.66327
3.8714,0.56603
4.1345,0.55154
3.7891,0.56876
4.0059,0.5514
2.3577,0.66215
2.0184,0.71673
2.3157,0.66607
1.7937,0.73592
1.428,0.78417
1.8071,0.72372
1.4498,0.77881
2.5078,0.65032
4.3455,0.53401
4.2857,0.53436
3.6704,0.5771
4.043,0.5483
3.9568,0.55114
3.0157,0.62968
4.9773,0.51108
2.3366,0.67403
1.9508,0.69886
4.0915,0.54574
1.3616,0.7869
3.2106,0.6121
2.9394,0.62505
3.2542,0.6102
3.3071,0.60607
3.2232,0.61375
3.5082,0.58994
2.4541,0.66804
2.4346,0.66534
2.802,0.64125
2.0414,0.69637
1.2512,0.80176
1.7767,0.72871
2.251,0.67373
4.2267,0.53686
1.4404,0.77532
2.0591,0.69276
4.2119,0.53815
2.6984,0.64583
2.7334,0.64453
2.5195,0.66205
2.7322,0.64164
1.6858,0.74429
1.7779,0.72987
1.6943,0.73948
1.4905,0.76109
3.047,0.60864
1.9671,0.69674
1.5668,0.75169
3.7024,0.55489
5.6434,0.46185
1.6229,0.74311
1.965,0.69678
2.5559,0.65974
1.5655,0.76833
2.7701,0.65343
2.4294,0.6491
2.779,0.6415
2.9288,0.62952
2.8722,0.633
1.7467,0.72857
2.3223,0.67996
3.5198,0.59277
3.3421,0.59589
2.8459,0.63472
1.9084,0.71562
3.5465,0.58081
4.846,0.50353
4.3562,0.52657
4.7539,0.51994
1.4463,0.77493
4.8227,0.52232
5.839,0.47542
1.5178,0.76654
3.7846,0.57878
2.961,0.62847
4.0255,0.5647
4.2722,0.54985
3.9328,0.57162
4.2269,0.55203
3.753,0.58153
3.1672,0.60744
2.591,0.65392
3.263,0.60273
2.3079,0.68356
2.7074,0.65395
2.5146,0.66945
2.6349,0.65902
3.3014,0.58571
2.5194,0.63902
4.6596,0.50917
5.1268,0.50557
2.1831,0.69223
4.0552,0.53798
3.3275,0.60479
4.6591,0.52828
1.5953,0.75513
1.8929,0.71648
1.7678,0.72928
3.3422,0.60988
4.0023,0.56778
3.3737,0.60128
3.9721,0.56543
4.2421,0.54881
3.8718,0.57367
4.9128,0.51543
3.5007,0.58606
3.3147,0.5934
3.4555,0.58308
2.3435,0.67543
3.2515,0.59866
1.3201,0.79597
4.6603,0.50861
2.0179,0.70946
2.7274,0.64308
4.5354,0.51966
3.512,0.57571
1.4472,0.76788
4.4441,0.53719
2.6138,0.65126
2.4155,0.66287
2.9672,0.62047
2.8802,0.629
2.8101,0.63777
2.8988,0.62842
2.222,0.69169
2.6831,0.64925
2.1505,0.69909
2.875,0.63078
4.6133,0.5284
4.7572,0.52187
4.7349,0.52313
2.6633,0.64766
4.0573,0.56084
3.3088,0.60926
4.7098,0.52689
1.3379,0.79509
2.7429,0.64354
2.0626,0.70314
2.2103,0.69368
4.0884,0.55838
1.5125,0.76081
3.1741,0.61695
3.2556,0.59832
3.7196,0.56419
4.6704,0.51231
2.8022,0.62084
3.2531,0.60121
2.3423,0.65597
1.4202,0.77666
3.302,0.58612
2.1963,0.68207
1.7065,0.73499
3.3664,0.60275
6.1258,0.45322
6.8436,0.42456
2.386,0.66583
3.5961,0.58535
5.8244,0.47048
3.5595,0.58871
2.3901,0.6699
2.5828,0.65286
3.4888,0.59333
3.6814,0.58144
1.2961,0.8011
1.6534,0.74383
1.3243,0.78911
1.3776,0.77775
1.2511,0.80001
2.559,0.64748
1.476,0.76176
1.4848,0.76024
3.3132,0.60101
1.7708,0.72402
2.9363,0.62552
1.7432,0.72688
1.838,0.71451
1.5393,0.74939
1.5936,0.74873
2.8167,0.61169
2.0919,0.68612
2.1761,0.6745
3.6902,0.56558
3.1272,0.60186
2.1113,0.68339
1.7365,0.72849
2.75,0.63362
3.3981,0.58346
1.9931,0.70192
6.2293,0.45032
1.4034,0.77755
1.4397,0.77033
2.3764,0.66633
2.7206,0.61869
3.9776,0.54348
5.2991,0.49135
2.4836,0.65732
4.2093,0.5466
1.5882,0.75831
2.2192,0.67271
4.4492,0.53172
6.0503,0.4544
4.572,0.51127
6.0712,0.45141
6.0295,0.45825
2.3532,0.65427
4.1579,0.53721
1.991,0.69458
2.7693,0.6274
2.382,0.65336
1.966,0.69866
5.7816,0.47329
5.5913,0.48189
2.7221,0.62427
2.5615,0.63809
3.255,0.59264
4.3342,0.52091
1.388,0.77066
3.1579,0.57238
1.9277,0.70027
1.5455,0.74792
3.5129,0.56237
3.1436,0.5898
4.1902,0.52723
2.5814,0.63618
1.603,0.74008
3.0648,0.59879
2.8664,0.61333
1.425,0.76336
2.1028,0.6761
2.3826,0.65185
2.5467,0.64554
2.6212,0.63651
2.5776,0.63157
2.4656,0.6468
1.7748,0.72286
3.5751,0.5614
3.0584,0.61447
1.4172,0.76427
5.6889,0.46096
2.1339,0.66494
5.0559,0.49015
1.9769,0.67378
1.0765,0.82108
5.1487,0.4766
4.794,0.50724
4.5018,0.51003
5.9768,0.45141
4.9525,0.49698
4.3193,0.51595
2.2915,0.6494
4.2474,0.5159
1.2154,0.79848
1.7077,0.71866
2.896,0.59678
2.5035,0.62821
2.545,0.62263
1.9437,0.68804
1.982,0.68852
2.2652,0.65136
2.5389,0.62387
4.2991,0.52923
2.9668,0.61877
3.832,0.55624
2.9642,0.60838
3.9508,0.54933
1.4625,0.75273
3.2709,0.5906
4.3313,0.52272
4.2069,0.52896
3.1026,0.60246
1.5594,0.7397
1.189,0.79798
1.1286,0.80973
1.587,0.74055
1.5452,0.74646
1.7218,0.71998
1.5981,0.73525
1.5883,0.73424
2.1219,0.66633
2.8384,0.61213
3.0543,0.60035
2.1293,0.67048
2.2496,0.65417
2.4882,0.64712
2.5199,0.64015
4.09,0.54791
3.1818,0.58174
1.4043,0.76785
4.9254,0.50091
3.9565,0.53069
1.9542,0.67615
2.2309,0.64754
1.6177,0.73915
2.0587,0.67503
1.1567,0.81358
1.923,0.67921
3.0643,0.60708
2.4394,0.62557
3.2371,0.59501
3.1646,0.60069
3.3924,0.58245
3.1873,0.59795
3.1196,0.60742
3.1334,0.60503
3.0212,0.60891
3.0426,0.61179
3.0832,0.60347
3.013,0.60804
5.6709,0.4609
3.9358,0.54678
1.7617,0.70195
1.7744,0.70084
5.6636,0.46199
5.2901,0.48242
1.3318,0.77768
1.2157,0.79536
1.1021,0.81664
1.3961,0.76544
1.3223,0.77894
1.2615,0.78529
3.179,0.59926
3.0677,0.60747
3.0762,0.60666
2.7734,0.62097
1.9522,0.68528
4.53,0.51575
2.0229,0.67684
1.4803,0.7511
1.4768,0.7507
1.5139,0.74396
2.7725,0.61966
1.5106,0.74286
1.5372,0.73421
1.919,0.68234
6.1311,0.4389
3.4014,0.56703
2.0077,0.67446
1.9275,0.68363
2.1838,0.67235
2.1756,0.67496
1.892,0.68886
2.0901,0.66534
3.3517,0.56797
1.6776,0.72512
3.0269,0.59054
2.1043,0.65834
1.9992,0.67237
2.3531,0.63623
1.9427,0.67712
1.6071,0.73943
1.6243,0.73443
1.3534,0.76933
4.3909,0.52385
2.5664,0.63509
2.4523,0.62944
3.5645,0.55071
3.0393,0.60002
3.0337,0.6175
2.7118,0.62546
2.7672,0.62044
2.9626,0.61573
4.5662,0.51282
3.2109,0.59585
2.9831,0.60437
1.3427,0.77823
2.2696,0.64503
1.8479,0.69552
2.8295,0.59409
3.0867,0.60332
3.1237,0.60122
3.1721,0.59869
3.0709,0.60819
3.0552,0.60852
3.1428,0.59918
3.1007,0.60275
2.9271,0.61786
1.999,0.69165
2.4237,0.62534
2.9545,0.61283
2.9806,0.61045
6.0119,0.44431
3.6118,0.56914
2.4436,0.63233
5.8053,0.45418
3.1841,0.59353
3.1391,0.59848
3.0228,0.6135
6.0395,0.44389
4.7706,0.50246
3.2815,0.59116
3.3033,0.59053
1.3483,0.76716
2.228,0.64157
5.5354,0.46568
2.7421,0.59857
2.9348,0.58419
2.1241,0.65626
3.4995,0.55985
1.6007,0.72724
1.6414,0.72364
1.5304,0.74016
1.587,0.73153
1.6229,0.72477
1.7068,0.71212
3.325,0.59161
3.3782,0.5888
3.6751,0.54744
5.1633,0.48738
5.0342,0.4919
4.855,0.50173
4.9497,0.49702
2.3038,0.64403
2.5606,0.61754
5.5046,0.46768
5.1537,0.48755
5.0424,0.49378
1.9491,0.68429
5.4242,0.47318
3.6979,0.56569
4.3629,0.52509
1.3132,0.77019
1.7851,0.70577
4.7601,0.50265
3.7844,0.56156
1.8383,0.70739
4.469,0.52072
4.8295,0.50285
1.6056,0.73766
5.75,0.45785
1.8857,0.70122
4.3534,0.49622
2.3853,0.62587
4.3704,0.52538
2.296,0.64833
5.5028,0.46888
5.8212,0.45324
2.2717,0.65042
4.0677,0.54368
3.964,0.54945
4.7088,0.51038
1.1795,0.79535
4.6256,0.51087
1.2084,0.78996
5.7106,0.45825
3.2265,0.59229
1.9331,0.67319
4.099,0.51975
1.3886,0.75532
2.7511,0.59776
2.8031,0.59385
1.4355,0.75832
4.7035,0.50783
3.0607,0.61068
2.5815,0.63296
1.2959,0.77735
2.3007,0.65334
5.5368,0.46458
1.5103,0.74578
2.1701,0.67269
2.0794,0.68341
2.3669,0.64858
4.4169,0.5216
4.4243,0.51998
2.1552,0.66146
2.3385,0.63583
5.3048,0.48073
4.8983,0.50214
5.0356,0.49208
5.307,0.47737
3.842,0.52984
5.1647,0.48646
5.2468,0.48159
5.6136,0.46225
5.9444,0.4455
5.5704,0.46312
5.1244,0.48709
4.2462,0.51399
2.6235,0.61662
5.2522,0.47959
2.8738,0.5921
1.256,0.78379
2.0861,0.65584
4.2755,0.51142
2.83,0.59613
3.555,0.55634
5.7112,0.45875
2.8112,0.59787
5.4388,0.47127
1.3475,0.76973
2.8057,0.5997
1.7458,0.71222
5.1116,0.48755
1.7346,0.7096
1.7019,0.71837
1.2633,0.77655
2.1199,0.67205
1.2822,0.78076
3.301,0.58829
1.446,0.75079
1.4554,0.75244
5.873,0.45173
4.5105,0.49683
3.8925,0.55103
3.0985,0.60203
2.9626,0.61241
3.1563,0.59504
2.8602,0.62003
3.3645,0.56335
2.8082,0.62471
1.2423,0.78378
5.7937,0.45165
6.1722,0.43472
2.8772,0.58808
2.8401,0.59102
5.9255,0.44488
2.6291,0.62649
5.4271,0.46994
2.7569,0.62021
2.9265,0.58551
1.657,0.71994
1.4845,0.74662
2.501,0.6331
1.6531,0.72
4.9257,0.49179
2.0659,0.68282
2.2783,0.63702
6.3026,0.42924
6.0484,0.44215
2.2518,0.6418
2.2753,0.64534
2.9871,0.61257
3.1071,0.6017
4.1232,0.53136
5.8013,0.44788
3.6087,0.54986
3.6045,0.56808
4.4494,0.51812
5.7144,0.45514
1.1885,0.78842
5.1477,0.46526
5.5718,0.46464
5.2389,0.47764
5.6859,0.45775
1.8291,0.69016
1.8264,0.68645
4.1042,0.51361
5.6928,0.45279
4.6983,0.48957
2.7304,0.6359
5.4866,0.4699
2.6769,0.60957
4.2539,0.51371
5.4897,0.46842
4.1615,0.51936
4.4276,0.52314
2.8432,0.62882
1.1253,0.81309
3.7821,0.55777
3.7972,0.55627
1.16,0.80569
1.5302,0.74302
3.5457,0.56502
3.3609,0.5777
4.6792,0.49363
4.3311,0.50677
5.0517,0.47346
4.6631,0.48656
3.8038,0.54294
3.3103,0.56735
2.699,0.62052
2.8424,0.60657
4.5318,0.51496
4.3878,0.48679
3.8897,0.55141
1.4495,0.75338
3.9917,0.54301
4.8847,0.49576
6.26,0.43218
1.9674,0.68102
3.9325,0.54538
3.3065,0.56337
5.0836,0.48821
1.9646,0.67761
2.1662,0.65222
5.562,0.45918
5.5624,0.46011
4.7716,0.49649
5.8833,0.44386
4.1993,0.51476
5.9289,0.44122
1.8158,0.69408
1.9235,0.68044
3.517,0.55681
1.7104,0.71269
1.6553,0.7154
1.7788,0.70135
5.1802,0.47796
5.3958,0.47011
1.8375,0.70292
4.3688,0.5016
2.7945,0.60541
3.9535,0.5357
1.8284,0.72286
4.4615,0.52003
1.868,0.68915
1.7116,0.70993
1.8599,0.68652
2.299,0.65713
2.1862,0.6503
2.4439,0.6216
1.3603,0.76051
5.368,0.47206
2.2081,0.66717
4.6746,0.49165
4.6076,0.50989
2.4775,0.6399
4.1654,0.53491
1.3056,0.7761
1.6863,0.71995
4.9335,0.49661
2.5964,0.64645
2.7479,0.63036
2.9082,0.61527
4.7475,0.50277
3.0762,0.60165
2.8225,0.62918
2.6615,0.64253
2.6315,0.64548
2.7905,0.62919
2.8341,0.62545
2.9394,0.61616
3.6736,0.54616
5.0326,0.4916
2.1899,0.65584
2.3672,0.63719
5.4474,0.47025
5.1064,0.4845
4.4614,0.50397
4.6299,0.4904
3.7461,0.53727
4.3272,0.51072
4.8773,0.496
2.7091,0.62347
4.0586,0.53073
2.8732,0.59237
1.896,0.68328
1.2482,0.78496
2.5932,0.61231
2.8756,0.61384
3.2641,0.58333
2.9989,0.60727
3.1079,0.59931
3.9283,0.54998
3.1161,0.59712
2.9357,0.61036
1.416,0.76248
3.5922,0.57081
3.0539,0.6059
2.8617,0.62259
3.1216,0.60185
4.0448,0.53939
2.8976,0.62113
3.0181,0.61238
1.1236,0.8128
4.0283,0.55031
2.8061,0.63652
2.9841,0.61558
2.8214,0.62992
5.394,0.46116
2.2856,0.64552
5.3689,0.47942
1.1286,0.80776
2.8704,0.6232
4.8703,0.47793
4.8463,0.47855
4.3748,0.50623
2.6187,0.6079
4.7734,0.49881
5.1194,0.47464
4.949,0.49881
5.8027,0.46108
5.4781,0.47657
4.1486,0.54325
2.3308,0.66335
4.7303,0.49973
1.5271,0.75024
1.1625,0.80911
1.3761,0.77327
2.8726,0.62587
2.7418,0.63818
4.2136,0.54066
3.0082,0.61072
1.3882,0.77302
1.3396,0.78179
1.8183,0.71007
2.8404,0.63299
2.5794,0.62502
1.8782,0.70163
1.8188,0.71064
4.7301,0.51506
2.8859,0.62019
3.2628,0.5899
2.9544,0.61328
4.5984,0.52252
4.1824,0.54176
2.9958,0.61935
6.0178,0.45076
4.4299,0.52681
4.2009,0.54333
3.9598,0.55731
2.1991,0.65743
5.5763,0.47057
5.2847,0.48643
4.9682,0.50383
3.3605,0.57195
3.8114,0.54629
4.2473,0.52501
1.7962,0.70693
2.5876,0.63177
1.2999,0.7941
2.3104,0.65399
3.9411,0.55341
2.0341,0.67449
2.2368,0.65464
2.0736,0.67487
1.4539,0.75888
1.793,0.72022
1.1747,0.81499
3.8908,0.5523
5.2348,0.48428
3.768,0.56565
4.6743,0.51898
1.2529,0.7976
4.2433,0.5421
4.1645,0.54811
2.3435,0.66796
1.2094,0.80876
1.4199,0.76926
1.3257,0.78388
1.6654,0.73066
3.8829,0.5629
4.0221,0.55333
2.3526,0.66155
2.9834,0.62725
2.8353,0.6265
1.3419,0.78456
2.3531,0.66633
2.9983,0.61296
3.0377,0.61224
4.1622,0.54665
4.1836,0.54473
1.9095,0.70178
1.3784,0.77452
2.024,0.7042
2.5065,0.65479
2.4395,0.66049
2.3436,0.67589
2.2908,0.68055
2.5852,0.65207
2.7077,0.64172
4.0613,0.55411
4.6201,0.52641
3.0413,0.60889
4.1359,0.55381
3.4077,0.58398
3.4367,0.5819
3.5649,0.56917
2.9781,0.60872
2.5974,0.62974
3.4381,0.57332
5.3914,0.48772
5.8633,0.46063
3.4823,0.57248
3.9716,0.5461
3.9267,0.55116
5.0762,0.50093
1.2043,0.81724
3.7109,0.58082
2.1451,0.6982
3.7061,0.57901
1.9486,0.7186
4.7203,0.52484
2.7077,0.63915
2.6791,0.63594
2.8722,0.63588
3.3771,0.5967
3.5734,0.58662
3.8083,0.57147
3.8919,0.56698
5.1746,0.49851
1.3006,0.79871
3.693,0.57544
3.9687,0.56573
3.6615,0.5844
1.8554,0.73146
1.6023,0.74993
3.0127,0.6341
3.3479,0.61654
3.1875,0.62213
1.2016,0.82233
2.9158,0.62534
2.4392,0.65584
3.173,0.59523
4.5252,0.52563
2.037,0.71503
2.1004,0.70805
2.047,0.70242
1.8328,0.73566
4.5048,0.52168
2.8925,0.6039
4.2266,0.55007
3.0228,0.62475
4.3743,0.53992
4.4304,0.53724
4.0766,0.5594
2.288,0.67717
4.0641,0.56152
3.4405,0.60193
4.7676,0.52574
3.4405,0.59565
4.645,0.53603
5.1813,0.50346
3.7838,0.57882
5.353,0.48476
3.3789,0.60737
1.2551,0.82067
3.7614,0.54442
3.7842,0.55719
1.8552,0.72831
5.3942,0.49451
4.378,0.53108
4.3751,0.54817
3.047,0.614
3.9913,0.56024
4.7146,0.52994
4.2887,0.55091
4.1856,0.56605
4.2704,0.55714
3.9137,0.56304
5.1703,0.50703
4.8663,0.52133
4.9449,0.51926
4.5876,0.53326
4.9224,0.51462
5.1342,0.50836
4.5361,0.53598
4.5495,0.54165
4.6117,0.53672
4.4617,0.54021
3.1503,0.61633
3.6719,0.56913
3.2911,0.6044
3.9419,0.57433
3.1471,0.6171
5.0919,0.51311
3.6358,0.59651
5.1224,0.51264
5.0028,0.51983
2.6718,0.66043
4.8139,0.52466
0.98826,0.87879
3.5232,0.6092
3.6654,0.59991
3.9092,0.59051
4.7777,0.53246
4.2116,0.56024
4.2499,0.56218
3.9658,0.57935
4.5191,0.54564
3.0156,0.63168
3.3051,0.62122
2.1764,0.7033
1.2149,0.82779
2.1237,0.70993
1.4396,0.78897
2.4729,0.67804
1.301,0.81354
2.6863,0.6582
4.2415,0.55967
4.1083,0.57142
2.8927,0.65205
1.1261,0.85754
3.4996,0.61128
2.3715,0.68555
3.2652,0.59844
3.8687,0.5794
3.5185,0.60815
3.5211,0.60567
4.4579,0.55074
2.2164,0.69859
4.558,0.54101
1.8892,0.736
3.4883,0.60929
3.5272,0.60539
3.4222,0.61314
3.3923,0.61675
4.2645,0.56441
4.6233,0.54597
4.4764,0.55614
3.397,0.60597
3.0812,0.64204
2.13,0.71867
4.1094,0.57069
3.6881,0.59737
4.2477,0.56231
3.7,0.59891
3.8591,0.58763
2.5783,0.67198
1.9994,0.73565
4.3502,0.56354
3.5791,0.60929
2.5953,0.67561
4.6323,0.53862
4.4263,0.55946
3.2214,0.63543
3.253,0.63308
2.9629,0.65447
4.1264,0.57781
4.4965,0.55017
4.8041,0.53821
1.7186,0.75554
3.0767,0.633
5.1101,0.52232
4.3668,0.56157
2.8675,0.6477
3.5362,0.60703
1.646,0.78303
4.0903,0.5787
3.2954,0.62439
4.2512,0.57318
4.3066,0.57059
2.7766,0.66246
4.1599,0.57129
3.7476,0.6014
4.0543,0.58417
3.99,0.58265
3.8763,0.59315
3.1768,0.6354
2.687,0.66816
4.4644,0.56161
2.8262,0.669
3.8172,0.598
3.6722,0.61097
4.6617,0.5519
1.1186,0.86152
3.3637,0.62507
2.0714,0.72814
3.4559,0.61757
1.732,0.77154
1.9133,0.74633
1.7764,0.76653
1.8132,0.75709
1.8388,0.75705
2.1349,0.72558
2.1019,0.72715
2.2838,0.70996
2.6591,0.67378
1.3606,0.81961
2.109,0.72984
2.8113,0.66059
3.5244,0.6196
3.3402,0.63537
4.3336,0.57251
1.9692,0.74167
2.1822,0.72591
4.1506,0.5872
1.8236,0.7624
2.2727,0.71533
2.4576,0.70066
2.3081,0.71746
2.4773,0.70401
2.5082,0.70239
2.5734,0.69501
3.5895,0.617
3.4339,0.62636
3.2959,0.63506
3.263,0.64006
3.3499,0.6347
5.1539,0.53101
3.4871,0.62778
2.374,0.71417
3.1647,0.63577
3.3753,0.63208
3.1632,0.6382
4.6025,0.55749
2.753,0.67114
2.26,0.72838
2.1653,0.73445
2.116,0.74076
2.7682,0.68156
2.8625,0.66014
2.6791,0.69127
4.8635,0.54561
4.6253,0.56088
1.8528,0.75502
2.2126,0.72804
1.2276,0.85233
2.6548,0.68171
1.1607,0.86498
1.6328,0.78557
2.1062,0.73966
4.3859,0.57651
2.7686,0.67295
3.4328,0.63221
3.9735,0.59236
4.5498,0.56525
4.6002,0.56368
4.7532,0.55297
4.5278,0.56607
2.8855,0.66134
2.8712,0.67517
1.8838,0.76057
4.9551,0.54294
3.0047,0.66204
4.8581,0.54738
5.1217,0.53828
3.0621,0.65108
4.6094,0.56536
4.9276,0.5481
4.8681,0.55125
2.7441,0.67756
2.9726,0.65558
1.5809,0.80726
4.798,0.55645
4.423,0.57758
4.2568,0.58742
4.362,0.57852
3.5689,0.61568
2.6309,0.69148
3.4151,0.63771
3.4993,0.63184
2.1298,0.73923
2.6603,0.69487
3.614,0.62436
1.3279,0.83941
3.3779,0.64136
3.5025,0.63386
2.5719,0.70519
3.5599,0.62818
1.3267,0.83957
1.9738,0.75503
2.7769,0.68672
3.1182,0.66059
2.3266,0.72626
3.3392,0.64367
1.0148,0.90166
2.9291,0.67705
2.8911,0.68207
3.0798,0.66749
4.5125,0.57609
2.4165,0.72376
2.5447,0.71044
3.741,0.6126
2.9747,0.66052
3.3154,0.6356
1.9533,0.75624
1.6057,0.80057
4.3129,0.58742
3.8088,0.61814
2.4601,0.70723
4.0205,0.60793
1.9816,0.7666
3.2464,0.64663
1.6978,0.80218
2.0552,0.75328
2.1333,0.7449
2.1353,0.74597
2.2015,0.74092
2.0513,0.75762
3.6328,0.62815
4.0435,0.60614
3.438,0.64966
2.2182,0.74941
1.6197,0.81288
2.9988,0.67708
2.7991,0.69629
2.0899,0.75565
2.4781,0.72001
2.716,0.69491
3.1428,0.65835
1.5767,0.82458
2.3915,0.72354
2.9913,0.68264
3.8691,0.61217
3.3558,0.65562
2.0352,0.75945
1.9394,0.77918
3.2525,0.66186
3.7853,0.62864
4.4909,0.582
4.3052,0.59512
4.4806,0.58126
2.1198,0.7535
4.3368,0.59325
3.9637,0.61626
3.0055,0.66695
3.3499,0.65376
3.4952,0.64394
2.1184,0.75466
3.0051,0.68306
3.2107,0.66773
2.397,0.72707
2.954,0.6822
2.342,0.73814
2.2404,0.74373
2.1693,0.75165
2.3693,0.73085
4.0012,0.61369
1.3316,0.85274
2.5557,0.71212
3.2068,0.66528
2.1974,0.7471
4.1957,0.60483
3.2549,0.6645
1.9529,0.78642
3.8007,0.62815
2.2508,0.75198
2.4437,0.72607
2.9177,0.69192
1.768,0.80124
2.7289,0.70788
1.8573,0.79372
1.6185,0.82031
1.0952,0.90257
4.1723,0.60525
3.5023,0.64924
2.9955,0.67834
3.3221,0.64816
7.153,0.48922
3.1938,0.65764
3.388,0.64335
3.3403,0.64567
3.393,0.64278
2.1532,0.75019
1.9705,0.77161
3.0024,0.67345
1.8212,0.78706
2.1412,0.75343
2.273,0.74052
1.9036,0.78141
2.0475,0.76938
2.7334,0.70364
2.1344,0.75502
3.1346,0.67148
2.2183,0.74455
2.1379,0.75522
1.9859,0.77582
1.7652,0.80109
1.5763,0.82036
2.3801,0.74114
2.6925,0.70148
2.1771,0.75856
2.1751,0.76021
1.6997,0.81917
1.922,0.79078
3.8153,0.63118
3.3856,0.66249
3.3857,0.66363
3.4451,0.65443
2.9983,0.67842
3.1797,0.66571
3.3884,0.66453
3.7294,0.63989
4.0391,0.61819
2.5421,0.72781
2.3205,0.74832
2.0829,0.77396
1.8519,0.78862
1.3584,0.87348
2.2449,0.75319
1.8601,0.79438
2.851,0.70599
3.8773,0.62795
4.3693,0.59761
1.7981,0.80215
3.02,0.68349
3.7058,0.63342
4.042,0.61907
3.6598,0.64335
3.2744,0.67481
2.5203,0.72698
2.8203,0.70011
3.5948,0.64956
3.1464,0.68441
3.1437,0.67828
4.4931,0.59433
2.1028,0.76474
3.5642,0.6401
2.015,0.77571
3.2832,0.66767
2.7653,0.71077
2.072,0.77403
1.7494,0.81175
1.4418,0.84384
2.7927,0.71106
2.8468,0.70165
2.4549,0.73769
2.7763,0.70712
2.6844,0.72036
1.6563,0.82764
1.6434,0.8282
2.3893,0.75184
1.9117,0.78845
2.6792,0.72151
1.4218,0.86398
1.802,0.80764
2.647,0.72399
2.0914,0.77396
3.2688,0.6656
2.7882,0.70407
2.5482,0.72998
3.33,0.6559
4.0202,0.62453
2.4065,0.73715
2.4593,0.7277
3.5237,0.65816
2.988,0.68497
1.6202,0.82681
2.685,0.71143
3.3539,0.66095
3.0836,0.684
4.3417,0.6014
3.7302,0.64157
3.9952,0.62392
4.0424,0.62036
3.8271,0.63565
3.5326,0.65573
3.0623,0.68045
2.422,0.73429
3.2327,0.67886
2.8612,0.70591
4.1473,0.61762
2.3948,0.75147
3.112,0.68606
1.915,0.79364
1.827,0.80505
1.6781,0.82869
1.8647,0.79871
1.7227,0.82153
2.7127,0.71885
2.1621,0.7676
1.8671,0.80042
1.7608,0.8159
1.9803,0.79731
2.5913,0.73012
1.7761,0.81662
1.8534,0.80464
2.1166,0.78243
2.4143,0.75132
2.4714,0.74834
2.936,0.70304
2.5709,0.73509
2.7332,0.71787
2.8952,0.70353
2.2086,0.76985
2.8607,0.70717
2.1926,0.77286
2.7509,0.7142
2.5915,0.72769
2.815,0.70761
2.3691,0.75335
2.365,0.75307
2.5566,0.73516
2.7412,0.71763
2.666,0.72434
3.8895,0.63922
2.3667,0.75411
2.3409,0.75534
3.2826,0.68294
1.6713,0.83581
2.7041,0.71745
3.284,0.67936
3.6867,0.65096
3.8753,0.6429
3.6228,0.65477
3.2702,0.67556
3.4125,0.66647
4.0538,0.62498
3.048,0.6936
3.0538,0.69724
3.3404,0.67467
2.6802,0.72642
3.4255,0.66834
3.6113,0.65347
2.6993,0.72366
3.5439,0.66141
3.7064,0.64989
2.9833,0.7017
2.7844,0.7178
2.8351,0.71242
3.0672,0.69282
3.0237,0.69626
3.7234,0.64073
3.5655,0.65865
3.7129,0.64978
3.4717,0.66708
3.2847,0.67969
4.1337,0.6212
2.2206,0.77039
1.534,0.84618
1.9954,0.79756
2.1731,0.77592
2.5213,0.73997
2.2716,0.76776
3.2845,0.67287
1.9711,0.79229
3.3105,0.68367
1.4592,0.86709
1.328,0.88463
2.125,0.78542
2.2772,0.76732
2.4183,0.7514
2.5673,0.73798
2.7285,0.72225
1.4743,0.86111
3.7701,0.63922
2.7517,0.71874
3.0972,0.68934
3.053,0.69086
3.8463,0.63955
3.0247,0.70408
3.6424,0.65169
2.8406,0.71348
1.591,0.8497
2.9574,0.69892
3.8291,0.64074
3.0268,0.6956
2.5243,0.74222
3.1593,0.69017
2.9799,0.70509
1.9728,0.79071
2.6815,0.72585
1.576,0.8492
2.6966,0.73043
2.1491,0.77212
2.9502,0.7067
2.3116,0.76202
2.6373,0.73636
3.06,0.69905
1.6239,0.84067
2.9812,0.70266
3.6626,0.65539
2.4196,0.75646
2.9411,0.70951
2.7784,0.72334
3.4608,0.67108
2.7994,0.71199
3.3608,0.67898
3.1498,0.69223
1.8773,0.80808
1.813,0.8135
3.3361,0.6794
1.7833,0.82021
1.9152,0.80265
1.0989,0.92296
1.8362,0.81321
1.9436,0.79637
1.9373,0.79966
1.5533,0.85149
1.7305,0.83022
1.7901,0.81992
2.7312,0.72806
2.0607,0.78333
1.5522,0.84952
3.5432,0.66625
1.8223,0.80914
2.4804,0.74415
2.6623,0.72407
1.399,0.86946
3.543,0.66401
2.1606,0.77963
1.5177,0.85413
2.4821,0.74675
2.2352,0.77279
1.3734,0.87931
2.1392,0.78273
1.6639,0.83577
2.3507,0.75422
1.691,0.8263
2.6816,0.72648
1.3698,0.88066
1.4395,0.86954
1.4515,0.86719
2.2868,0.76721
1.9703,0.80352
1.8049,0.82123
1.9893,0.80471
1.9402,0.80036
2.3237,0.76775
3.1744,0.68858
3.4828,0.67032
1.9408,0.80717
2.9044,0.71655
2.3504,0.75472
3.4146,0.67871
1.5956,0.8449
3.788,0.64862
3.3802,0.67889
3.4855,0.67216
2.0525,0.79438
1.4509,0.86927
1.7202,0.83184
1.3428,0.88851
1.3665,0.88427
1.7321,0.83646
1.1792,0.92256
1.3829,0.8815
2.1675,0.78181
