16.641,0.59162
17.299,0.57727
13.874,0.63501
16.496,0.59183
16.679,0.59038
16.586,0.5886
17.531,0.57138
16.509,0.59063
16.678,0.58625
16.552,0.58788
16.63,0.58938
16.452,0.59235
16.868,0.58117
16.982,0.57875
16.982,0.57781
16.974,0.57921
16.569,0.5843
17.245,0.57146
17.096,0.5761
17.274,0.57293
17.569,0.57239
16.77,0.58105
17.173,0.58015
16.816,0.5835
16.715,0.58435
16.693,0.58272
17.114,0.57872
16.801,0.5852
16.754,0.58836
16.964,0.58387
16.967,0.58377
16.724,0.58851
16.902,0.5825
17.005,0.58365
16.779,0.58522
16.742,0.58928
16.43,0.58891
16.654,0.5852
16.73,0.58459
16.752,0.58463
16.862,0.58607
16.866,0.58573
16.732,0.58939
16.714,0.58672
16.633,0.5876
17.04,0.58488
16.784,0.58444
17.145,0.57954
17.396,0.57842
17.486,0.57622
17.27,0.58017
17.332,0.57918
17.118,0.58276
17.427,0.57835
17.433,0.57488
17.416,0.57482
17.583,0.57115
17.434,0.57265
17.592,0.57143
18.239,0.55908
17.426,0.57177
17.52,0.57051
17.421,0.57069
17.631,0.5671
17.37,0.57421
17.311,0.57411
17.556,0.56737
17.234,0.57187
17.884,0.56423
17.639,0.56731
17.758,0.56412
17.692,0.56524
17.315,0.56653
17.203,0.57102
17.22,0.57018
17.761,0.55885
17.854,0.55688
17.766,0.55857
17.307,0.56545
17.922,0.55606
17.563,0.56175
17.857,0.55576
17.467,0.56182
18.116,0.55346
17.99,0.55743
18.418,0.54858
18.305,0.5504
18.875,0.53984
18.486,0.54697
19.16,0.53503
18.604,0.54128
18.536,0.54057
18.8,0.53433
18.804,0.53482
18.661,0.53732
19.135,0.52926
18.668,0.5412
18.769,0.53733
18.891,0.53372
19.221,0.53062
19.165,0.52898
18.922,0.53034
18.924,0.53118
18.525,0.53508
19.215,0.52565
18.975,0.52852
19.288,0.52255
19.33,0.52261
19.188,0.5234
19.467,0.5208
19.466,0.52103
19.584,0.51759
19.564,0.51473
19.703,0.51415
19.987,0.51062
20.387,0.50335
20.369,0.504
20.443,0.5018
20.789,0.49505
20.793,0.49638
20.602,0.49624
20.651,0.49509
21.103,0.48956
21.093,0.48762
21.013,0.48736
21.053,0.48773
21.363,0.48307
21.512,0.48042
21.987,0.47488
21.758,0.47784
21.559,0.47836
22.132,0.4714
21.754,0.47462
22.201,0.47037
22.43,0.46722
22.826,0.46327
22.493,0.46285
22.226,0.46713
22.753,0.45905
22.699,0.45881
22.9,0.45924
23.747,0.44787
23.257,0.45391
23.34,0.45269
23.324,0.45239
23.57,0.44878
23.192,0.45325
23.573,0.44726
24.229,0.44069
24.038,0.44118
23.933,0.44172
24.003,0.4398
24.916,0.42856
25.41,0.42392
25.038,0.42853
25.241,0.4243
25.339,0.42483
25.209,0.42575
25.967,0.41685
26.795,0.40715
26.386,0.41072
27.205,0.40163
27.161,0.40116
27.225,0.39989
26.427,0.40185
27.774,0.3928
27.032,0.40085
27.625,0.39414
26.924,0.39457
26.561,0.4002
26.379,0.40131
27.009,0.39369
28.512,0.37706
28.042,0.38198
26.954,0.39347
27.887,0.3882
27.358,0.388
27.389,0.39249
27.351,0.3919
26.579,0.39676
28.221,0.37626
27.713,0.3819
28.555,0.37375
28.473,0.37164
27.188,0.38691
26.732,0.38893
26.183,0.39534
25.947,0.3973
25.607,0.40072
25.381,0.40327
25.46,0.40238
26.042,0.39497
26.766,0.38919
27.004,0.38612
26.532,0.39153
26.174,0.39492
26.042,0.39453
26.478,0.38996
25.64,0.39809
25.355,0.40098
25.397,0.39925
25.538,0.39773
24.57,0.40703
24.788,0.40369
24.656,0.40093
25.78,0.39054
24.177,0.40631
24.428,0.40422
24.06,0.40852
24.209,0.40427
24.781,0.39716
23.247,0.41617
23.892,0.40512
22.985,0.41612
22.995,0.41571
22.755,0.41801
22.982,0.41935
22.52,0.42484
22.838,0.41687
23.369,0.41114
23.397,0.41225
23.182,0.41236
22.841,0.41598
23.152,0.411
21.568,0.42985
20.073,0.44821
22.592,0.41727
22.887,0.41348
22.941,0.41117
22.959,0.4087
21.15,0.43227
21.494,0.43233
21.129,0.43388
21.449,0.42702
20.149,0.44442
19.874,0.44801
21.321,0.43298
20.918,0.43766
20.849,0.43741
20.309,0.44612
19.695,0.44683
19.91,0.44559
19.361,0.45475
19.585,0.45107
19.271,0.45231
19.569,0.44789
19.716,0.446
19.315,0.45223
19.336,0.44983
19.541,0.44758
19.189,0.44995
18.995,0.45425
20.137,0.43998
19.76,0.4437
19.029,0.45094
18.96,0.45554
18.797,0.4576
18.728,0.45499
19.463,0.44641
18.882,0.45474
19.75,0.44332
19.371,0.44823
18.633,0.457
19.025,0.45212
19.656,0.44127
19.415,0.44431
19.482,0.44331
19.708,0.44063
18.319,0.45935
19.069,0.44864
19.088,0.44915
19.908,0.43733
19.002,0.45099
18.99,0.45096
18.928,0.45165
18.582,0.45658
18.605,0.45604
18.521,0.45628
18.81,0.45181
18.488,0.45678
18.81,0.44966
18.6,0.45522
17.72,0.46707
18.599,0.45539
18.068,0.4616
17.978,0.46432
17.921,0.46411
17.729,0.46809
18.233,0.45857
18.167,0.46028
17.996,0.4629
17.593,0.46891
18.34,0.45878
17.744,0.46539
18.358,0.45853
18.217,0.46134
17.769,0.46333
17.858,0.46582
17.392,0.46956
17.91,0.46185
17.63,0.46704
17.515,0.46959
17.667,0.46793
17.277,0.47257
16.202,0.48875
17.872,0.4607
16.354,0.48632
16.226,0.48683
17.518,0.46818
17.442,0.47107
17.018,0.47749
17.208,0.47292
16.223,0.48749
16.317,0.48411
16.561,0.48041
17.085,0.47702
16.557,0.48041
17.095,0.47582
15.346,0.49863
16.517,0.47972
16.565,0.47795
16.533,0.47983
17.018,0.4756
16.905,0.47393
16.453,0.48295
16.545,0.48102
17.306,0.4684
17.293,0.46957
16.942,0.47307
16.174,0.48309
16.637,0.47552
15.879,0.49001
15.974,0.48652
16.02,0.48466
16.136,0.48482
15.138,0.50514
15.857,0.48884
15.867,0.48993
15.962,0.48646
15.91,0.49089
15.523,0.49437
15.533,0.49331
16.16,0.485
16.581,0.47907
15.53,0.49362
15.4,0.49709
16.152,0.48398
15.467,0.49476
15.89,0.48831
15.872,0.48955
15.59,0.49229
15.677,0.49229
15.637,0.49386
16.4,0.4801
15.771,0.48947
16.269,0.48061
15.817,0.48975
15.969,0.48566
15.727,0.48984
15.892,0.48724
16.122,0.48566
15.698,0.49025
15.72,0.4906
15.305,0.49647
15.15,0.50179
15.594,0.49188
15.239,0.49691
15.141,0.49929
15.156,0.49942
14.941,0.50226
15.412,0.494
15.192,0.49802
15.033,0.49828
15.789,0.4883
15.531,0.489
15.579,0.48949
15.57,0.49009
15.323,0.49397
15.712,0.48863
15.938,0.48623
15.447,0.49383
15.39,0.49398
15.737,0.49031
14.882,0.50269
14.638,0.50566
14.747,0.50607
14.832,0.50459
14.583,0.50588
14.82,0.50177
14.438,0.50751
15.099,0.49657
14.982,0.49842
15.215,0.49647
15.161,0.49712
15.842,0.48556
15.322,0.49434
14.678,0.50456
15.047,0.49917
14.838,0.50259
14.656,0.50549
15.381,0.49536
15.306,0.49492
15.311,0.49705
15.445,0.49387
14.814,0.50327
14.99,0.50124
14.834,0.50344
15.134,0.49705
15.934,0.48245
15.717,0.48692
14.504,0.50461
13.884,0.51751
15.168,0.49656
13.788,0.51955
14.177,0.51177
13.027,0.52961
13.701,0.51826
13.696,0.52224
14.773,0.50534
14.586,0.50888
13.515,0.52391
14.669,0.50323
14.366,0.50626
13.761,0.51796
14.471,0.50544
14.202,0.50806
14.508,0.50706
13.995,0.51778
14.534,0.50757
14.826,0.50184
14.78,0.50557
14.731,0.50765
14.155,0.51232
13.575,0.52407
13.213,0.53114
14.105,0.51456
13.503,0.52275
13.163,0.53
13.775,0.52294
13.863,0.51987
13.861,0.52053
13.625,0.52443
13.991,0.51765
14.029,0.51734
14.878,0.50301
14.336,0.51103
14.324,0.5115
14.148,0.51405
14.274,0.51456
14.62,0.5065
14.4,0.51115
14.068,0.51479
14.491,0.50951
14.763,0.50512
13.909,0.51836
14.918,0.50237
13.333,0.52851
13.192,0.53152
14.923,0.50143
14.174,0.51548
14.31,0.51329
14.022,0.51864
13.881,0.521
13.972,0.5208
13.488,0.52541
14.293,0.51289
14.341,0.5116
12.959,0.53135
13.695,0.52299
14.194,0.51401
13.841,0.51908
13.743,0.52284
14.111,0.51586
14.154,0.5143
13.884,0.51957
13.338,0.52921
13.887,0.51862
14.028,0.51564
13.407,0.52675
13.945,0.51722
14.304,0.5112
13.748,0.51949
13.964,0.51606
14.249,0.51107
14.453,0.50834
14.336,0.5108
14.291,0.5108
15.604,0.49216
14.31,0.5108
15.454,0.49334
15.362,0.49512
14.157,0.51509
14.37,0.51074
14.093,0.51535
14.859,0.50159
14.118,0.51463
13.876,0.51973
12.808,0.53269
14.003,0.51678
13.454,0.52784
14.075,0.51595
14.45,0.50883
15.004,0.50216
15.007,0.50225
13.814,0.5197
14.215,0.51228
14.012,0.51562
14.302,0.50939
13.898,0.51637
13.813,0.51999
14.158,0.5129
14.217,0.51144
12.321,0.54257
14.195,0.51234
14.183,0.51275
13.29,0.5247
12.447,0.54208
12.927,0.53327
13.633,0.52194
13.656,0.5202
13.604,0.5216
13.396,0.52494
13.248,0.52664
14.043,0.51528
13.636,0.52241
13.834,0.5197
13.903,0.51765
13.647,0.52305
13.811,0.51787
13.202,0.52829
13.42,0.52385
12.999,0.53252
13.062,0.53108
13.667,0.52078
13.496,0.52497
13.043,0.53147
13.473,0.52583
13.404,0.52672
13.326,0.52498
13.312,0.52751
13.343,0.52556
13.621,0.52259
13.159,0.52607
13.393,0.52369
13.356,0.525
13.296,0.52587
13.239,0.52724
13.616,0.52268
13.971,0.51631
13.708,0.52093
13.876,0.51737
13.549,0.52289
13.554,0.52172
12.75,0.53593
13.215,0.52687
12.929,0.53132
13.329,0.5251
13.239,0.52631
12.938,0.53166
13.294,0.52564
13.273,0.52631
13.385,0.52394
13.877,0.51763
13.309,0.52517
13.563,0.52036
13.048,0.53044
13.4,0.52224
12.631,0.53864
13.047,0.52998
12.344,0.54255
12.716,0.53883
13.65,0.51962
12.626,0.53734
11.724,0.55535
12.168,0.54565
12.541,0.5391
13.406,0.52543
13.761,0.51836
13.854,0.51611
13.931,0.51397
14.448,0.50446
14.311,0.5084
14.197,0.51062
13.946,0.51547
14.233,0.51023
13.949,0.5166
13.084,0.52821
14.46,0.50551
12.322,0.54371
12.217,0.54571
12.056,0.54762
13.798,0.51692
12.642,0.53472
12.783,0.53275
13.152,0.52559
12.749,0.53204
12.303,0.54108
12.226,0.54462
12.661,0.53698
12.294,0.54365
13.591,0.52198
13.518,0.52308
13.435,0.52382
14.332,0.50915
14.121,0.51293
13.53,0.5212
14.084,0.51393
12.869,0.53149
13.129,0.52681
14.528,0.50484
14.424,0.50722
13.461,0.52048
13.407,0.52412
13.028,0.53182
13.598,0.52035
12.749,0.53731
13.151,0.52927
13.04,0.53166
12.721,0.5379
13.079,0.53077
13.193,0.52847
13.138,0.52953
13.379,0.52497
12.706,0.53694
11.65,0.55444
11.43,0.55811
12.278,0.54275
11.618,0.55523
12.786,0.53289
11.938,0.54848
12.473,0.53864
12.606,0.53748
12.509,0.53992
12.786,0.53295
12.468,0.53995
12.266,0.54635
12.539,0.53784
12.54,0.53738
13.523,0.52261
13.05,0.52845
12.724,0.53525
12.747,0.53688
13.11,0.53079
12.487,0.53995
13.29,0.52728
13.618,0.52083
12.501,0.53955
12.815,0.53289
12.963,0.52902
12.89,0.52989
12.632,0.53514
12.941,0.52877
13.076,0.52623
12.837,0.53129
13.44,0.52323
13.658,0.51936
13.531,0.52162
13.349,0.52463
12.538,0.5351
12.638,0.53675
13.159,0.52457
13.053,0.52881
13.458,0.52037
13.252,0.52475
13.131,0.52636
12.941,0.53063
13.695,0.51565
13.93,0.51077
13.681,0.51512
13.514,0.51857
13.469,0.5199
13.909,0.51336
13.085,0.52526
14.135,0.50979
12.754,0.53252
12.998,0.52843
12.545,0.536
12.752,0.53251
12.876,0.52978
13.249,0.52439
13.054,0.5284
13.947,0.51262
13.166,0.52734
12.454,0.53706
11.754,0.55091
12.175,0.54364
12.03,0.54491
11.452,0.55596
12.696,0.53205
11.923,0.54742
12.278,0.54068
13.231,0.52634
12.25,0.54239
12.68,0.53104
13.398,0.52202
13.079,0.52468
11.721,0.55166
11.544,0.55633
11.694,0.5529
12.11,0.54373
13.282,0.52518
13.452,0.52016
13.984,0.5108
13.244,0.52507
13.018,0.52994
13.533,0.51901
12.76,0.53107
12.825,0.53104
12.961,0.53124
13.631,0.51477
12.578,0.53672
12.866,0.53112
12.846,0.53302
13.163,0.52697
13.083,0.5273
12.738,0.53477
10.467,0.58578
10.389,0.58767
12.87,0.53367
10.533,0.58526
11.897,0.54714
12.09,0.54306
12.438,0.5365
11.965,0.54527
13.335,0.52305
13.543,0.51785
12.644,0.53067
12.639,0.53133
12.898,0.52607
12.181,0.54123
11.835,0.54776
13.286,0.52469
12.624,0.53458
11.983,0.54764
12.232,0.54118
12.79,0.53365
12.065,0.54676
12.53,0.53806
12.172,0.54312
12.407,0.5383
12.507,0.5374
12.526,0.53584
12.724,0.53287
13.03,0.52626
12.156,0.53993
12.107,0.54085
11.744,0.55061
12.206,0.54271
12.195,0.54324
12.336,0.541
13.322,0.52085
12.143,0.5436
12.811,0.53238
13.197,0.52357
12.642,0.5351
12.872,0.53006
12.263,0.54126
12.242,0.54196
12.551,0.53824
13.022,0.52816
12.946,0.52936
13.362,0.52152
12.72,0.53436
12.608,0.53683
13.138,0.52582
12.841,0.53236
13.203,0.52593
12.611,0.5376
12.049,0.54593
11.87,0.54981
12.581,0.53448
12.55,0.53502
12.376,0.53898
12.894,0.53087
12.925,0.52982
13.275,0.52245
13.154,0.52483
12.721,0.53447
13.034,0.52674
12.624,0.53522
13.269,0.52331
13.538,0.51857
14.008,0.50907
13.092,0.52651
13.312,0.52329
12.95,0.53044
13.548,0.51881
13.148,0.52382
13.487,0.51974
13.714,0.51519
13.667,0.51573
13.805,0.51253
12.187,0.54265
12.276,0.5394
12.663,0.5324
13.275,0.52451
13.216,0.52416
12.273,0.53907
13.059,0.52812
12.304,0.54403
13.356,0.51933
13.527,0.5189
13.017,0.52896
13.22,0.52501
11.787,0.5487
13.424,0.52086
12.755,0.53451
12.909,0.53087
12.175,0.54396
12.288,0.54206
13.16,0.52521
13.074,0.52797
12.124,0.54465
11.821,0.55066
11.951,0.54849
11.527,0.5552
12.562,0.53397
13.275,0.52338
12.783,0.53259
12.405,0.53717
9.1208,0.61621
12.157,0.54263
12.482,0.53562
13.489,0.51879
12.117,0.54274
13.357,0.5216
13.808,0.51246
13.28,0.52305
12.509,0.53558
12.429,0.53699
13.549,0.51672
12.647,0.53223
12.184,0.54226
12.006,0.54533
12.658,0.53065
12.412,0.53612
12.458,0.536
12.806,0.52895
12.391,0.53716
12.29,0.54067
12.203,0.54159
12.447,0.53633
12.39,0.53825
12.297,0.53892
12.532,0.53417
12.602,0.5322
13.292,0.52206
12.99,0.52897
12.315,0.53887
12.229,0.5406
12.294,0.53931
11.995,0.54593
12.942,0.52784
12.771,0.53167
12.574,0.5357
13.176,0.5239
12.331,0.54052
12.456,0.53619
13.145,0.5237
12.936,0.52813
12.944,0.52827
12.194,0.5418
12.878,0.52934
13.304,0.52286
12.79,0.52805
12.349,0.53832
11.291,0.5565
11.992,0.54414
12.387,0.53827
11.682,0.54806
13.546,0.51777
13.05,0.5267
12.195,0.53943
13.266,0.52036
12.897,0.5266
13.39,0.51677
11.991,0.54469
12.174,0.54187
13.726,0.51398
12.111,0.54138
12.071,0.54189
13.409,0.51898
12.903,0.52512
11.855,0.5471
11.909,0.54543
14.515,0.49813
12.802,0.52604
12.072,0.54175
13.124,0.52298
13.061,0.52372
13.065,0.52459
13.044,0.52496
13.268,0.52179
13.31,0.52006
13.389,0.51921
13.45,0.51749
13.158,0.5232
13.597,0.51641
13.025,0.5286
13.548,0.51755
13.093,0.52577
12.748,0.53152
12.779,0.53091
12.303,0.53854
13.017,0.52573
11.94,0.54648
11.924,0.54715
12.622,0.5324
12.525,0.5346
12.954,0.52636
12.432,0.53917
13.199,0.52432
11.87,0.54638
12.151,0.54237
12.732,0.53107
13.042,0.52624
12.638,0.53304
12.578,0.53401
12.974,0.52638
13.319,0.52022
12.686,0.53047
12.896,0.529
13.399,0.52053
12.787,0.53138
12.904,0.52733
12.952,0.52634
13.158,0.52192
13.134,0.52386
12.785,0.53189
12.564,0.5364
12.521,0.53602
13.457,0.51863
12.87,0.52961
13.103,0.52593
12.724,0.53279
13.099,0.52456
12.536,0.53583
12.707,0.53156
12.51,0.53623
12.67,0.533
12.98,0.52635
12.736,0.53289
12.432,0.53761
12.578,0.53466
12.412,0.53902
12.758,0.53152
12.627,0.53376
12.138,0.54072
12.961,0.52694
12.095,0.54501
12.934,0.52771
12.538,0.53636
12.747,0.53142
13.041,0.52559
12.972,0.52659
12.818,0.5299
12.447,0.53797
12.739,0.53164
12.938,0.52718
13.708,0.51382
12.581,0.5336
12.716,0.5308
12.958,0.52646
12.84,0.52975
12.894,0.52834
12.226,0.5427
12.811,0.52989
12.419,0.53887
12.385,0.53913
13.309,0.52055
12.658,0.53434
12.482,0.53605
12.3,0.53759
12.918,0.5281
13.102,0.52414
13.013,0.52585
13.04,0.52561
13.365,0.51862
12.341,0.53632
12.894,0.52786
13.111,0.5244
12.918,0.52739
12.831,0.52932
12.472,0.53663
11.961,0.54341
12.78,0.52997
11.964,0.54347
11.486,0.55436
12.802,0.52991
12.089,0.54218
12.932,0.52756
12.965,0.52615
12.319,0.53989
12.486,0.53609
12.683,0.53133
12.617,0.53305
12.506,0.53672
12.485,0.53554
12.5,0.53645
12.751,0.53173
12.517,0.5355
11.692,0.55182
12.861,0.5304
12.461,0.53723
12.568,0.5346
12.748,0.5319
12.944,0.52813
12.851,0.53008
12.58,0.53406
12.432,0.53676
12.816,0.52981
12.875,0.52738
12.734,0.53001
12.896,0.52717
12.657,0.53235
12.748,0.53206
12.681,0.53184
12.768,0.53019
12.535,0.53586
12.597,0.5335
12.127,0.54437
11.728,0.54994
11.907,0.54797
12.221,0.54083
12.007,0.54357
12.261,0.541
11.784,0.54849
11.628,0.55295
8.9064,0.62203
11.879,0.54897
12.037,0.543
12.117,0.54289
12.763,0.5304
12.412,0.53896
12.685,0.53192
13.003,0.5265
12.897,0.52754
12.359,0.53886
12.094,0.54501
13.075,0.52533
12.8,0.5297
12.583,0.53485
12.728,0.5317
12.385,0.53848
12.24,0.54152
12.03,0.54571
12.304,0.54002
11.894,0.54699
12.065,0.54264
11.528,0.55466
12.074,0.54224
12.834,0.52905
11.868,0.54717
12.288,0.54187
12.045,0.54412
12.763,0.53057
12.556,0.53556
12.796,0.53044
12.843,0.52971
12.119,0.54275
12.602,0.53318
12.64,0.53263
12.748,0.53177
12.787,0.5301
12.775,0.52893
13.346,0.51935
12.83,0.52924
12.614,0.53377
12.403,0.53617
11.824,0.54671
11.996,0.54351
12.079,0.54176
11.989,0.54423
12.25,0.53819
11.962,0.54439
12.406,0.53596
12.326,0.53908
11.927,0.54728
12.318,0.53829
12.228,0.53901
12.423,0.53653
12.293,0.53965
12.871,0.52913
12.414,0.53684
12.666,0.53253
12.267,0.53915
12.886,0.52766
12.911,0.52733
12.522,0.53356
12.486,0.53624
12.649,0.53143
12.949,0.52618
12.244,0.54177
12.759,0.53004
12.504,0.53496
12.762,0.53055
12.573,0.53464
12.169,0.54238
12.81,0.52992
12.739,0.53109
12.869,0.52891
12.457,0.53665
12.634,0.53306
12.309,0.53996
12.514,0.53455
12.352,0.5383
12.748,0.52972
12.411,0.53741
12.42,0.5364
12.939,0.52518
12.556,0.53395
12.583,0.53433
12.548,0.53333
12.432,0.53499
12.795,0.52974
12.566,0.53315
12.392,0.53727
12.3,0.53708
12.431,0.53553
12.043,0.5436
12.266,0.53773
12.784,0.52968
12.399,0.53675
12.412,0.53598
12.552,0.53419
12.436,0.53548
12.38,0.53645
12.794,0.52813
12.421,0.53371
12.552,0.53207
12.714,0.52819
13.111,0.52237
13.007,0.52372
13.26,0.5204
12.817,0.53042
13.378,0.51823
13.182,0.52218
12.97,0.52544
13.186,0.52088
13.177,0.52134
12.804,0.52756
12.563,0.53293
12.155,0.53918
12.633,0.53224
13.013,0.52489
12.658,0.53182
12.703,0.53029
12.604,0.53328
12.445,0.53663
12.61,0.53378
12.382,0.53699
11.965,0.54408
12.842,0.5287
12.565,0.53369
12.456,0.53659
12.623,0.53266
9.3148,0.61066
12.595,0.5335
9.4143,0.60721
12.853,0.52808
9.1529,0.61429
9.3377,0.60899
12.407,0.53711
12.772,0.53033
12.591,0.53393
11.975,0.54626
12.084,0.54284
12.796,0.52818
11.622,0.55304
12.445,0.53558
12.609,0.53187
12.226,0.53949
12.326,0.53799
12.374,0.536
12.088,0.54229
12.32,0.53761
12.25,0.53938
12.31,0.53818
12.272,0.53666
12.45,0.53571
12.674,0.53161
12.715,0.52886
12.465,0.53579
12.054,0.54361
13.166,0.52053
12.586,0.53247
12.108,0.54253
13.217,0.52035
12.114,0.5405
12.752,0.53131
12.713,0.5322
12.995,0.5254
12.05,0.54369
12.382,0.53613
12.07,0.54098
12.661,0.53077
12.244,0.53885
12.357,0.5342
11.96,0.54413
12.407,0.53349
12.493,0.53444
12.603,0.53251
12.494,0.53537
12.68,0.5308
12.54,0.53417
12.366,0.53783
12.5,0.53487
11.837,0.54665
12.197,0.54151
12.385,0.5377
12.626,0.53213
12.343,0.5378
12.758,0.52934
12.706,0.53105
12.784,0.52794
12.9,0.52613
12.73,0.5285
12.582,0.53313
12.163,0.5387
12.315,0.53456
11.973,0.54212
12.939,0.52638
12.565,0.53176
13.04,0.52375
12.237,0.53891
11.92,0.54456
11.912,0.54418
12.164,0.53957
12.492,0.53233
12.094,0.54118
11.657,0.55061
12.002,0.54375
12.021,0.54343
11.954,0.54457
11.999,0.54391
11.978,0.54408
11.699,0.54812
11.681,0.54848
12.274,0.53802
11.813,0.54517
12.015,0.54028
12.187,0.53853
12.174,0.53914
12.226,0.53681
12.136,0.53914
12.099,0.54236
12.315,0.53759
12.604,0.53079
12.201,0.53612
12.2,0.53589
12.22,0.53666
12.567,0.52987
12.025,0.53986
12.787,0.5287
12.444,0.53284
13.142,0.5214
13.362,0.51714
13.436,0.51488
13.318,0.51717
12.734,0.52887
11.586,0.55261
10.856,0.56575
12.31,0.53632
10.949,0.56395
12.601,0.52946
11.885,0.54231
12.504,0.53261
11.955,0.54052
11.634,0.55128
12.59,0.53028
11.517,0.55293
12.114,0.53948
12.164,0.53755
12.063,0.53918
12.003,0.54049
11.672,0.54488
11.751,0.54439
12.349,0.53329
11.702,0.54477
11.88,0.54145
12.095,0.53824
12.431,0.53319
12.877,0.52355
12.808,0.5243
11.96,0.54045
12.054,0.5383
12.161,0.53593
12.087,0.53814
11.964,0.54011
12.403,0.53
12.424,0.52981
12.351,0.53062
12.355,0.53061
11.825,0.54209
12.044,0.53694
11.654,0.54488
11.401,0.55049
11.993,0.53744
12.607,0.5269
12.901,0.52002
11.145,0.55591
11.509,0.54748
12.329,0.53137
12.449,0.52893
11.55,0.54546
11.76,0.54002
11.924,0.53885
12.433,0.52766
11.047,0.55523
11.495,0.5444
11.458,0.54513
11.541,0.54254
11.306,0.54801
11.048,0.55317
11.278,0.54836
10.654,0.56274
11.09,0.55113
11.179,0.54887
10.925,0.55514
8.7501,0.61037
11.321,0.54582
11.359,0.54436
11.708,0.53596
11.409,0.54253
12.004,0.52955
12.356,0.52167
11.352,0.54364
11.3,0.54267
11.556,0.53732
10.894,0.55129
11.136,0.54497
10.774,0.55257
10.755,0.55381
10.298,0.56254
10.114,0.56748
10.786,0.55206
10.346,0.56074
11.052,0.54396
10.245,0.56181
10.103,0.56525
10.175,0.5646
10.574,0.55444
10.473,0.55624
10.258,0.56023
10.368,0.55778
10.632,0.55042
10.571,0.5514
10.734,0.548
10.78,0.54542
10.704,0.54704
10.773,0.54584
10.705,0.54708
10.069,0.56251
10.253,0.55702
9.9748,0.56231
10.281,0.55435
10.666,0.54324
10.457,0.54818
10.743,0.5418
10.089,0.55663
10.678,0.54318
10.279,0.55194
10.24,0.55044
10.13,0.55436
9.1165,0.57909
9.6275,0.56434
9.6466,0.56527
9.7312,0.55966
9.6172,0.56342
9.9323,0.55461
9.5509,0.56268
9.793,0.55559
9.6048,0.56032
9.2597,0.56874
9.4301,0.56273
9.1448,0.57057
9.7635,0.55317
9.6262,0.55595
9.5119,0.5582
9.6194,0.55541
9.7302,0.55393
9.3571,0.56076
8.9787,0.57057
9.0653,0.56551
8.9694,0.56721
8.8991,0.57095
8.9861,0.56768
8.9701,0.56803
8.7944,0.57214
8.9746,0.5658
8.7451,0.57179
8.8319,0.5674
8.4655,0.57682
8.5345,0.57434
8.201,0.58406
8.1739,0.58321
8.3831,0.57674
8.5984,0.57231
8.335,0.57889
8.4784,0.57348
8.5757,0.57017
8.6992,0.56602
8.7247,0.56437
8.5967,0.56779
8.1722,0.57814
7.9968,0.58271
8.2307,0.57521
7.9656,0.58311
7.8871,0.58549
7.7468,0.58899
7.6638,0.59105
8.1344,0.57733
8.2788,0.57156
8.0398,0.57841
8.3855,0.56674
8.0619,0.5763
7.5939,0.59005
7.8041,0.58275
7.5464,0.59222
7.5035,0.59268
7.6504,0.5863
7.8779,0.57748
7.4998,0.59048
7.3316,0.59537
7.4061,0.59143
7.4648,0.59033
7.3966,0.59131
7.1902,0.59836
6.8565,0.60641
7.4215,0.5876
6.9659,0.60292
6.8978,0.60442
6.6748,0.61187
6.8186,0.60667
6.9888,0.60025
7.2936,0.58859
6.8119,0.60515
7.1852,0.59059
6.8942,0.60078
7.2636,0.58852
6.8332,0.60261
6.5889,0.60936
6.6448,0.60671
7.2867,0.58665
7.0701,0.59265
6.8144,0.60011
6.5052,0.60924
6.6204,0.60416
6.9298,0.59318
6.5582,0.60713
6.7104,0.60013
6.7758,0.5964
6.3055,0.61499
6.8098,0.59458
6.4915,0.6064
6.7193,0.59624
6.6295,0.59975
6.4179,0.60734
6.0053,0.62077
6.159,0.61654
6.1491,0.61568
6.3737,0.60626
6.3942,0.60473
6.4043,0.60376
5.7986,0.6274
5.9309,0.61769
5.7037,0.62988
6.4715,0.59835
6.2213,0.60615
6.1884,0.60675
6.1376,0.61008
6.0765,0.61164
5.9248,0.61502
5.9654,0.61452
5.8131,0.61919
5.7165,0.62457
5.8586,0.61729
6.013,0.60765
6.0427,0.60735
6.0316,0.60742
5.5757,0.62425
5.876,0.61183
6.0541,0.60659
5.7383,0.61698
5.8423,0.61213
5.9017,0.60797
5.8345,0.61008
5.6404,0.61852
5.6658,0.61462
5.6801,0.61606
5.5317,0.6188
5.6072,0.61684
5.672,0.61207
5.6751,0.61213
5.902,0.60096
5.5673,0.61431
5.6394,0.61034
5.5258,0.61546
5.3738,0.62141
5.4072,0.61936
5.0287,0.63834
5.2464,0.62346
4.8547,0.6431
4.8764,0.64107
5.0626,0.63152
4.987,0.63361
5.2411,0.6211
5.2542,0.62332
5.1748,0.6265
5.348,0.61803
5.3135,0.61897
4.6905,0.64788
4.8099,0.64014
5.0499,0.62675
5.1423,0.62235
4.6916,0.64353
4.7724,0.63954
5.0575,0.62586
5.1587,0.61955
4.5976,0.64819
4.9601,0.62819
5.0104,0.62468
4.6985,0.63931
4.6499,0.6412
4.9605,0.62801
4.5493,0.64778
4.5997,0.64415
4.602,0.6433
4.7651,0.63368
4.5617,0.64316
4.5782,0.64181
4.3532,0.65421
4.4706,0.64658
4.3716,0.65254
4.3782,0.65155
4.3812,0.64953
4.8023,0.62751
4.798,0.62582
4.5625,0.63822
4.2193,0.65358
4.0559,0.66522
4.5109,0.63772
4.1698,0.65629
4.2775,0.6509
4.1562,0.6572
4.6844,0.62655
4.3368,0.64485
3.9059,0.66911
5.2115,0.60255
4.5864,0.6352
4.1118,0.65568
4.1676,0.65406
4.1393,0.65478
3.8263,0.67144
3.9685,0.66279
4.1588,0.64775
4.2459,0.64291
3.7506,0.67423
3.9028,0.6651
4.0243,0.65538
3.8892,0.66375
4.4666,0.6323
4.1546,0.64938
4.057,0.65264
4.0268,0.65339
4.0881,0.64855
3.8299,0.66476
3.7143,0.67047
3.7403,0.66891
3.5648,0.68006
3.8485,0.65851
4.1608,0.64166
4.4747,0.62691
4.0551,0.64513
4.1991,0.63696
4.0401,0.64582
3.9175,0.65157
4.0336,0.64352
4.1872,0.63304
3.8379,0.65242
4.1175,0.63636
4.154,0.63379
3.9529,0.64708
3.9972,0.63991
4.0435,0.63829
4.0839,0.63575
4.0265,0.63979
4.1453,0.6325
4.061,0.6361
3.9545,0.641
3.8753,0.64631
3.68,0.66036
3.8069,0.65092
4.1727,0.6332
3.9621,0.64511
3.9067,0.6454
3.9777,0.64034
3.8514,0.6484
3.8478,0.64701
3.9271,0.64129
3.8004,0.64994
3.9051,0.64225
3.8556,0.6439
3.8587,0.64292
3.5403,0.66794
3.7319,0.65148
3.7718,0.6497
3.7508,0.64876
3.8373,0.6463
4.8313,0.5677
3.6908,0.65235
3.5879,0.65953
3.5955,0.65838
3.7245,0.64943
5.406,0.51994
3.701,0.65052
3.7404,0.6474
3.6188,0.65764
3.5374,0.66371
3.6747,0.65061
3.0107,0.70228
3.4714,0.66631
3.4024,0.6745
3.2852,0.68264
3.4595,0.66931
3.458,0.66527
3.2471,0.68208
3.5527,0.66193
3.284,0.68206
3.1954,0.68606
3.5449,0.66096
3.5662,0.66155
3.5685,0.6618
3.2998,0.67955
3.4353,0.66636
3.2842,0.67931
3.46,0.66705
3.4824,0.66528
3.5327,0.66103
3.3324,0.67767
3.174,0.68817
3.4022,0.67018
3.4054,0.67058
3.4613,0.66628
3.6937,0.6507
3.6026,0.65717
3.514,0.66468
3.5653,0.65846
4.0859,0.6157
3.7364,0.64908
3.6487,0.65343
3.6996,0.64927
3.6127,0.6555
3.5095,0.66431
3.6716,0.65173
3.5205,0.66214
3.1032,0.69217
3.443,0.6686
2.9681,0.70392
3.348,0.67152
3.4351,0.66502
3.4464,0.66504
3.4459,0.66493
3.422,0.66398
3.3162,0.67352
3.3998,0.66589
3.3691,0.66775
3.3057,0.67679
3.4028,0.66652
3.4673,0.66427
3.2239,0.67957
3.271,0.67591
3.3154,0.67253
3.3893,0.66691
3.3432,0.67173
3.3293,0.67326
3.4373,0.66529
3.1702,0.68111
3.2647,0.67792
3.4869,0.66064
3.3494,0.66966
3.3084,0.67312
3.0443,0.69145
3.2224,0.67796
3.4193,0.66339
2.9975,0.69884
3.2721,0.67489
3.083,0.69054
2.8759,0.70911
3.294,0.67161
3.303,0.67232
3.3422,0.66959
3.057,0.69427
3.4291,0.66446
3.4051,0.66549
3.3414,0.67128
3.6365,0.63219
3.2533,0.67793
3.5448,0.65093
3.2638,0.67708
2.9746,0.70129
3.2415,0.67704
3.3798,0.66718
3.1885,0.68223
3.2362,0.67539
4.1155,0.59542
3.3392,0.66705
3.1528,0.68254
3.1035,0.68708
3.0937,0.68541
3.2933,0.67009
3.3001,0.66927
3.2704,0.67175
3.2967,0.6703
3.3016,0.67088
3.2707,0.67329
2.9087,0.7044
3.0789,0.69138
3.1915,0.6796
2.9258,0.70591
3.2903,0.67403
3.2478,0.67621
3.2184,0.67708
3.2562,0.6763
3.1786,0.68138
3.2347,0.67618
3.4377,0.65652
3.211,0.67628
3.7797,0.64672
2.9484,0.70139
3.1018,0.68808
3.1527,0.68436
2.9168,0.70158
3.1427,0.68139
2.9997,0.69537
3.0519,0.69082
3.2516,0.67383
2.946,0.69909
2.7892,0.71292
3.1447,0.68186
3.0158,0.69312
3.0153,0.69515
2.6238,0.72771
3.4723,0.64738
3.1214,0.68207
2.6123,0.72874
2.6754,0.72164
3.3049,0.66865
3.2242,0.67481
3.2907,0.66904
3.2884,0.66818
3.3054,0.66843
3.0495,0.68557
2.8862,0.70301
3.0318,0.69068
3.3551,0.66638
3.3505,0.66785
3.1577,0.67843
2.9697,0.69544
3.412,0.66281
3.479,0.65674
3.2011,0.6744
3.0434,0.69073
3.1478,0.68382
2.9848,0.68841
2.8571,0.70256
2.8286,0.70864
3.0331,0.69195
3.0144,0.69298
2.9416,0.69762
2.9663,0.6955
3.3896,0.65691
3.1373,0.68027
3.2922,0.66866
3.2294,0.67277
2.9558,0.69566
3.5125,0.63565
3.0544,0.68848
3.4562,0.65106
3.0058,0.69285
3.1339,0.68145
3.1777,0.67652
3.067,0.68852
3.3104,0.66829
3.1641,0.6766
2.9115,0.69931
3.2464,0.67202
3.0579,0.6878
3.1283,0.68192
3.0451,0.68647
3.4959,0.63437
3.0789,0.68337
2.9619,0.69388
2.9702,0.69288
3.067,0.68548
3.0254,0.68826
3.0161,0.68887
3.0492,0.68512
2.6829,0.71747
2.7739,0.70697
3.1331,0.67821
3.2516,0.67068
3.123,0.68034
3.4968,0.65356
3.1147,0.68119
2.8792,0.70076
2.7346,0.71272
3.1765,0.67761
2.9734,0.69246
2.859,0.70148
2.9356,0.69368
3.0023,0.68852
2.9832,0.69077
2.8437,0.70319
2.9863,0.68956
2.9183,0.69595
2.8775,0.70132
2.8242,0.70474
3.0008,0.68983
2.9484,0.69252
3.0224,0.68664
2.974,0.69356
2.6856,0.71659
2.8698,0.70198
2.9111,0.69776
3.4186,0.65538
2.9543,0.6922
3.0336,0.68352
2.9966,0.69032
3.2389,0.66352
3.0723,0.681
3.2386,0.66588
3.2597,0.66438
3.1582,0.67562
3.166,0.67538
3.2031,0.6717
2.9426,0.69324
3.8969,0.60385
2.9907,0.69119
2.8301,0.70643
3.9754,0.60163
2.752,0.70973
3.2306,0.66757
3.2637,0.66766
3.2812,0.66517
3.1162,0.67768
3.2614,0.66664
3.0295,0.68312
2.9632,0.68992
3.0972,0.6758
2.8454,0.70154
2.7623,0.70929
2.9735,0.68842
2.901,0.69392
2.9462,0.69032
3.4277,0.65403
2.7806,0.70861
2.993,0.68825
3.2616,0.66611
3.743,0.61631
3.2388,0.6672
3.8371,0.6183
3.1856,0.67198
3.2462,0.66591
3.3587,0.65784
3.4207,0.65166
3.2166,0.66794
3.1231,0.67688
3.1212,0.67718
3.1759,0.67298
3.15,0.67429
3.1591,0.67382
2.6376,0.71882
2.8806,0.69724
2.8472,0.69949
2.8533,0.69512
2.7177,0.70932
2.8803,0.69773
2.7753,0.7061
2.8584,0.69769
3.2777,0.6626
3.2881,0.66059
3.3624,0.66052
3.3514,0.66154
4.8525,0.53329
3.1193,0.6792
3.1511,0.67484
3.9582,0.60232
3.0219,0.68474
3.2422,0.66762
3.2959,0.66401
3.1753,0.67511
3.1305,0.67678
3.1935,0.66935
2.8212,0.7014
3.0533,0.68345
4.1484,0.58474
3.3381,0.65782
2.507,0.73033
3.1835,0.66679
3.4236,0.65255
3.1475,0.673
2.8255,0.70099
2.7863,0.70349
2.9813,0.68592
3.4444,0.64072
3.0891,0.67477
2.9879,0.68587
3.0232,0.68401
3.3618,0.64813
3.1971,0.66934
3.1126,0.67903
2.909,0.69323
3.0899,0.68059
3.1076,0.68158
2.7767,0.70779
3.19,0.67457
3.2547,0.66415
2.9289,0.68941
3.0197,0.68315
3.2758,0.66521
3.2516,0.66845
3.1877,0.67305
3.1451,0.67499
2.9336,0.69109
2.8528,0.70025
3.1146,0.67664
3.0686,0.68145
3.9057,0.60065
3.3544,0.66292
3.3234,0.66347
2.932,0.68979
3.2336,0.66728
3.2742,0.66014
3.321,0.65934
2.9824,0.68658
2.9474,0.68948
3.125,0.67368
3.1389,0.67404
3.0911,0.68044
3.1284,0.67321
2.9098,0.69072
3.1317,0.6731
3.3002,0.66196
2.8183,0.70089
2.8918,0.69575
3.2359,0.66982
3.0176,0.68061
2.9399,0.68902
2.9593,0.68849
2.897,0.69291
2.9691,0.68521
2.8165,0.69956
2.9092,0.69972
3.0005,0.68665
3.3716,0.6466
3.2605,0.6651
2.8507,0.69676
3.054,0.68192
3.2933,0.66527
3.534,0.62467
3.1377,0.67326
3.1129,0.67416
2.8673,0.69602
3.2107,0.66992
2.9059,0.695
3.1146,0.67716
3.1022,0.67723
3.0814,0.6787
3.3763,0.65519
3.0532,0.6835
3.1894,0.67135
4.0415,0.59311
3.2967,0.65864
3.2882,0.66138
3.0863,0.67846
3.4397,0.65103
3.8656,0.60793
3.2332,0.66511
3.178,0.66958
3.4886,0.64517
3.0938,0.67847
5.0863,0.54595
3.2084,0.67
4.012,0.60284
3.4248,0.65359
2.8475,0.69699
3.1075,0.67359
3.5111,0.64988
4.1481,0.58162
3.3167,0.66009
2.9902,0.68523
3.1987,0.66953
3.394,0.65469
3.422,0.65138
3.3143,0.65885
3.4492,0.64978
3.5667,0.64347
3.3727,0.65668
3.414,0.65214
3.5091,0.64739
4.2212,0.58347
3.7001,0.63433
3.097,0.67967
2.9499,0.68693
3.0948,0.66886
3.0125,0.67634
4.467,0.58989
3.1085,0.67334
2.7946,0.70354
2.9204,0.68653
2.9786,0.68318
2.8128,0.69855
3.7037,0.612
2.8705,0.69614
2.7159,0.70725
3.4763,0.63361
3.1939,0.66782
3.519,0.63395
3.2554,0.66263
3.2061,0.6684
3.0591,0.67758
3.4169,0.6529
3.9314,0.5977
3.3159,0.66039
3.0939,0.67698
3.2497,0.66343
3.1398,0.67608
3.5557,0.64434
3.0495,0.67988
3.098,0.67631
3.3222,0.65812
3.3179,0.65963
3.4115,0.65067
3.0574,0.67714
3.4597,0.6471
3.4362,0.6463
3.3316,0.65944
3.3511,0.65422
3.1163,0.67221
2.8251,0.69885
3.4738,0.6497
3.2741,0.66423
3.5009,0.64876
3.3022,0.66224
3.2511,0.66314
3.2941,0.65846
2.9959,0.68514
2.8284,0.69786
3.1088,0.67104
3.0508,0.67964
3.2959,0.66137
2.9934,0.68442
3.2161,0.66448
2.9585,0.68735
3.1243,0.67385
3.299,0.66091
3.186,0.66939
3.2724,0.66418
3.2099,0.66776
3.2177,0.66882
3.5769,0.63678
3.4762,0.64709
3.5132,0.64716
2.9266,0.68996
2.9477,0.6862
2.875,0.69105
2.8409,0.69569
2.7738,0.70172
2.8933,0.69169
3.1219,0.67073
2.5448,0.72325
3.0243,0.68034
3.0416,0.67999
2.9137,0.68844
3.0961,0.67452
2.545,0.72538
3.0014,0.68207
3.2008,0.66603
3.1238,0.67173
3.0947,0.67358
3.156,0.67078
3.3407,0.65756
2.9601,0.68744
3.3474,0.64955
3.1997,0.66825
3.0694,0.67675
3.1459,0.66859
3.1307,0.67449
3.4321,0.65344
3.0773,0.67836
3.0415,0.67742
3.1619,0.66796
3.0882,0.67695
3.154,0.67247
3.023,0.68244
3.1823,0.66607
3.1278,0.67173
3.0742,0.67666
3.1964,0.66608
2.9645,0.6835
3.0535,0.67482
3.1755,0.66703
3.1578,0.66862
3.0582,0.67539
3.1162,0.67038
3.0929,0.67327
2.5706,0.71869
3.3142,0.65899
2.6247,0.71475
3.1771,0.66573
3.1694,0.66512
3.331,0.65602
3.1455,0.67171
3.0409,0.68068
3.1658,0.6692
3.4095,0.651
3.3938,0.65181
3.1814,0.66941
2.783,0.70154
3.2151,0.66631
3.2111,0.66557
3.4218,0.65264
3.1764,0.66823
3.3125,0.6574
3.3243,0.65588
3.3194,0.656
3.163,0.66587
3.3874,0.65422
3.4014,0.65116
3.3417,0.65718
3.0983,0.67347
3.2933,0.66048
3.1576,0.66914
3.2716,0.6566
3.0944,0.67028
2.8094,0.69867
2.8071,0.6987
3.2212,0.66514
3.1987,0.66427
3.2185,0.66152
3.2405,0.65981
3.2118,0.66322
3.2753,0.6587
3.1809,0.66793
3.1291,0.67207
3.1289,0.67165
3.3376,0.65483
3.1222,0.66478
3.0742,0.67393
3.0867,0.67519
2.8899,0.68856
3.1458,0.66729
2.9505,0.68381
3.2861,0.65718
2.1122,0.76951
3.3578,0.65018
3.2401,0.65935
3.0895,0.67405
3.225,0.66344
3.0212,0.67876
3.1656,0.66545
3.3183,0.65067
3.1518,0.66844
3.277,0.65768
3.3061,0.65694
3.1803,0.6656
3.2095,0.66397
2.9841,0.68074
3.06,0.67582
2.577,0.71817
3.2399,0.66205
3.2569,0.65962
3.163,0.66782
3.2662,0.65926
3.3238,0.65511
3.3354,0.65465
3.3762,0.65362
3.2023,0.66365
2.9559,0.68284
3.1848,0.66727
2.972,0.6822
2.8382,0.692
2.9757,0.67877
3.4516,0.64538
2.3556,0.73825
2.967,0.68347
2.8709,0.69188
2.8399,0.69327
3.0556,0.67562
3.035,0.67418
2.8964,0.6891
3.0138,0.67919
3.1065,0.67232
3.0526,0.67634
3.1355,0.6708
3.149,0.66751
3.2044,0.66363
3.1908,0.66562
3.0849,0.67421
3.462,0.63587
3.205,0.66159
3.0707,0.67224
3.3594,0.65035
3.3647,0.65005
3.3496,0.65118
3.1477,0.66903
3.2396,0.66054
3.1588,0.66845
3.1045,0.67244
3.0973,0.67336
3.2894,0.65431
3.3524,0.65212
3.1442,0.66964
3.1743,0.66763
3.1745,0.66528
3.4239,0.64835
2.5556,0.71877
3.1827,0.6651
2.5323,0.72104
3.3205,0.65256
3.383,0.64959
3.0161,0.67966
3.3759,0.64752
3.227,0.66247
3.0915,0.6685
2.9121,0.68875
3.1029,0.67197
3.2373,0.66057
3.3503,0.65416
2.9515,0.68399
3.1441,0.66809
3.1409,0.6669
3.1563,0.66611
3.066,0.67406
3.2023,0.66197
3.2339,0.66002
3.1392,0.66668
3.1192,0.668
3.0322,0.67551
3.0933,0.67038
3.3007,0.65424
3.0452,0.67544
2.727,0.70184
3.2982,0.6552
3.2177,0.66153
3.1572,0.66817
3.1107,0.67213
3.1935,0.66325
3.1852,0.66215
3.0451,0.67565
3.1404,0.66647
3.211,0.66067
3.151,0.66544
3.085,0.66987
3.2055,0.65936
2.7621,0.69923
2.9185,0.68481
3.1475,0.66958
3.0401,0.675
3.5186,0.63438
2.8653,0.68829
3.1464,0.66709
3.1916,0.66271
3.1279,0.66819
3.1527,0.66628
3.2251,0.66075
3.2566,0.65714
3.3044,0.65471
3.206,0.66319
3.1239,0.66953
3.0718,0.67226
3.3042,0.65368
3.2076,0.6611
2.9991,0.68053
3.2178,0.66155
3.119,0.66673
3.1193,0.66656
3.0945,0.66852
3.4899,0.64014
3.4359,0.64183
3.0227,0.67626
3.1919,0.66217
3.2267,0.65869
3.22,0.66038
3.1828,0.66265
3.0779,0.67195
3.1448,0.66812
3.3607,0.65051
3.2483,0.65702
3.2318,0.65879
2.8008,0.69625
3.2038,0.66322
3.4221,0.6456
3.1142,0.66649
3.0389,0.67183
3.0234,0.67421
4.244,0.56522
3.0368,0.67312
3.156,0.66348
2.784,0.69659
2.8572,0.6907
3.1066,0.67037
2.8093,0.69387
3.3041,0.654
3.054,0.67246
3.1449,0.6651
3.2144,0.65785
3.0946,0.66803
3.4077,0.63783
3.2886,0.65336
3.3015,0.64971
3.2272,0.65676
3.2089,0.65937
3.0072,0.67454
3.1027,0.66782
3.7964,0.61673
3.2098,0.6619
3.2206,0.66063
3.3853,0.64812
3.3837,0.64802
3.6141,0.63072
3.3283,0.65082
3.3088,0.65323
3.3902,0.64692
3.4528,0.64183
3.6941,0.62195
3.6392,0.62634
3.5686,0.63507
3.2794,0.65345
3.2342,0.65631
3.2353,0.65637
3.292,0.65213
3.349,0.64929
2.6566,0.70736
2.6382,0.70798
3.6352,0.62493
2.6317,0.70842
2.7489,0.69838
3.3446,0.64835
3.1006,0.66595
3.1568,0.66115
3.0893,0.66794
2.8115,0.69367
3.1418,0.66305
3.139,0.66336
3.1118,0.66563
3.2115,0.65826
3.2238,0.65694
3.0473,0.6694
3.0144,0.67315
3.1057,0.66523
3.2357,0.6561
3.1761,0.66028
3.0361,0.67389
3.2745,0.65462
3.2905,0.65267
3.1948,0.65943
3.2519,0.65646
3.2467,0.65736
3.2288,0.65783
3.277,0.65265
3.3311,0.64897
3.2703,0.65295
3.0722,0.66898
3.0336,0.67235
3.2247,0.65788
3.1176,0.66279
3.2009,0.65773
3.2182,0.65742
3.277,0.65335
3.1133,0.66537
3.1922,0.65775
3.1083,0.66504
3.2028,0.65884
4.0106,0.58829
3.4431,0.64193
3.5654,0.63155
3.3846,0.64715
3.526,0.63645
4.0066,0.59102
3.6173,0.62865
3.2975,0.65213
3.4326,0.64171
3.3572,0.64622
3.1279,0.66445
3.389,0.64654
3.3594,0.64746
3.0704,0.66946
3.42,0.64393
3.3802,0.6467
3.3343,0.64934
3.3189,0.64854
3.4145,0.6433
3.4265,0.64301
3.5187,0.6346
4.102,0.59682
3.2965,0.65202
4.0747,0.60006
3.9151,0.61213
3.3934,0.64344
2.8684,0.68913
3.4754,0.64121
3.2339,0.65887
3.4044,0.64515
3.4303,0.64248
3.5995,0.63015
3.1468,0.6638
3.3064,0.6511
3.2145,0.65924
3.3714,0.64542
3.3967,0.64561
3.2022,0.65634
3.5147,0.63424
3.5386,0.63172
3.2597,0.65444
2.8729,0.68277
3.9232,0.59244
3.3161,0.65259
3.0087,0.6744
1.8418,0.78906
3.2283,0.65779
3.3351,0.64878
3.2769,0.65288
3.3583,0.64981
3.0666,0.67118
3.0297,0.67348
3.4817,0.63933
3.4542,0.64104
3.5321,0.63541
3.2726,0.65272
3.5853,0.62945
3.8998,0.5997
3.464,0.63756
3.6102,0.62797
3.1485,0.66329
2.917,0.68004
3.0977,0.66604
2.9776,0.67707
3.4924,0.63362
2.4355,0.73004
3.3595,0.64842
4.1955,0.5981
4.3357,0.59148
3.7152,0.62104
4.4379,0.58591
4.0992,0.60551
3.5299,0.63534
3.4978,0.63609
2.8549,0.68691
3.2522,0.65587
3.0685,0.66667
3.0165,0.67134
3.2625,0.65335
3.0403,0.67021
3.56,0.62741
3.4503,0.64121
3.0795,0.66635
3.0613,0.66916
3.1162,0.66332
3.3667,0.64515
3.144,0.66469
3.4201,0.64254
3.3337,0.64735
3.2476,0.65179
3.4662,0.63718
3.5466,0.63266
3.4883,0.63659
3.2468,0.65223
3.6625,0.623
3.4403,0.63794
3.4931,0.63511
3.4427,0.63623
3.5232,0.63154
3.6023,0.62662
3.6128,0.62691
3.6619,0.6255
3.2753,0.65577
3.6716,0.6221
3.558,0.62914
3.3599,0.64517
3.4818,0.63696
3.2967,0.65111
3.6865,0.61959
2.7648,0.69325
3.6284,0.62599
3.4951,0.6356
3.323,0.64925
3.5648,0.63063
3.6731,0.62262
3.8251,0.61318
3.0176,0.67275
3.0644,0.66756
3.3966,0.64425
3.6186,0.62614
3.1603,0.66099
3.3442,0.64992
3.4223,0.64284
3.0118,0.67302
3.2375,0.64613
3.6807,0.62021
3.4998,0.63403
3.7867,0.6134
4.3941,0.58406
3.5816,0.62698
3.5374,0.63135
3.6635,0.62351
3.5766,0.628
2.9622,0.67306
3.0572,0.66526
3.2131,0.65454
3.0907,0.66181
3.2808,0.64782
3.1881,0.65718
3.0593,0.66898
3.104,0.6639
3.2592,0.64869
3.1482,0.65647
3.2639,0.65055
3.1554,0.65951
3.0718,0.66434
2.7911,0.68755
2.9799,0.67011
2.7311,0.69544
2.8999,0.67927
3.0129,0.66799
3.0043,0.6676
3.9983,0.57651
3.1447,0.65858
2.9233,0.67808
3.0803,0.6637
3.006,0.67032
2.8158,0.68342
3.2562,0.65202
3.0474,0.66748
2.9082,0.67736
3.3667,0.64166
3.4959,0.63216
3.4604,0.63374
3.2032,0.65345
2.8822,0.67829
3.1548,0.65848
3.4458,0.63402
3.2453,0.64839
2.8406,0.67828
3.3299,0.61973
2.5054,0.70914
2.9744,0.66827
2.4364,0.71712
3.2201,0.65083
2.8957,0.67718
3.1555,0.65614
3.2423,0.64635
2.5111,0.70799
3.0978,0.65856
3.1616,0.63361
3.177,0.65385
3.2745,0.6452
3.0404,0.66408
3.087,0.65845
3.2535,0.64427
3.1294,0.65686
3.2359,0.64729
3.7074,0.59762
3.2755,0.64402
3.19,0.65178
3.1672,0.65441
3.2641,0.64563
3.9757,0.58153
3.4962,0.62532
3.3366,0.63886
3.533,0.62309
3.4163,0.63041
3.3219,0.63973
3.497,0.62762
3.2058,0.6488
3.1594,0.65194
3.3502,0.63683
3.2567,0.64665
3.225,0.65101
2.6971,0.68971
3.6385,0.61429
3.3388,0.63806
3.9198,0.60805
3.3452,0.63687
3.3783,0.63125
2.9707,0.66247
3.2775,0.63876
3.2626,0.63945
3.1936,0.64536
3.282,0.63789
2.8241,0.67635
3.3021,0.63517
3.4021,0.62925
3.2869,0.63619
2.826,0.67493
2.8796,0.66896
2.5993,0.69766
3.1235,0.65098
2.5862,0.69572
3.2857,0.63147
3.2804,0.63671
3.3131,0.63509
3.4238,0.62468
3.7134,0.58889
2.9575,0.66284
3.353,0.62978
3.0008,0.65787
3.2179,0.64223
3.1674,0.64767
2.9874,0.66132
3.1253,0.6488
3.1436,0.646
3.0977,0.65325
3.0872,0.65266
3.0739,0.64962
2.6863,0.67851
2.5299,0.7004
2.5829,0.6955
2.5895,0.69502
2.707,0.68281
3.0551,0.65391
3.1541,0.64399
2.8761,0.66586
3.0803,0.65173
2.9836,0.66054
3.1181,0.64759
3.1894,0.64199
3.0161,0.65029
2.9254,0.65985
2.8145,0.6657
3.0687,0.64593
2.8131,0.66439
3.0883,0.6445
2.9437,0.65947
3.2383,0.63164
3.1302,0.63874
3.0094,0.64949
2.984,0.65097
4.0199,0.55521
3.0047,0.65175
2.8663,0.66419
2.866,0.66322
2.9987,0.65274
3.0206,0.64802
3.0699,0.64391
3.069,0.64389
3.1049,0.64347
3.5902,0.60592
3.2743,0.62904
3.0845,0.64278
3.6401,0.60057
3.4792,0.61602
3.6301,0.60133
2.7918,0.66639
3.0376,0.63948
3.0897,0.64226
3.0277,0.63149
2.7936,0.66494
2.7652,0.66744
3.0015,0.64498
3.0007,0.64495
2.4971,0.69061
2.8413,0.65945
3.0558,0.63861
3.4386,0.59993
2.8706,0.65675
2.9573,0.6503
2.8249,0.65922
3.0887,0.63707
3.0683,0.63774
2.9582,0.647
2.909,0.64656
3.0349,0.64191
3.0443,0.64388
2.9911,0.64621
3.1244,0.63476
4.7388,0.49405
3.3965,0.61085
3.188,0.62894
3.3905,0.61017
3.3228,0.61883
2.8333,0.65139
3.3027,0.61549
2.9904,0.64437
3.7881,0.56485
3.0956,0.63308
2.9584,0.6444
3.3913,0.58222
3.3434,0.60841
3.1526,0.62838
3.1119,0.63046
2.7401,0.66192
3.0029,0.6393
3.3555,0.61178
3.9147,0.55377
2.9835,0.64051
3.0013,0.64073
3.1019,0.63019
3.0071,0.63907
4.1121,0.57218
2.9004,0.64286
4.1489,0.57188
2.7541,0.66179
2.8909,0.64275
4.1721,0.56634
3.3332,0.61276
4.4774,0.54768
2.9293,0.63637
3.0899,0.60947
3.1473,0.62402
3.4107,0.60416
2.7175,0.65702
2.8762,0.64051
3.0171,0.62964
2.8815,0.64571
3.0593,0.63031
2.8556,0.64922
2.8496,0.64696
3.4549,0.5818
2.9167,0.64362
2.9614,0.63952
2.9719,0.63846
2.9419,0.64019
2.9763,0.63169
2.6886,0.6484
2.8959,0.63626
2.8611,0.64042
3.2512,0.6099
3.1018,0.62204
3.2303,0.60164
3.2663,0.61494
3.2141,0.62002
2.4851,0.66847
2.7383,0.64544
2.9669,0.63716
4.5541,0.52745
3.946,0.56339
3.0675,0.62484
2.9585,0.63141
2.7772,0.64794
2.8323,0.64264
2.7914,0.64793
3.2336,0.60989
3.9951,0.54004
2.6922,0.65555
3.5081,0.58883
2.9373,0.63201
3.1665,0.61472
3.3117,0.60541
3.3945,0.59699
2.9946,0.62711
3.0417,0.62283
3.5472,0.57656
3.5057,0.58003
3.4805,0.5848
3.432,0.59218
3.2227,0.60236
3.041,0.61488
3.0303,0.61536
2.8726,0.6252
2.7296,0.6261
3.157,0.60405
3.0849,0.62399
4.0864,0.53593
3.1507,0.61864
3.0957,0.619
3.198,0.61006
3.0398,0.62938
2.8319,0.6487
2.8398,0.64439
4.0769,0.52796
3.8331,0.5537
3.2622,0.60672
3.3145,0.60146
3.2005,0.61053
3.1644,0.61106
3.5323,0.58102
3.1531,0.61459
2.9261,0.63345
2.9787,0.62613
3.3319,0.59669
2.9118,0.62914
2.9672,0.62397
3.0573,0.61952
4.7296,0.50938
3.8216,0.54229
2.7679,0.64411
2.835,0.64023
2.7184,0.65054
4.6344,0.47401
3.1652,0.60396
2.729,0.641
2.9727,0.61837
2.9834,0.62015
2.7144,0.64851
2.7911,0.63716
3.0709,0.60541
2.6965,0.63809
2.8763,0.6238
2.8113,0.63449
2.9596,0.61323
3.2919,0.58664
2.9004,0.62052
2.8944,0.62154
2.7035,0.64035
2.9886,0.61553
2.5325,0.66236
2.3473,0.65209
3.4347,0.5761
2.8241,0.62831
3.3934,0.58551
3.1236,0.60328
2.9956,0.6139
4.1863,0.49817
2.9342,0.61937
2.9766,0.61732
3.9487,0.51782
3.5175,0.55442
2.6216,0.65249
2.9404,0.61881
3.0533,0.60463
3.5419,0.57145
3.0221,0.60844
3.1387,0.59768
3.358,0.56959
3.1659,0.59462
2.8446,0.62078
2.6776,0.63869
3.2865,0.58862
2.8904,0.61723
3.1201,0.59533
2.964,0.6083
3.1348,0.59949
3.3501,0.58056
3.0308,0.60314
3.1349,0.59594
3.3218,0.58232
3.0927,0.60164
3.8531,0.53215
3.0747,0.59956
2.8412,0.62118
3.2589,0.58379
2.9459,0.6102
3.9801,0.53992
3.9545,0.50697
3.2977,0.57905
3.0019,0.60611
3.0546,0.60095
3.0749,0.59191
3.1043,0.59307
2.89,0.61032
2.8364,0.61218
2.7722,0.62565
2.9389,0.60625
2.9234,0.60641
3.0373,0.60586
3.0346,0.59572
2.9732,0.60285
2.9055,0.60556
3.2049,0.57838
2.8879,0.61653
2.6496,0.62743
2.8571,0.60806
2.7016,0.62179
2.5157,0.64495
2.6558,0.62733
2.8921,0.60241
2.9365,0.6037
3.3881,0.56789
3.5467,0.53181
2.7812,0.61685
3.2513,0.57976
2.8958,0.61164
3.0461,0.59796
2.9132,0.60543
3.4405,0.55807
3.1165,0.58816
2.9756,0.60409
3.0754,0.59323
2.8022,0.60887
3.1485,0.583
3.029,0.59582
2.7208,0.6233
2.9937,0.59517
2.6544,0.61324
3.0133,0.59526
2.5495,0.62562
3.3165,0.57294
2.6809,0.61153
3.4398,0.54668
2.8985,0.61046
3.6945,0.5478
3.0989,0.58912
3.1724,0.58688
3.4506,0.5576
2.9689,0.60473
3.0809,0.59423
2.864,0.61217
2.7856,0.61818
2.912,0.60787
2.7406,0.62059
3.2118,0.58463
2.8445,0.61083
3.0223,0.60199
2.458,0.63221
3.1513,0.56195
2.9337,0.60033
3.0803,0.59308
2.7894,0.60759
2.9447,0.60318
4.3531,0.48156
2.9756,0.5982
3.0489,0.59346
2.9811,0.59838
4.0534,0.53369
3.0068,0.59993
3.1161,0.58974
3.2282,0.58329
3.5796,0.53035
3.444,0.55628
3.1923,0.57874
3.126,0.58185
3.0518,0.59124
45.436,-0.23781
3.6863,0.5473
3.3507,0.5716
3.8588,0.52215
3.839,0.52266
3.773,0.53982
3.1262,0.58562
3.0838,0.58216
3.4744,0.55584
3.5302,0.56214
3.01,0.59051
3.291,0.56812
3.5418,0.55356
3.0965,0.59259
3.2246,0.57671
3.4295,0.56213
3.4119,0.56421
4.1887,0.48371
2.6411,0.63223
4.1002,0.50065
3.0873,0.57685
3.6988,0.54082
2.8939,0.60495
3.1922,0.58201
3.2441,0.57695
2.8223,0.61826
3.267,0.58359
3.2621,0.58115
3.1623,0.58701
2.4605,0.63794
3.534,0.55281
3.1227,0.58474
2.6306,0.61344
3.5669,0.55341
2.9358,0.59248
3.2843,0.57618
2.6846,0.61483
3.2704,0.57665
3.7852,0.52812
3.5601,0.55613
4.3983,0.50212
5.3054,0.42798
3.9676,0.52426
4.0016,0.52694
3.9143,0.52832
3.9455,0.53163
4.2429,0.51179
2.8011,0.60393
2.9866,0.59475
2.4985,0.63292
2.8729,0.60774
3.2247,0.57677
3.4621,0.54929
2.933,0.60335
47.232,-0.25969
3.2952,0.57487
2.9603,0.59957
3.2007,0.57759
3.41,0.54869
3.4876,0.54629
2.8643,0.60735
2.9746,0.59599
3.3072,0.56602
2.8881,0.60589
3.3683,0.56973
4.0487,0.52302
2.7817,0.60499
3.1225,0.58109
3.3102,0.56949
3.4238,0.55889
3.1858,0.57374
3.2532,0.57284
3.0165,0.59138
3.0976,0.58119
3.0073,0.58859
3.2797,0.56791
3.7877,0.55451
2.8145,0.6137
3.0239,0.5941
2.9584,0.60341
3.0846,0.58936
3.2295,0.57813
3.2426,0.5779
2.923,0.60615
2.9376,0.60024
3.6576,0.55754
2.9532,0.59842
3.7454,0.5513
1.8752,0.71191
3.5131,0.56476
2.802,0.6157
2.5449,0.62432
2.0076,0.69163
1.9289,0.70352
2.3847,0.64864
2.2102,0.67072
2.0794,0.67989
2.0296,0.6878
1.984,0.6934
2.0984,0.68222
2.8024,0.60726
2.6877,0.6175
2.5366,0.63589
2.607,0.63301
2.6036,0.63142
3.5799,0.52049
2.8239,0.60872
3.8292,0.50183
2.7349,0.61519
2.5579,0.63024
2.6233,0.632
2.7948,0.61501
3.0581,0.5919
2.8255,0.60898
2.6107,0.62269
2.1293,0.65768
2.7756,0.6173
2.9905,0.60003
3.1545,0.57962
2.5623,0.63508
2.6323,0.62924
2.8791,0.6105
3.1,0.59207
3.0348,0.59407
2.9621,0.5984
2.8603,0.60268
2.5915,0.63453
2.8331,0.60592
1.9316,0.70403
2.6267,0.62576
3.059,0.59183
2.9047,0.60302
2.7742,0.61489
2.9239,0.60215
2.9656,0.59916
2.8575,0.60933
2.4321,0.62901
2.438,0.63587
3.362,0.5682
3.207,0.58014
3.3953,0.56163
3.2784,0.57457
2.9496,0.59962
3.282,0.57059
3.4263,0.55961
3.2498,0.57664
3.237,0.57306
3.1253,0.58067
2.9755,0.58715
3.2192,0.57552
2.892,0.58335
2.7957,0.61698
3.0013,0.59236
3.0882,0.58818
2.8787,0.61016
3.2309,0.57669
2.4533,0.63384
2.3753,0.63562
3.0851,0.58867
2.8744,0.60874
2.7743,0.59914
3.2811,0.5765
3.2714,0.57667
2.3778,0.64931
2.5749,0.62565
2.5211,0.63352
2.7514,0.6099
4.0534,0.53583
2.7126,0.60368
2.3946,0.64421
4.348,0.5159
2.591,0.62207
3.0214,0.58933
2.7666,0.61437
2.4501,0.63569
3.1402,0.56759
2.8833,0.6064
2.6643,0.62831
2.3177,0.64725
2.906,0.60276
3.1948,0.54707
2.6679,0.62785
2.9293,0.58223
3.7687,0.55038
2.9413,0.59874
2.3035,0.6445
2.4358,0.63155
3.669,0.53591
2.859,0.59359
2.4781,0.64376
2.8157,0.61185
3.025,0.59304
3.0898,0.58774
2.9161,0.60152
2.6084,0.62559
2.8587,0.60231
2.9702,0.59947
3.2517,0.57284
3.1375,0.58408
3.2208,0.57345
2.4571,0.63357
2.4643,0.6331
2.4586,0.63645
2.3851,0.63808
2.4208,0.64423
2.5048,0.64355
2.9762,0.59662
0.95202,0.86069
2.9463,0.60378
2.7115,0.62497
2.7914,0.61836
2.828,0.61337
3.0909,0.59518
2.9803,0.59566
3.0437,0.59382
2.9222,0.60227
3.0223,0.59531
2.9808,0.60107
2.9306,0.60248
2.7377,0.61715
3.311,0.55989
2.3792,0.64446
2.3637,0.6565
2.5852,0.61906
2.2613,0.65984
2.2097,0.66288
3.8334,0.54823
3.376,0.56787
3.5648,0.51666
2.5572,0.62532
2.4035,0.6386
3.8282,0.51296
3.2772,0.5757
2.919,0.60687
2.9097,0.60472
3.301,0.57026
2.8101,0.6203
4.1821,0.49038
4.0801,0.50213
3.0094,0.59786
2.7377,0.62359
2.9102,0.6033
2.974,0.59753
2.8423,0.61127
2.8753,0.612
2.9871,0.60297
3.354,0.57286
3.3986,0.57113
4.19,0.49735
3.0729,0.59808
4.8229,0.44688
3.4728,0.56474
3.3828,0.57189
3.2047,0.58289
3.5928,0.55206
3.7152,0.54511
3.3523,0.57318
3.5023,0.55525
3.1147,0.59376
2.9145,0.613
2.672,0.62722
3.5662,0.55598
3.4808,0.5593
2.595,0.63262
3.4946,0.56233
3.6142,0.55646
3.012,0.60161
3.841,0.52424
3.6708,0.53397
2.8787,0.58806
2.6383,0.62054
2.6252,0.62046
3.39,0.54772
2.8147,0.61248
3.1396,0.54804
2.7539,0.61608
3.5153,0.53366
2.5922,0.63142
2.6929,0.60126
2.8024,0.609
3.376,0.54956
2.4344,0.64398
2.709,0.59738
2.3908,0.63063
2.9111,0.60087
2.4365,0.64164
2.3018,0.64669
2.3759,0.6475
2.0228,0.68767
2.3704,0.64817
3.3466,0.55114
2.2385,0.66393
2.7597,0.61531
3.0688,0.59354
2.6598,0.62093
4.4573,0.43921
2.5675,0.63506
3.2395,0.55864
3.0674,0.58331
2.738,0.62104
2.8253,0.60404
49.801,-0.29789
2.673,0.62807
3.5136,0.53623
2.2683,0.65962
2.5703,0.60094
3.1854,0.56021
4.1557,0.50271
3.0093,0.57414
3.2886,0.55185
2.4293,0.64008
2.5364,0.61287
2.6655,0.62155
2.4261,0.64597
2.482,0.6224
2.6929,0.60419
3.3877,0.57008
2.4986,0.64435
3.1785,0.57957
3.9725,0.50747
2.6131,0.63622
2.7489,0.62158
3.2849,0.55509
3.0203,0.58156
2.9883,0.5932
3.662,0.52016
3.0677,0.59274
3.0006,0.59113
3.7493,0.54187
3.4141,0.55789
4.1533,0.49315
3.3683,0.56083
3.7871,0.49991
3.0142,0.59221
2.5511,0.62887
2.9075,0.60249
3.0581,0.58724
3.0839,0.58623
2.9098,0.59452
2.8389,0.60903
2.5382,0.62592
2.2459,0.64861
2.8797,0.58822
2.4356,0.6345
3.9236,0.47459
2.156,0.66364
2.0991,0.67619
3.1273,0.57858
2.9785,0.59998
2.9301,0.60155
2.5998,0.63843
2.6262,0.62456
2.8511,0.61195
2.8258,0.61182
2.7305,0.62361
2.8557,0.60634
2.855,0.6112
2.6634,0.61927
2.4872,0.62378
2.7886,0.61658
2.8549,0.61005
2.7406,0.62188
2.8814,0.60633
2.9056,0.60462
2.9109,0.60822
3.0969,0.58475
3.0335,0.59388
2.9777,0.60077
2.7621,0.61776
2.851,0.60524
2.7915,0.61394
3.0131,0.58605
3.1079,0.57973
3.2002,0.57032
3.2751,0.56286
2.9247,0.60046
3.4779,0.56347
4.1668,0.50814
3.5271,0.5502
4.1505,0.49127
2.4514,0.65119
3.2144,0.58561
2.6718,0.62962
3.9294,0.53147
3.0218,0.59707
3.2719,0.57725
3.4731,0.55152
3.0179,0.60148
3.039,0.58641
3.0008,0.59112
2.792,0.61503
3.573,0.54727
3.1975,0.5725
2.844,0.60666
2.6266,0.62286
3.0956,0.58899
2.6765,0.62135
3.1018,0.58671
3.0285,0.58917
2.7918,0.61476
2.6554,0.62205
3.5019,0.53593
2.773,0.61193
2.6116,0.6289
2.7548,0.61877
2.9802,0.59039
2.2746,0.66451
3.4766,0.54367
2.6592,0.62464
2.7293,0.62169
3.1626,0.57107
2.5597,0.63667
2.9258,0.59741
2.7533,0.60728
2.7764,0.60835
2.8464,0.60329
2.6709,0.62894
3.5157,0.54363
2.7548,0.61672
3.1528,0.57546
3.0252,0.58838
4.0406,0.50106
2.783,0.61663
3.8378,0.54087
2.4942,0.64135
2.767,0.60906
3.3654,0.56607
2.1902,0.67883
3.0562,0.58663
3.847,0.52522
2.9972,0.60079
2.9973,0.59099
3.3729,0.56626
2.3601,0.65825
3.4016,0.56467
2.8014,0.61175
2.4807,0.64129
2.5655,0.63003
2.9312,0.60142
2.5962,0.63415
2.5628,0.63682
2.1894,0.65925
2.5717,0.63156
2.6916,0.62187
2.8222,0.61446
2.4511,0.64757
2.5546,0.63512
1.9152,0.69902
2.5862,0.63281
2.5791,0.63269
2.4711,0.64631
2.5705,0.63955
2.5381,0.6378
2.2766,0.67027
2.6026,0.63689
2.5652,0.63622
2.344,0.66899
3.1311,0.58874
2.4168,0.65582
2.4567,0.653
3.6786,0.54919
2.3417,0.65926
2.7416,0.61084
2.5216,0.64051
3.1307,0.58191
2.9893,0.59646
2.9994,0.60095
2.5706,0.63878
2.3191,0.66329
2.2222,0.67223
2.1851,0.6806
2.6192,0.63377
2.7244,0.62471
3.0177,0.566
2.9866,0.5946
2.933,0.59365
2.9601,0.59286
2.7671,0.61463
2.3234,0.66431
2.4836,0.64408
2.4904,0.64338
2.653,0.62887
2.4032,0.65594
2.8386,0.6046
3.0308,0.58686
3.3234,0.55831
3.344,0.55067
2.6329,0.63124
3.125,0.58625
4.1978,0.47634
2.9101,0.59148
2.5895,0.63339
2.8739,0.60346
2.5715,0.63677
2.5985,0.63319
2.9692,0.58835
2.5576,0.63515
2.8108,0.61045
2.4558,0.63905
2.7287,0.62061
3.6427,0.55415
3.1591,0.58784
3.6121,0.56866
3.6918,0.54604
4.4426,0.51516
3.4095,0.56873
3.7513,0.53518
2.426,0.64611
3.2755,0.55104
2.7372,0.61501
3.0319,0.59722
2.8728,0.61483
2.773,0.61708
2.7115,0.6215
2.5713,0.63411
2.6053,0.63209
2.5468,0.63814
2.9492,0.58478
2.5749,0.63608
3.1731,0.57339
2.6313,0.62714
3.1188,0.58295
2.4806,0.63688
2.8552,0.61309
2.2732,0.66438
2.6355,0.61786
2.7439,0.61681
2.2999,0.65875
2.3322,0.65357
2.6081,0.61921
2.7187,0.60476
2.9882,0.57606
3.1285,0.58367
2.8754,0.60748
3.1016,0.58789
2.7669,0.61647
2.9461,0.59893
2.9571,0.60052
2.9319,0.60108
2.9129,0.60004
3.047,0.59089
2.8489,0.6141
2.6007,0.63308
2.7664,0.61159
3.2223,0.5834
2.6812,0.63443
4.5786,0.46316
3.1535,0.58902
2.9944,0.59527
3.2163,0.58622
3.1008,0.58927
2.8683,0.61463
3.0872,0.59291
3.0973,0.59191
2.9928,0.59534
2.7024,0.63109
3.2662,0.53656
3.1105,0.59384
3.6661,0.54734
3.1863,0.58954
3.0896,0.56967
2.6914,0.61491
3.9668,0.51302
3.1611,0.58593
3.2869,0.57669
3.7094,0.52737
4.1814,0.49566
3.3405,0.57741
2.5652,0.63158
4.2213,0.44887
4.5952,0.47919
3.1105,0.58545
3.0836,0.58395
3.0081,0.57759
2.6451,0.62753
2.8778,0.59853
2.9192,0.58102
3.4202,0.54396
3.268,0.55613
3.7217,0.53908
2.3975,0.65112
3.1867,0.55805
2.7275,0.6218
2.5819,0.63486
2.6065,0.63471
2.6775,0.62604
3.014,0.59652
3.117,0.59514
2.6368,0.62724
2.5057,0.6451
3.2833,0.5747
2.6434,0.62881
2.7959,0.61282
2.54,0.63667
2.5996,0.63053
3.24,0.58383
2.8728,0.608
2.7347,0.61737
2.8682,0.60432
2.626,0.62938
2.8915,0.6077
2.5961,0.63042
5.7735,0.40445
2.4544,0.64926
2.8746,0.61431
2.9592,0.59379
3.3308,0.55197
2.6597,0.63014
3.0243,0.60155
3.093,0.59713
2.6028,0.63764
3.3817,0.57195
2.7883,0.61284
2.5268,0.6422
2.3106,0.66329
3.4503,0.57908
2.7035,0.61789
2.7238,0.60648
3.1086,0.59099
2.073,0.68728
2.2932,0.66758
2.697,0.61114
2.0937,0.67934
2.8473,0.60894
2,0.69543
3.5477,0.52164
2.179,0.66232
2.5823,0.6364
2.8723,0.61358
3.1422,0.59668
3.5907,0.53702
3.1239,0.58998
2.8425,0.61374
2.7899,0.61855
3.113,0.59057
2.9065,0.60602
3.6248,0.55115
5.3056,0.44082
2.8226,0.6153
2.8433,0.60738
2.9449,0.58535
3.5947,0.55036
3.3933,0.57315
3.5667,0.56143
3.0883,0.58663
3.5179,0.56018
2.7137,0.62093
2.7175,0.61853
2.5114,0.63966
2.5701,0.6365
2.9112,0.60194
2.365,0.64842
4.4497,0.47951
3.2689,0.58081
3.0555,0.59007
3.492,0.56648
2.6156,0.6251
2.6127,0.63163
2.4164,0.65234
2.3032,0.66624
2.6102,0.62877
2.4382,0.64784
2.4889,0.64699
2.5774,0.63781
2.8754,0.606
2.6513,0.62516
2.7234,0.62389
2.5672,0.63687
2.8909,0.60515
3.8986,0.53182
2.643,0.62585
2.5034,0.64221
2.7409,0.60817
2.7677,0.61471
2.8227,0.60855
3.0972,0.58648
2.5679,0.63836
2.639,0.62623
3.145,0.5863
3.2881,0.5745
2.4698,0.63715
3.058,0.60012
2.9293,0.61096
3.6773,0.55518
4.1792,0.49045
2.6803,0.63347
4.57,0.50317
2.7136,0.63177
3.2137,0.58358
2.9389,0.59876
3.9994,0.50991
3.5488,0.5569
2.8266,0.61446
2.7668,0.61291
3.6818,0.53667
3.5136,0.5638
1.8582,0.7096
2.359,0.63129
2.3367,0.65795
1.9692,0.70272
3.7954,0.54024
2.9559,0.60395
2.679,0.62276
3.1131,0.59312
2.6935,0.62363
3.5565,0.55985
3.1509,0.58583
3.512,0.56362
2.6772,0.62939
3.4708,0.5733
2.8711,0.61111
3.2731,0.57338
2.0762,0.68704
2.0187,0.69455
2.7058,0.60018
3.1002,0.56331
2.4131,0.64774
2.3044,0.66177
5.1034,0.42134
2.2186,0.66954
2.6732,0.61984
3.8421,0.5195
2.7248,0.60752
2.3168,0.66492
3.3349,0.53545
3.1394,0.57981
2.7214,0.62159
3.3799,0.5448
2.5203,0.63196
3.203,0.57663
2.5781,0.63419
2.5865,0.632
3.2623,0.58624
2.5734,0.63269
3.5734,0.55373
2.6459,0.62938
2.3838,0.6591
2.4326,0.64057
3.0604,0.59786
2.8926,0.58959
2.6918,0.61754
2.4672,0.64563
3.9962,0.51304
2.4704,0.648
3.4723,0.55672
2.5317,0.64219
3.6351,0.54948
2.7667,0.61483
2.9809,0.60174
3.3784,0.56893
2.4397,0.65984
3.2328,0.57987
2.7053,0.62315
2.9561,0.59356
2.5108,0.64469
2.8136,0.611
2.8242,0.61224
2.6535,0.62564
4.2289,0.50941
2.5391,0.6402
3.4682,0.56
2.631,0.62992
2.6686,0.62801
3.3971,0.56968
2.9323,0.59232
2.8552,0.61712
2.9816,0.59472
2.5673,0.63771
2.6938,0.61909
2.4319,0.64866
2.5149,0.64293
2.5363,0.63885
3.1081,0.5895
2.2879,0.66602
3.5608,0.55184
4.014,0.50841
3.0498,0.59219
3.1308,0.59004
3.0242,0.58998
2.3483,0.65629
2.5889,0.6312
2.4418,0.64782
2.4545,0.64787
2.5424,0.64299
3.7625,0.54838
2.5227,0.63962
2.9644,0.60243
2.887,0.60971
3.127,0.58977
2.7205,0.61734
2.988,0.59984
3.5539,0.56275
3.0305,0.59647
2.8669,0.61258
2.628,0.62611
2.6088,0.63049
2.8044,0.61223
2.934,0.60029
3.0823,0.5785
2.703,0.62866
2.895,0.60808
2.7555,0.61971
2.8183,0.61601
2.7251,0.62417
3.2804,0.58384
1.164,0.81587
2.8049,0.61483
2.5512,0.64338
2.3696,0.6559
2.122,0.69418
2.7325,0.62062
2.5901,0.63578
2.7325,0.62999
2.8946,0.61049
2.6479,0.62763
3.1695,0.58862
3.8062,0.53374
2.823,0.61734
2.6927,0.62477
2.6272,0.63207
2.6995,0.6264
3.1378,0.58419
3.2427,0.57909
2.6714,0.62888
2.4269,0.65498
2.6421,0.6313
2.924,0.60439
2.6849,0.62703
2.9899,0.59972
2.6098,0.63853
2.6958,0.62387
2.6483,0.63238
3.6651,0.55919
3.8407,0.5396
3.8642,0.53885
3.2093,0.58839
3.3918,0.56248
3.4202,0.56682
4.0379,0.50837
3.6544,0.53087
4.297,0.498
3.7178,0.54975
3.3316,0.54258
3.7638,0.51167
3.8122,0.53958
3.1207,0.57741
3.1126,0.58648
2.8429,0.61029
2.9558,0.59643
2.3083,0.64589
2.7052,0.62009
3.2444,0.56435
2.8153,0.56853
2.151,0.6658
2.255,0.65236
2.2444,0.65173
3.5579,0.53478
2.6919,0.62817
2.8065,0.61537
2.7467,0.62069
2.4577,0.65051
2.9351,0.60481
2.705,0.62418
3.5502,0.55956
2.6219,0.63338
2.5177,0.64166
2.6838,0.62692
2.6624,0.63056
3.4997,0.56301
3.1365,0.58639
3.1539,0.56905
3.7932,0.54886
3.6695,0.55863
3.2077,0.58296
3.6478,0.55656
3.9096,0.54154
3.2207,0.55966
2.6362,0.63365
3.7394,0.55305
3.7098,0.55814
2.596,0.6342
4.8178,0.49867
2.9842,0.60103
2.6085,0.633
3.5415,0.56329
4.3219,0.49641
3.8627,0.53416
3.0384,0.6042
4.0692,0.49963
2.9115,0.60544
2.9472,0.59
3.6917,0.5458
2.5494,0.63808
2.9771,0.58775
2.8109,0.61459
2.8684,0.61209
2.5579,0.63201
2.7426,0.61974
2.9311,0.60321
3.1532,0.57498
3.323,0.55901
2.7191,0.62453
2.9862,0.60167
2.9108,0.60665
3.9519,0.53307
3.6826,0.55879
3.1152,0.59682
3.6236,0.55406
2.8194,0.61598
4.1187,0.52258
2.9358,0.61123
3.2818,0.58162
2.9214,0.60849
3.7893,0.53263
3.3385,0.57681
3.4585,0.56593
2.8346,0.61886
2.888,0.60936
3.1066,0.59086
3.5514,0.56402
3.3815,0.57343
3.7784,0.54717
3.298,0.57785
3.0271,0.60609
3.425,0.56982
2.7899,0.62127
3.6233,0.55568
3.2974,0.58009
2.8681,0.6133
3.4612,0.56786
2.9127,0.60883
2.5874,0.62872
2.6883,0.62113
2.4326,0.64901
2.6426,0.63169
2.7667,0.6246
2.2716,0.66236
3.0061,0.59595
2.1768,0.67476
2.3309,0.65588
4.3809,0.48435
4.0773,0.54036
4.449,0.51973
3.6364,0.53906
3.7336,0.5405
3.0675,0.59983
3.2013,0.58983
4.2191,0.52969
3.7224,0.53825
3.7928,0.55994
3.9993,0.54457
3.8402,0.52007
3.062,0.60179
3.3384,0.56352
2.9491,0.60929
3.1719,0.58991
2.702,0.62499
2.7386,0.62817
2.8537,0.61269
3.0376,0.59084
3.1484,0.58908
3.3848,0.58589
2.7541,0.62626
2.6563,0.63504
5.567,0.40046
3.7829,0.52918
3.853,0.52562
3.3626,0.56137
4.2052,0.48903
3.2398,0.58483
4.3571,0.52094
3.5262,0.56462
3.6115,0.56482
4.5851,0.49604
2.7833,0.62587
4.2733,0.51097
3.2045,0.5897
3.0705,0.59992
2.9462,0.61326
2.7304,0.63461
2.6238,0.64746
3.0901,0.59905
2.9795,0.60898
3.0365,0.60511
2.9641,0.60948
3.4453,0.5488
2.8449,0.6178
3.2444,0.58387
2.5572,0.62433
3.5852,0.57204
3.0532,0.60266
3.6176,0.54084
2.8273,0.62682
2.7841,0.63433
3.5446,0.54606
2.8375,0.62239
2.7119,0.63452
3.7191,0.53787
3.6072,0.57759
2.9585,0.60658
2.8808,0.62078
3.0266,0.60433
2.8417,0.6204
3.0933,0.59158
2.6461,0.63966
2.852,0.6179
2.728,0.62844
3.1123,0.57763
2.7322,0.62101
2.3085,0.6802
3.1026,0.58553
2.6608,0.63731
3.6846,0.55985
4.3894,0.53196
3.5742,0.54519
3.8123,0.5555
3.3349,0.59807
3.1208,0.61692
3.6375,0.567
4.6995,0.48383
2.5324,0.65436
2.4204,0.66735
2.8747,0.61511
3.9712,0.52962
3.3363,0.56033
2.3945,0.65968
2.3831,0.66852
2.7423,0.62159
2.6034,0.64944
2.7796,0.63134
2.6346,0.63487
2.3065,0.67234
2.1709,0.69106
2.3701,0.67818
2.2187,0.68416
2.2405,0.68202
3.4048,0.56606
3.3132,0.57503
2.5353,0.65487
2.5305,0.64204
3.452,0.58173
3.6774,0.56843
3.4958,0.58239
3.0388,0.62197
2.3263,0.67557
3.441,0.58414
4.0669,0.52559
3.1121,0.61484
2.6991,0.64632
3.863,0.56712
3.1647,0.60483
4.171,0.54682
2.4368,0.663
3.95,0.5663
3.7732,0.57458
4.2497,0.53891
3.0548,0.61241
3.0212,0.6175
2.7516,0.63665
3.6886,0.57613
3.7136,0.54133
2.835,0.62039
2.576,0.64728
4.2479,0.49901
2.65,0.64831
2.3043,0.66483
2.3276,0.66109
3.0263,0.61665
2.3153,0.68993
2.3619,0.68276
2.5051,0.6649
2.463,0.66908
3.7004,0.53926
2.9447,0.61245
3.255,0.58761
2.6723,0.64253
2.3905,0.67034
2.9577,0.5992
2.5433,0.66073
2.691,0.63855
2.8799,0.61151
2.6752,0.64953
3.3865,0.56785
3.7172,0.53452
2.9795,0.62233
2.5304,0.64396
2.2957,0.65732
2.9293,0.62282
2.6974,0.64766
3.4878,0.56089
2.6359,0.65078
2.5856,0.65295
2.5589,0.65471
3.1543,0.58677
2.6854,0.64474
2.936,0.61124
2.8395,0.62907
2.7685,0.63907
2.6852,0.64997
2.4891,0.67043
2.8122,0.63959
2.7157,0.6499
2.6875,0.65365
2.5645,0.66675
2.6567,0.65711
2.6853,0.65333
2.5997,0.66079
2.7582,0.64777
2.3068,0.66911
2.2116,0.7013
2.3162,0.68191
2.7737,0.62741
2.5855,0.6553
2.3027,0.684
2.3647,0.68172
2.7392,0.65103
3.8252,0.51176
2.6865,0.65025
2.9344,0.63212
2.3695,0.68713
2.5487,0.66542
6.8688,0.40829
3.7525,0.56652
2.4451,0.67846
3.1988,0.5839
3.2152,0.59105
2.525,0.66437
3.4561,0.58195
2.8026,0.63541
3.1573,0.59193
2.9146,0.62484
2.9876,0.61427
3.0392,0.61651
3.4827,0.57903
2.7409,0.64215
3.1239,0.60134
2.9678,0.61298
2.9875,0.6198
2.8737,0.63649
3.0934,0.6046
2.5398,0.67159
3.7271,0.57257
3.9413,0.55929
4.0581,0.5495
2.9661,0.62242
2.5188,0.67151
2.8736,0.63156
3.3099,0.59138
2.8589,0.63634
2.6473,0.65038
3.0458,0.61208
2.3363,0.69289
2.265,0.7032
2.4434,0.69079
2.5468,0.67388
2.5712,0.66781
2.4267,0.6913
2.6208,0.66779
2.5513,0.67279
2.6023,0.66537
2.5831,0.67203
2.7902,0.64924
2.9807,0.62889
3.2191,0.59832
2.7013,0.653
3.0217,0.62703
2.6855,0.65892
2.8925,0.63467
3.2187,0.60003
4.2305,0.53845
4.104,0.53662
2.9212,0.62905
2.2943,0.70032
2.4216,0.68671
2.8759,0.6322
2.3836,0.69039
2.3983,0.69037
2.907,0.62844
3.2425,0.59459
3.0087,0.61531
3.6539,0.56332
2.979,0.62993
2.4144,0.68676
2.6769,0.66289
2.4226,0.69279
3.5264,0.57374
2.2549,0.68112
2.5896,0.67661
2.9958,0.6314
3.1844,0.60509
2.7844,0.62288
2.4717,0.6834
4.9088,0.50462
3.5486,0.57699
3.1717,0.59785
2.9016,0.63022
2.9163,0.64295
3.9662,0.56935
2.9549,0.62998
3.0371,0.62463
3.2678,0.5909
3.5135,0.5759
3.5902,0.57531
3.4659,0.58471
4.5267,0.49529
3.538,0.56231
2.8849,0.63293
2.9037,0.63171
2.9183,0.62633
2.6113,0.65179
3.0518,0.62018
3.2188,0.60354
3.1423,0.60878
3.2508,0.59903
2.5129,0.65598
2.5717,0.65596
4.1469,0.53755
2.8578,0.64311
2.7936,0.6515
2.7335,0.66194
2.5645,0.67975
2.7956,0.65392
2.5638,0.67846
2.5102,0.67747
2.6412,0.67231
3.0576,0.62651
2.8815,0.64516
3.0489,0.63058
3.1609,0.59793
3.5078,0.58167
2.5725,0.66968
2.6987,0.65094
2.543,0.67804
2.7105,0.66133
2.8039,0.64804
2.447,0.68567
2.5609,0.66891
2.5767,0.66721
2.379,0.69848
2.5719,0.68141
3.5169,0.58204
2.6306,0.6712
2.7501,0.65416
3.2104,0.61006
2.6703,0.66649
2.6303,0.67434
2.9813,0.63769
2.7339,0.66596
2.4501,0.69113
2.5495,0.68083
3.3819,0.59268
2.6988,0.6682
3.1834,0.605
2.9936,0.63201
2.9377,0.63909
2.7626,0.66097
2.8728,0.65158
2.9383,0.64207
3.0148,0.63313
2.7265,0.66137
2.7307,0.66335
3.0924,0.62405
2.911,0.64207
3.7516,0.59338
3.1729,0.63901
2.8635,0.64686
2.5681,0.67908
2.9543,0.6389
2.7894,0.66224
2.8941,0.64891
2.7658,0.65945
2.6267,0.67333
3.6617,0.60208
2.6595,0.67264
2.4834,0.68778
3.1074,0.62517
3.0528,0.62955
2.9101,0.64679
2.7874,0.65861
2.8597,0.65205
3.0459,0.63071
2.778,0.65717
2.7943,0.65161
2.9464,0.63631
2.7081,0.66375
2.9847,0.63241
2.4217,0.68225
2.722,0.6609
2.8562,0.64729
2.7433,0.65665
2.8833,0.6448
3.0452,0.63778
3.3727,0.60711
3.2732,0.61117
2.9605,0.64196
2.8249,0.65866
3.1159,0.63142
3.1128,0.62831
3.3864,0.60438
3.0516,0.63852
2.5506,0.68103
2.2218,0.70881
2.4126,0.68886
3.3627,0.62203
3.849,0.58233
2.6742,0.67078
3.4236,0.61498
3.2934,0.62472
3.8138,0.5794
3.445,0.61699
2.4985,0.68815
3.8709,0.57647
3.3326,0.60155
3.9387,0.54525
3.3633,0.60111
3.3321,0.59902
3.116,0.62314
3.0312,0.62637
2.8895,0.63898
3.198,0.60822
3.0635,0.62644
3.4716,0.58957
3.0003,0.63888
3.6199,0.58613
2.896,0.65008
3.0441,0.63616
2.8182,0.65776
2.61,0.67959
3.2829,0.6048
2.9049,0.64947
2.6187,0.67212
2.7676,0.66394
2.6757,0.67138
2.7675,0.66212
2.9859,0.63567
3.0473,0.63751
3.1993,0.62942
2.9434,0.64876
2.9969,0.63612
3.6488,0.58557
3.3606,0.6096
2.9327,0.63728
3.812,0.56891
3.9025,0.58505
3.2291,0.61394
3.7532,0.58686
2.8914,0.64788
3.2373,0.61689
3.2836,0.6106
3.314,0.60833
3.3562,0.60269
3.2104,0.61539
3.214,0.61387
2.7701,0.66413
2.9086,0.64814
2.8219,0.65885
2.6814,0.67475
2.8415,0.65668
2.6718,0.6725
3.2153,0.61185
2.6741,0.67335
2.83,0.65801
2.74,0.66467
2.8592,0.65559
2.6956,0.66931
2.7138,0.66482
3.0578,0.62893
2.6572,0.67449
2.7381,0.66704
3.2062,0.61833
3.1178,0.62781
2.7641,0.66403
3.0944,0.63888
3.1219,0.63344
2.8128,0.65086
2.9084,0.64601
2.879,0.65423
2.7986,0.66009
2.5282,0.68999
3.1677,0.63135
3.0994,0.64149
2.7903,0.66345
2.9935,0.64298
3.5158,0.59416
3.3975,0.61184
2.9571,0.63952
3.6757,0.58686
3.1986,0.62897
3.0025,0.63861
3.292,0.6162
3.2452,0.61605
3.4749,0.59664
2.8193,0.65899
3.0111,0.63838
4.1363,0.56964
3.4997,0.59853
3.1727,0.59826
3.8797,0.56326
3.0686,0.62678
3.3696,0.6051
3.5947,0.58631
2.7814,0.66533
2.891,0.65317
3.2509,0.61428
2.989,0.64283
2.7086,0.66619
3.3061,0.61326
3.2219,0.61721
3.7256,0.56602
5.4933,0.44491
4.0963,0.54392
2.7539,0.6618
2.8286,0.65264
3.2616,0.59707
2.471,0.6915
2.8859,0.645
2.7248,0.6697
2.8814,0.65058
2.928,0.63725
2.4093,0.70338
3.6119,0.58177
2.6968,0.67457
3.2346,0.61636
3.0782,0.6285
3.0991,0.6308
2.7869,0.66663
2.663,0.67594
3.2689,0.60849
2.8959,0.6515
2.8911,0.65012
3.437,0.59924
3.2982,0.60665
3.4419,0.59831
3.0416,0.63845
3.1162,0.63342
3.0127,0.6334
2.8647,0.65529
2.9207,0.65711
3.1981,0.62429
3.7399,0.57576
3.535,0.5996
3.4935,0.59894
3.4399,0.60386
3.828,0.57151
3.0463,0.64569
3.3777,0.60708
2.9124,0.64977
3.3203,0.60924
3.6461,0.57999
3.4837,0.59521
3.6784,0.58124
3.1333,0.62699
2.8994,0.65268
3.0561,0.63414
2.6095,0.67157
2.7546,0.66945
2.779,0.6421
3.7196,0.60423
3.2823,0.61038
3.1145,0.63487
3.1696,0.62365
3.3363,0.61505
3.0602,0.64046
3.3083,0.61743
3.2098,0.62828
2.9789,0.64216
2.8877,0.65438
2.936,0.6505
2.9613,0.64197
3.0426,0.64296
2.7641,0.6676
2.8637,0.65563
2.5663,0.6871
2.7879,0.66688
2.7999,0.66823
2.5546,0.69201
2.7165,0.67246
2.7474,0.66855
2.8285,0.66534
2.8933,0.65178
3.7635,0.5801
3.5418,0.59871
3.1509,0.62928
3.1096,0.62883
3.0855,0.63493
2.9238,0.64949
3.2208,0.62232
2.9844,0.64639
2.8045,0.65884
3.0268,0.64257
2.9782,0.64377
2.8913,0.6546
2.3789,0.70445
2.3004,0.7082
2.7052,0.66604
3.5311,0.61452
2.6712,0.68051
2.8966,0.65845
3.1268,0.63245
3.0711,0.6396
2.6557,0.67806
3.324,0.61613
2.6825,0.67935
2.6468,0.68401
3.6786,0.5844
3.2457,0.60052
2.941,0.63457
3.4331,0.59968
2.9557,0.63176
3.8957,0.56596
3.2383,0.59719
